# Time,Median,Upper Error,Lower Error
1.865726419925689697e+03,-3.624859999999999749e-01,-1.667859999999999898e-01,-6.197420000000000151e-01
2.176862705945968628e+03,-4.104909999999999948e-01,-2.127249999999999974e-01,-6.484450000000000491e-01
2.332430863916873932e+03,-3.313710000000000266e-01,-1.225300000000000000e-01,-5.609089999999999909e-01
2.351876864969730377e+03,-3.707779999999999965e-01,-1.696340000000000070e-01,-5.936749999999999527e-01
2.439383939504623413e+03,-4.032470000000000221e-01,-2.097549999999999970e-01,-6.161670000000000202e-01
2.487998991966247559e+03,-4.328750000000000098e-01,-2.469590000000000118e-01,-6.383849999999999802e-01
2.546337035059928894e+03,-3.669789999999999996e-01,-1.763470000000000037e-01,-5.708569999999999478e-01
2.650049130320549011e+03,-3.946839999999999793e-01,-2.147280000000000022e-01,-5.931840000000000446e-01
2.659772130846977234e+03,-4.196880000000000055e-01,-2.494959999999999956e-01,-6.157719999999999860e-01
2.698664162814617157e+03,-4.421169999999999822e-01,-2.783869999999999956e-01,-6.340510000000000312e-01
2.724592174232006073e+03,-4.636270000000000113e-01,-3.034270000000000023e-01,-6.470620000000000260e-01
2.773207206785678864e+03,-4.830240000000000089e-01,-3.269079999999999764e-01,-6.609150000000000302e-01
2.792653237760066986e+03,-4.292139999999999844e-01,-2.640700000000000269e-01,-6.035169999999999702e-01
2.867196301579475403e+03,-4.490970000000000240e-01,-2.969789999999999930e-01,-6.268219999999999903e-01
2.902847313463687897e+03,-4.644789999999999752e-01,-3.128929999999999767e-01,-6.323689999999999589e-01
2.961185366392135620e+03,-4.822580000000000200e-01,-3.382609999999999784e-01,-6.494109999999999605e-01
3.502432784318923950e+03,-4.136909999999999754e-01,-2.641680000000000139e-01,-5.869159999999999933e-01
3.521878795444965363e+03,-4.822580000000000200e-01,-3.382609999999999784e-01,-6.494109999999999605e-01
3.580216828465461731e+03,-4.833560000000000079e-01,-3.393829999999999902e-01,-6.496560000000000112e-01
3.583457848548889160e+03,-5.506109999999999616e-01,-4.145760000000000001e-01,-7.097860000000000280e-01
3.641795891642570496e+03,-5.506109999999999616e-01,-4.145760000000000001e-01,-7.097860000000000280e-01
3.709856975018978119e+03,-5.534109999999999863e-01,-4.130770000000000275e-01,-7.100530000000000452e-01
3.768195008099079132e+03,-5.534109999999999863e-01,-4.130770000000000275e-01,-7.100530000000000452e-01
3.849220092236995697e+03,-5.534109999999999863e-01,-4.130770000000000275e-01,-7.100530000000000452e-01
3.988583199381828308e+03,-5.552089999999999526e-01,-4.123029999999999751e-01,-7.106569999999999832e-01
3.991824189603328705e+03,-4.870889999999999942e-01,-3.396379999999999955e-01,-6.487420000000000408e-01
4.085813254475593567e+03,-4.870889999999999942e-01,-3.396379999999999955e-01,-6.487420000000000408e-01
4.215453351140022278e+03,-4.861130000000000173e-01,-3.390710000000000113e-01,-6.494109999999999605e-01
4.393708470344543457e+03,-4.861130000000000173e-01,-3.390710000000000113e-01,-6.494109999999999605e-01
4.821520722448825836e+03,-5.514029999999999765e-01,-4.124900000000000233e-01,-7.112119999999999553e-01
4.954401799380779266e+03,-5.488220000000000320e-01,-4.130770000000000275e-01,-7.088330000000000464e-01
5.093764906406402588e+03,-5.461780000000000523e-01,-4.127399999999999958e-01,-7.096930000000000183e-01
5.109969917297363281e+03,-5.461780000000000523e-01,-4.127399999999999958e-01,-7.096930000000000183e-01
5.268778995573520660e+03,-5.398889999999999523e-01,-4.013929999999999998e-01,-6.907750000000000279e-01
5.369250050723552704e+03,-6.049980000000000357e-01,-4.731879999999999975e-01,-7.482210000000000250e-01
5.388696071684360504e+03,-6.058139999999999636e-01,-4.732799999999999785e-01,-7.485230000000000494e-01
5.482685126602649689e+03,-5.405159999999999965e-01,-4.082680000000000198e-01,-6.974599999999999689e-01
5.592879192292690277e+03,-4.790829999999999811e-01,-3.477239999999999776e-01,-6.565490000000000492e-01
5.647976235091686249e+03,-5.464970000000000105e-01,-4.167850000000000166e-01,-7.106179999999999719e-01
5.712796278536319733e+03,-5.464970000000000105e-01,-4.167850000000000166e-01,-7.106179999999999719e-01
5.926702449500560760e+03,-4.790829999999999811e-01,-3.477239999999999776e-01,-6.565490000000000492e-01
5.936425450026988983e+03,-4.790039999999999853e-01,-3.472540000000000071e-01,-6.566870000000000207e-01
5.998004503250122070e+03,-4.138709999999999889e-01,-2.602530000000000121e-01,-5.828999999999999737e-01
6.101716588497161865e+03,-4.138709999999999889e-01,-2.602530000000000121e-01,-5.828999999999999737e-01
6.195705653369426727e+03,-4.790829999999999811e-01,-3.477239999999999776e-01,-6.565490000000000492e-01
6.354514771521091461e+03,-4.124479999999999813e-01,-2.641680000000000139e-01,-5.812140000000000084e-01
6.581384913265705109e+03,-3.503609999999999780e-01,-1.857620000000000104e-01,-5.152280000000000193e-01
6.623517935514450073e+03,-3.503609999999999780e-01,-1.857620000000000104e-01,-5.152280000000000193e-01
6.775845063328742981e+03,-4.158100000000000129e-01,-2.531050000000000244e-01,-5.778900000000000148e-01
7.122632351219654083e+03,-4.158100000000000129e-01,-2.531050000000000244e-01,-5.778900000000000148e-01
7.216621416032314301e+03,-4.158100000000000129e-01,-2.531050000000000244e-01,-5.778900000000000148e-01
7.242549427449703217e+03,-4.158100000000000129e-01,-2.531050000000000244e-01,-5.778900000000000148e-01
7.271718458950519562e+03,-4.158100000000000129e-01,-2.531050000000000244e-01,-5.778900000000000148e-01
7.278200469255447388e+03,-4.817350000000000243e-01,-3.354130000000000167e-01,-6.448610000000000175e-01
7.411081566154956818e+03,-4.817350000000000243e-01,-3.354130000000000167e-01,-6.448610000000000175e-01
7.543962662994861603e+03,-4.817350000000000243e-01,-3.354130000000000167e-01,-6.448610000000000175e-01
7.553685663521289825e+03,-4.158100000000000129e-01,-2.531050000000000244e-01,-5.778900000000000148e-01
7.663879769146442413e+03,-4.817420000000000035e-01,-3.478870000000000018e-01,-6.566870000000000207e-01
7.764350834310054779e+03,-4.817420000000000035e-01,-3.478870000000000018e-01,-6.566870000000000207e-01
7.845375878572463989e+03,-4.177049999999999930e-01,-2.627140000000000031e-01,-5.844260000000000010e-01
7.952328964054584503e+03,-4.177049999999999930e-01,-2.627140000000000031e-01,-5.844260000000000010e-01
7.997702996373176575e+03,-4.177049999999999930e-01,-2.627140000000000031e-01,-5.844260000000000010e-01
8.088451031148433685e+03,-4.177049999999999930e-01,-2.627140000000000031e-01,-5.844260000000000010e-01
8.120861072719097137e+03,-4.884290000000000020e-01,-3.344770000000000243e-01,-6.469340000000000090e-01
8.198645126760005951e+03,-4.902699999999999836e-01,-3.435460000000000180e-01,-6.547460000000000502e-01
8.201886116981506348e+03,-4.902699999999999836e-01,-3.435460000000000180e-01,-6.547460000000000502e-01
8.208368117332458496e+03,-4.930599999999999983e-01,-3.419530000000000070e-01,-6.551259999999999861e-01
8.299116191923618317e+03,-4.289270000000000027e-01,-2.832169999999999965e-01,-6.086380000000000123e-01
8.328285213410854340e+03,-4.289270000000000027e-01,-2.832169999999999965e-01,-6.086380000000000123e-01
8.341249214172363281e+03,-4.957570000000000032e-01,-3.405340000000000034e-01,-6.548349999999999449e-01
8.389864266574382782e+03,-4.948009999999999908e-01,-3.574499999999999900e-01,-6.726739999999999942e-01
8.428756268739700317e+03,-4.948009999999999908e-01,-3.574499999999999900e-01,-6.726739999999999942e-01
8.525986363708972931e+03,-5.650410000000000155e-01,-4.404080000000000217e-01,-7.420780000000000154e-01
8.555155365288257599e+03,-4.980029999999999735e-01,-3.574499999999999900e-01,-6.725410000000000554e-01
8.710723513245582581e+03,-4.948009999999999908e-01,-3.574499999999999900e-01,-6.726739999999999942e-01
8.739892544686794281e+03,-4.320269999999999944e-01,-2.833309999999999995e-01,-6.088759999999999728e-01
8.950557695567607880e+03,-4.320269999999999944e-01,-2.833309999999999995e-01,-6.088759999999999728e-01
9.034823749959468842e+03,-4.330590000000000273e-01,-2.935220000000000051e-01,-6.192800000000000527e-01
9.180668827533721924e+03,-4.978179999999999827e-01,-3.573560000000000070e-01,-6.731070000000000109e-01
9.297344933450222015e+03,-4.978179999999999827e-01,-3.573560000000000070e-01,-6.731070000000000109e-01
9.371887997269630432e+03,-4.978179999999999827e-01,-3.573560000000000070e-01,-6.731070000000000109e-01
9.543661126136779785e+03,-4.952619999999999800e-01,-3.607929999999999748e-01,-6.740310000000000468e-01
9.793218329071998596e+03,-4.952619999999999800e-01,-3.607929999999999748e-01,-6.740310000000000468e-01
9.887207403957843781e+03,-4.952619999999999800e-01,-3.607929999999999748e-01,-6.740310000000000468e-01
1.029557374501228333e+04,-4.306780000000000053e-01,-2.863620000000000054e-01,-6.106530000000000014e-01
1.089191816580295563e+04,-3.635900000000000243e-01,-2.192999999999999949e-01,-5.515999999999999792e-01
1.096646121960878372e+04,-2.974350000000000049e-01,-1.564820000000000100e-01,-4.991430000000000033e-01
1.106045028448104858e+04,-2.974350000000000049e-01,-1.564820000000000100e-01,-4.991430000000000033e-01
1.110258330667018890e+04,-3.602520000000000167e-01,-2.192999999999999949e-01,-5.515999999999999792e-01
1.112202932763099670e+04,-3.635900000000000243e-01,-2.192999999999999949e-01,-5.515999999999999792e-01
1.149474462693929672e+04,-3.635900000000000243e-01,-2.192999999999999949e-01,-5.515999999999999792e-01
1.153363665890693665e+04,-3.635900000000000243e-01,-2.192999999999999949e-01,-5.515999999999999792e-01
1.154335965949296951e+04,-2.974350000000000049e-01,-1.564820000000000100e-01,-4.991430000000000033e-01
1.157901069122552872e+04,-2.974350000000000049e-01,-1.564820000000000100e-01,-4.991430000000000033e-01
1.164383073461055756e+04,-2.974350000000000049e-01,-1.564820000000000100e-01,-4.991430000000000033e-01
1.167948176646232605e+04,-2.919209999999999861e-01,-1.562540000000000040e-01,-4.982710000000000194e-01
1.192903893935680389e+04,-2.255830000000000057e-01,-7.300600000000000145e-02,-4.204950000000000077e-01
1.193876195973157883e+04,-2.255830000000000057e-01,-7.300600000000000145e-02,-4.204950000000000077e-01
1.201330499362945557e+04,-1.593960000000000099e-01,-1.124999999999999958e-02,-3.636220000000000008e-01
1.209757104802131653e+04,-1.559490000000000043e-01,-9.157999999999999474e-03,-3.608660000000000201e-01
1.210405305832624435e+04,-1.559490000000000043e-01,-9.157999999999999474e-03,-3.608660000000000201e-01
1.224017515540122986e+04,-1.599710000000000021e-01,-1.162400000000000065e-02,-3.645639999999999992e-01
1.234712825089693069e+04,-1.552109999999999879e-01,1.533499999999999967e-02,-3.389989999999999948e-01
1.258048044300079346e+04,-1.552109999999999879e-01,1.533499999999999967e-02,-3.389989999999999948e-01
1.261937247502803802e+04,-1.554379999999999928e-01,1.533499999999999967e-02,-3.383140000000000036e-01
1.284624268662929535e+04,-1.554379999999999928e-01,1.533499999999999967e-02,-3.383140000000000036e-01
1.288837570887804031e+04,-2.202580000000000093e-01,-6.433300000000000129e-02,-4.134900000000000242e-01
1.289161672896146774e+04,-2.185620000000000063e-01,-5.623899999999999733e-02,-4.012129999999999863e-01
1.295967778247594833e+04,-2.182179999999999953e-01,-4.867699999999999805e-02,-3.931569999999999787e-01
1.299532880437374115e+04,-2.182179999999999953e-01,-4.867699999999999805e-02,-3.931569999999999787e-01
1.307635385859012604e+04,-2.182179999999999953e-01,-4.867699999999999805e-02,-3.931569999999999787e-01
1.309904089969396591e+04,-1.534030000000000116e-01,1.257999999999999917e-02,-3.370389999999999775e-01
1.330322404021024704e+04,-1.534030000000000116e-01,1.257999999999999917e-02,-3.370389999999999775e-01
1.360463725578784943e+04,-9.215900000000000480e-02,6.333700000000000441e-02,-2.865880000000000094e-01
1.361436025631427765e+04,-9.215900000000000480e-02,6.333700000000000441e-02,-2.865880000000000094e-01
1.361760124653577805e+04,-2.509400000000000172e-02,1.293640000000000068e-01,-2.202479999999999993e-01
1.363380628728866577e+04,-8.698100000000000276e-02,6.622799999999999521e-02,-2.850860000000000061e-01
1.376020535385608673e+04,-1.514719999999999955e-01,3.405000000000000041e-03,-3.450730000000000186e-01
1.391253248167037964e+04,-2.162179999999999935e-01,-6.151000000000000217e-02,-4.075989999999999891e-01
1.401300355684757233e+04,-1.514719999999999955e-01,3.405000000000000041e-03,-3.450730000000000186e-01
1.424635574889183044e+04,-1.514719999999999955e-01,3.405000000000000041e-03,-3.450730000000000186e-01
1.431765780264139175e+04,-1.527350000000000096e-01,3.534999999999999948e-03,-3.440190000000000192e-01
1.436303183495998383e+04,-1.527350000000000096e-01,3.534999999999999948e-03,-3.440190000000000192e-01
1.469685507220029831e+04,-2.182179999999999953e-01,-4.867699999999999805e-02,-3.931569999999999787e-01
1.474222910451889038e+04,-2.819989999999999997e-01,-1.236840000000000023e-01,-4.596799999999999775e-01
1.474222910451889038e+04,-2.163849999999999940e-01,-4.946099999999999802e-02,-3.936959999999999904e-01
1.479408514720201492e+04,-2.202580000000000093e-01,-6.433300000000000129e-02,-4.134900000000000242e-01
1.480056713759899139e+04,-2.202580000000000093e-01,-6.433300000000000129e-02,-4.134900000000000242e-01
1.483621816939115524e+04,-2.849619999999999931e-01,-1.233960000000000057e-01,-4.682720000000000216e-01
1.502419629913568497e+04,-2.846549999999999914e-01,-1.075809999999999961e-01,-4.483289999999999775e-01
1.514087242507934570e+04,-2.864240000000000119e-01,-1.075809999999999961e-01,-4.479790000000000161e-01
1.516680043643712997e+04,-3.512270000000000114e-01,-2.020849999999999869e-01,-5.312409999999999632e-01
1.521217447876930237e+04,-3.573450000000000237e-01,-1.964909999999999990e-01,-5.291749999999999510e-01
1.522189747929573059e+04,-3.573450000000000237e-01,-1.964909999999999990e-01,-5.291749999999999510e-01
1.539042961794137955e+04,-2.914510000000000156e-01,-1.255370000000000097e-01,-4.683530000000000193e-01
1.539691160833835602e+04,-2.914510000000000156e-01,-1.255370000000000097e-01,-4.683530000000000193e-01
1.541959864944219589e+04,-2.914510000000000156e-01,-1.255370000000000097e-01,-4.683530000000000193e-01
1.544552666079998016e+04,-2.899089999999999723e-01,-1.250310000000000032e-01,-4.683800000000000185e-01
1.556868473732471466e+04,-2.255070000000000130e-01,-6.877999999999999392e-02,-4.160570000000000102e-01
1.557192575734853745e+04,-2.914510000000000156e-01,-1.255370000000000097e-01,-4.683530000000000193e-01
1.565619180178642273e+04,-2.913569999999999771e-01,-1.286400000000000043e-01,-4.718589999999999729e-01
1.575342189675569534e+04,-3.567379999999999995e-01,-1.967689999999999995e-01,-5.298850000000000504e-01
1.586361599242687225e+04,-3.573450000000000237e-01,-1.964909999999999990e-01,-5.291749999999999510e-01
1.590574901461601257e+04,-4.219609999999999750e-01,-2.628210000000000268e-01,-5.850379999999999470e-01
1.607104015308618546e+04,-4.243270000000000097e-01,-2.650620000000000198e-01,-5.883089999999999709e-01
1.647616542404890060e+04,-4.899319999999999786e-01,-3.396330000000000182e-01,-6.505549999999999944e-01
1.650857544571161270e+04,-4.243270000000000097e-01,-2.650620000000000198e-01,-5.883089999999999709e-01
1.659284150010347366e+04,-4.911070000000000157e-01,-3.404889999999999861e-01,-6.513200000000000101e-01
1.663173352211713791e+04,-4.881989999999999941e-01,-3.389820000000000055e-01,-6.500270000000000215e-01
1.674192762768268585e+04,-4.881989999999999941e-01,-3.389820000000000055e-01,-6.500270000000000215e-01
1.681322968137264252e+04,-4.881989999999999941e-01,-3.389820000000000055e-01,-6.500270000000000215e-01
1.682619369202852249e+04,-5.524839999999999751e-01,-4.132890000000000175e-01,-7.086430000000000229e-01
1.687804972481727600e+04,-5.524839999999999751e-01,-4.132890000000000175e-01,-7.086430000000000229e-01
1.710491989648342133e+04,-5.524839999999999751e-01,-4.132890000000000175e-01,-7.086430000000000229e-01
1.714057093828916550e+04,-5.524839999999999751e-01,-4.132890000000000175e-01,-7.086430000000000229e-01
1.729289805614948273e+04,-4.885229999999999850e-01,-3.306780000000000275e-01,-6.448779999999999513e-01
1.736744109004735947e+04,-4.885229999999999850e-01,-3.306780000000000275e-01,-6.448779999999999513e-01
1.740957413220405579e+04,-5.503749999999999476e-01,-4.193410000000000193e-01,-7.151359999999999939e-01
1.746791216522455215e+04,-5.532749999999999613e-01,-4.192500000000000115e-01,-7.149069999999999592e-01
1.763644427388906479e+04,-4.902699999999999836e-01,-3.435460000000000180e-01,-6.547460000000000502e-01
1.780497640264034271e+04,-4.884290000000000020e-01,-3.344770000000000243e-01,-6.469340000000000090e-01
1.795730354040861130e+04,-4.865979999999999750e-01,-3.478740000000000165e-01,-6.594189999999999774e-01
1.799943656265735626e+04,-5.504250000000000531e-01,-4.206880000000000064e-01,-7.171300000000000452e-01
1.812583565920591354e+04,-5.504250000000000531e-01,-4.206880000000000064e-01,-7.171300000000000452e-01
1.817120970159769058e+04,-6.164479999999999960e-01,-4.911800000000000055e-01,-7.695260000000000433e-01
1.818417372220754623e+04,-6.164479999999999960e-01,-4.911800000000000055e-01,-7.695260000000000433e-01
1.821010173356533051e+04,-6.164479999999999960e-01,-4.911800000000000055e-01,-7.695260000000000433e-01
1.823278875476121902e+04,-6.132349999999999746e-01,-4.866710000000000202e-01,-7.668589999999999574e-01
1.827816279709339142e+04,-6.132349999999999746e-01,-4.866710000000000202e-01,-7.668589999999999574e-01
1.831381383883953094e+04,-6.796440000000000259e-01,-5.726499999999999924e-01,-8.284859999999999447e-01
1.845641794627904892e+04,-6.796440000000000259e-01,-5.726499999999999924e-01,-8.284859999999999447e-01
1.856013005155324936e+04,-6.796440000000000259e-01,-5.726499999999999924e-01,-8.284859999999999447e-01
1.859254007327556610e+04,-6.796440000000000259e-01,-5.726499999999999924e-01,-8.284859999999999447e-01
1.861198607426881790e+04,-6.761679999999999913e-01,-5.679750000000000076e-01,-8.272040000000000504e-01
1.868328812795877457e+04,-6.746790000000000287e-01,-5.625660000000000105e-01,-8.226310000000000011e-01
1.881292823469638824e+04,-6.099250000000000504e-01,-4.861929999999999863e-01,-7.678620000000000445e-01
1.882913324552774429e+04,-6.033500000000000529e-01,-4.762660000000000227e-01,-7.544800000000000395e-01
1.901062937498092651e+04,-6.033500000000000529e-01,-4.762660000000000227e-01,-7.544800000000000395e-01
1.904628040671348572e+04,-6.033500000000000529e-01,-4.762660000000000227e-01,-7.544800000000000395e-01
1.911110044014453888e+04,-6.099250000000000504e-01,-4.861929999999999863e-01,-7.678620000000000445e-01
1.915323348224163055e+04,-6.099250000000000504e-01,-4.861929999999999863e-01,-7.678620000000000445e-01
1.919536652439832687e+04,-6.099250000000000504e-01,-4.861929999999999863e-01,-7.678620000000000445e-01
1.929259657943248749e+04,-6.099250000000000504e-01,-4.861929999999999863e-01,-7.678620000000000445e-01
1.941575466579198837e+04,-5.457889999999999686e-01,-4.190729999999999733e-01,-7.152009999999999756e-01
1.944816470736265182e+04,-5.457889999999999686e-01,-4.190729999999999733e-01,-7.152009999999999756e-01
1.952918975156545639e+04,-4.884290000000000020e-01,-3.344770000000000243e-01,-6.469340000000000090e-01
1.958428679448366165e+04,-4.858750000000000013e-01,-3.306780000000000275e-01,-6.405049999999999910e-01
1.974309591269493103e+04,-5.535980000000000345e-01,-4.187179999999999791e-01,-7.155319999999999458e-01
1.976254194366931915e+04,-5.535980000000000345e-01,-4.187179999999999791e-01,-7.155319999999999458e-01
1.979171096515655518e+04,-4.884290000000000020e-01,-3.344770000000000243e-01,-6.469340000000000090e-01
1.980143397569656372e+04,-4.884290000000000020e-01,-3.344770000000000243e-01,-6.469340000000000090e-01
1.983708500748872757e+04,-4.858750000000000013e-01,-3.306780000000000275e-01,-6.405049999999999910e-01
1.988570004004240036e+04,-4.197620000000000240e-01,-2.557539999999999814e-01,-5.777290000000000481e-01
1.996024308395385742e+04,-3.537330000000000196e-01,-1.957810000000000106e-01,-5.269399999999999640e-01
2.024869231873750687e+04,-3.537330000000000196e-01,-1.957810000000000106e-01,-5.269399999999999640e-01
2.025193330895900726e+04,-3.537330000000000196e-01,-1.957810000000000106e-01,-5.269399999999999640e-01
2.036536839479207993e+04,-3.537330000000000196e-01,-1.957810000000000106e-01,-5.269399999999999640e-01
2.037833241540193558e+04,-3.537330000000000196e-01,-1.957810000000000106e-01,-5.269399999999999640e-01
2.044963444912433624e+04,-4.197620000000000240e-01,-2.557539999999999814e-01,-5.777290000000000481e-01
2.045935744965076447e+04,-4.236770000000000258e-01,-2.681520000000000015e-01,-5.920450000000000434e-01
2.068298662114143372e+04,-4.236770000000000258e-01,-2.681520000000000015e-01,-5.920450000000000434e-01
2.070567364233732224e+04,-4.236770000000000258e-01,-2.681520000000000015e-01,-5.920450000000000434e-01
2.076401167535781860e+04,-4.884290000000000020e-01,-3.344770000000000243e-01,-6.469340000000000090e-01
2.076725269550085068e+04,-4.882059999999999733e-01,-3.376930000000000209e-01,-6.482090000000000352e-01
2.077373470586538315e+04,-4.219609999999999750e-01,-2.628210000000000268e-01,-5.850379999999999470e-01
2.082559072858095169e+04,-4.158220000000000249e-01,-2.631220000000000225e-01,-5.813169999999999726e-01
2.096819485586881638e+04,-4.158220000000000249e-01,-2.631220000000000225e-01,-5.813169999999999726e-01
2.108162996172904968e+04,-4.801750000000000185e-01,-3.389820000000000055e-01,-6.464100000000000401e-01
2.113996799480915070e+04,-4.801750000000000185e-01,-3.389820000000000055e-01,-6.464100000000000401e-01
2.126636709129810333e+04,-4.801750000000000185e-01,-3.389820000000000055e-01,-6.464100000000000401e-01
2.136359718626737595e+04,-5.466020000000000323e-01,-4.161190000000000166e-01,-7.106569999999999832e-01
2.138628419750928879e+04,-5.469239999999999657e-01,-4.130920000000000147e-01,-7.096930000000000183e-01
2.146730928158760071e+04,-5.469239999999999657e-01,-4.130920000000000147e-01,-7.096930000000000183e-01
2.149323729300498962e+04,-5.469239999999999657e-01,-4.130920000000000147e-01,-7.096930000000000183e-01
2.152564731466770172e+04,-5.469239999999999657e-01,-4.130920000000000147e-01,-7.096930000000000183e-01
2.159694935834407806e+04,-6.104610000000000314e-01,-4.892580000000000262e-01,-7.691660000000000164e-01
2.179465051853656769e+04,-6.104610000000000314e-01,-4.892580000000000262e-01,-7.691660000000000164e-01
2.179789150869846344e+04,-6.712160000000000348e-01,-5.625379999999999825e-01,-8.178769999999999651e-01
2.211875072538852692e+04,-6.787009999999999987e-01,-5.807060000000000555e-01,-8.376069999999999904e-01
2.221273980015516281e+04,-6.787009999999999987e-01,-5.807060000000000555e-01,-8.376069999999999904e-01
2.237478990846872330e+04,-6.121189999999999687e-01,-4.904080000000000106e-01,-7.679359999999999520e-01
2.243636896163225174e+04,-6.121189999999999687e-01,-4.904080000000000106e-01,-7.679359999999999520e-01
2.254332202726602554e+04,-5.482010000000000494e-01,-4.169390000000000041e-01,-7.106909999999999616e-01
2.259841907012462616e+04,-5.493299999999999850e-01,-4.184510000000000174e-01,-7.134890000000000398e-01
2.264703412258625031e+04,-6.127869999999999706e-01,-4.882909999999999751e-01,-7.671660000000000146e-01
2.278315621966123581e+04,-6.782569999999999988e-01,-5.781690000000000440e-01,-8.371579999999999577e-01
2.280260225057601929e+04,-6.127869999999999706e-01,-4.882909999999999751e-01,-7.671660000000000146e-01
2.292900133717060089e+04,-5.493299999999999850e-01,-4.184510000000000174e-01,-7.134890000000000398e-01
2.300030341070890427e+04,-5.482010000000000494e-01,-4.169390000000000041e-01,-7.106909999999999616e-01
2.307160545450448990e+04,-5.482010000000000494e-01,-4.169390000000000041e-01,-7.106909999999999616e-01
2.321420957171916962e+04,-5.482010000000000494e-01,-4.169390000000000041e-01,-7.106909999999999616e-01
2.323365557283163071e+04,-5.482010000000000494e-01,-4.169390000000000041e-01,-7.106909999999999616e-01
2.324986057364940643e+04,-4.819089999999999763e-01,-3.389820000000000055e-01,-6.453839999999999577e-01
2.332764462769031525e+04,-4.819089999999999763e-01,-3.389820000000000055e-01,-6.453839999999999577e-01
2.333736762815713882e+04,-4.819089999999999763e-01,-3.389820000000000055e-01,-6.453839999999999577e-01
2.335681364917755127e+04,-4.865979999999999750e-01,-3.478740000000000165e-01,-6.594189999999999774e-01
2.349617674636840820e+04,-5.504250000000000531e-01,-4.206880000000000064e-01,-7.171300000000000452e-01
2.353182775825262070e+04,-5.529420000000000446e-01,-4.211779999999999968e-01,-7.149069999999999592e-01
2.360961184215545654e+04,-4.879830000000000001e-01,-3.553290000000000060e-01,-6.651510000000000478e-01
2.366794987523555756e+04,-4.879830000000000001e-01,-3.553290000000000060e-01,-6.651510000000000478e-01
2.367119086545705795e+04,-4.879830000000000001e-01,-3.553290000000000060e-01,-6.651510000000000478e-01
2.370035989689826965e+04,-4.879830000000000001e-01,-3.553290000000000060e-01,-6.651510000000000478e-01
2.370684190726280212e+04,-4.879830000000000001e-01,-3.553290000000000060e-01,-6.651510000000000478e-01
2.389482006698846817e+04,-4.879830000000000001e-01,-3.553290000000000060e-01,-6.651510000000000478e-01
2.400501417255401611e+04,-4.212500000000000133e-01,-2.672910000000000008e-01,-5.915859999999999452e-01
2.412493126881122589e+04,-4.212500000000000133e-01,-2.672910000000000008e-01,-5.915859999999999452e-01
2.413141327917575836e+04,-3.523899999999999810e-01,-1.931940000000000046e-01,-5.234060000000000379e-01
2.416382330083847046e+04,-3.487299999999999844e-01,-1.927429999999999977e-01,-5.206340000000000412e-01
2.416706429105997086e+04,-2.819989999999999997e-01,-1.236840000000000023e-01,-4.596799999999999775e-01
2.427401738655567169e+04,-2.814769999999999772e-01,-1.229179999999999995e-01,-4.594110000000000138e-01
2.431939142888784409e+04,-2.814769999999999772e-01,-1.229179999999999995e-01,-4.594110000000000138e-01
2.434207845002412796e+04,-2.803379999999999761e-01,-1.060829999999999967e-01,-4.441640000000000033e-01
2.436476547122001648e+04,-2.803379999999999761e-01,-1.060829999999999967e-01,-4.441640000000000033e-01
2.457218964195251465e+04,-3.466099999999999737e-01,-1.855650000000000077e-01,-5.125859999999999861e-01
2.459811765325069427e+04,-3.466099999999999737e-01,-1.855650000000000077e-01,-5.125859999999999861e-01
2.461432266414165497e+04,-4.119809999999999861e-01,-2.637189999999999812e-01,-5.803359999999999630e-01
2.470507070893049240e+04,-4.119809999999999861e-01,-2.637189999999999812e-01,-5.803359999999999630e-01
2.473099877005815506e+04,-4.091270000000000184e-01,-2.684219999999999939e-01,-5.833350000000000479e-01
2.477961380261182785e+04,-4.743269999999999986e-01,-3.353610000000000202e-01,-6.387629999999999697e-01
2.487360286742448807e+04,-5.409279999999999644e-01,-4.067970000000000197e-01,-6.974599999999999689e-01
2.488656685817241669e+04,-5.416509999999999936e-01,-4.021040000000000170e-01,-6.939140000000000308e-01
2.521066707491874695e+04,-5.416509999999999936e-01,-4.021040000000000170e-01,-6.939140000000000308e-01
2.530141514962911606e+04,-5.428180000000000227e-01,-4.027780000000000249e-01,-6.964310000000000223e-01
2.540512722498178482e+04,-5.427429999999999755e-01,-4.027780000000000249e-01,-6.968159999999999910e-01
2.566440745830535889e+04,-5.423679999999999612e-01,-4.027780000000000249e-01,-6.968159999999999910e-01
2.581025255596637726e+04,-4.745210000000000261e-01,-3.336589999999999834e-01,-6.415910000000000224e-01
2.597878472447395325e+04,-4.745210000000000261e-01,-3.336589999999999834e-01,-6.415910000000000224e-01
2.610194283086061478e+04,-4.116449999999999831e-01,-2.549750000000000072e-01,-5.799860000000000015e-01
2.617324488455057144e+04,-3.439459999999999740e-01,-1.840070000000000039e-01,-5.203520000000000367e-01
2.617972688490152359e+04,-3.439459999999999740e-01,-1.840070000000000039e-01,-5.203520000000000367e-01
2.632233099228143692e+04,-3.439459999999999740e-01,-1.840070000000000039e-01,-5.203520000000000367e-01
2.638715105557441711e+04,-3.439459999999999740e-01,-1.840070000000000039e-01,-5.203520000000000367e-01
2.656864717495441437e+04,-3.439459999999999740e-01,-1.840070000000000039e-01,-5.203520000000000367e-01
2.659133419609069824e+04,-3.439459999999999740e-01,-1.840070000000000039e-01,-5.203520000000000367e-01
2.669180527132749557e+04,-3.439459999999999740e-01,-1.840070000000000039e-01,-5.203520000000000367e-01
2.671125127238035202e+04,-3.439459999999999740e-01,-1.840070000000000039e-01,-5.203520000000000367e-01
2.673069729334115982e+04,-4.106600000000000250e-01,-2.547559999999999825e-01,-5.802220000000000155e-01
2.728814966225624084e+04,-4.106600000000000250e-01,-2.547559999999999825e-01,-5.802220000000000155e-01
2.731083670324087143e+04,-4.116449999999999831e-01,-2.549750000000000072e-01,-5.799860000000000015e-01
2.734648774504661560e+04,-4.146199999999999886e-01,-2.549750000000000072e-01,-5.803249999999999797e-01
2.738537977707386017e+04,-4.807949999999999724e-01,-3.412830000000000030e-01,-6.548019999999999952e-01
2.741130778849124908e+04,-4.818680000000000185e-01,-3.396850000000000147e-01,-6.521850000000000147e-01
2.769003401285409927e+04,-4.129769999999999830e-01,-2.625790000000000068e-01,-5.869159999999999933e-01
2.771272102403640747e+04,-3.472199999999999731e-01,-1.960419999999999940e-01,-5.298850000000000504e-01
2.778402307772636414e+04,-4.136909999999999754e-01,-2.641680000000000139e-01,-5.869159999999999933e-01
2.781643309938907623e+04,-4.136909999999999754e-01,-2.641680000000000139e-01,-5.869159999999999933e-01
2.782939711004495621e+04,-4.136909999999999754e-01,-2.641680000000000139e-01,-5.869159999999999933e-01
2.786504812192916870e+04,-4.136909999999999754e-01,-2.641680000000000139e-01,-5.869159999999999933e-01
2.796227819693088531e+04,-4.136909999999999754e-01,-2.641680000000000139e-01,-5.869159999999999933e-01
2.804978525149822235e+04,-4.179359999999999742e-01,-2.625790000000000068e-01,-5.852850000000000552e-01
2.805626726180315018e+04,-4.179359999999999742e-01,-2.625790000000000068e-01,-5.852850000000000552e-01
2.808543628329038620e+04,-3.519579999999999931e-01,-1.965520000000000045e-01,-5.298850000000000504e-01
2.809191829359531403e+04,-3.519579999999999931e-01,-1.965520000000000045e-01,-5.298850000000000504e-01
2.811136431455612183e+04,-2.862689999999999957e-01,-1.246400000000000008e-01,-4.682720000000000216e-01
2.823128139078617096e+04,-2.858640000000000070e-01,-1.279740000000000044e-01,-4.707069999999999865e-01
2.838360851860046387e+04,-2.843209999999999904e-01,-1.238589999999999969e-01,-4.641319999999999890e-01
2.855538164752721786e+04,-3.487040000000000139e-01,-1.892909999999999870e-01,-5.153210000000000290e-01
2.862344271105527878e+04,-3.477580000000000116e-01,-1.855499999999999927e-01,-5.122679999999999456e-01
2.874660078746080399e+04,-2.814769999999999772e-01,-1.229179999999999995e-01,-4.594110000000000138e-01
2.883086686176061630e+04,-3.487040000000000139e-01,-1.892909999999999870e-01,-5.153210000000000290e-01
2.886327690339088440e+04,-4.134979999999999767e-01,-2.635279999999999845e-01,-5.800410000000000288e-01
2.894754297769069672e+04,-4.134979999999999767e-01,-2.633389999999999898e-01,-5.812460000000000404e-01
2.903180902218818665e+04,-4.779419999999999780e-01,-3.305969999999999742e-01,-6.372259999999999591e-01
2.911283409631252289e+04,-4.779419999999999780e-01,-3.305969999999999742e-01,-6.372259999999999591e-01
2.914200312775373459e+04,-4.779419999999999780e-01,-3.305969999999999742e-01,-6.372259999999999591e-01
2.921006416141986847e+04,-4.779419999999999780e-01,-3.305969999999999742e-01,-6.372259999999999591e-01
2.933970426803827286e+04,-4.779419999999999780e-01,-3.305969999999999742e-01,-6.372259999999999591e-01
2.934294528818130493e+04,-4.134979999999999767e-01,-2.633389999999999898e-01,-5.812460000000000404e-01
2.936887329953908920e+04,-4.164220000000000144e-01,-2.700029999999999930e-01,-5.942079999999999584e-01
2.958926147085428238e+04,-3.511179999999999857e-01,-1.970250000000000057e-01,-5.294619999999999882e-01
2.968973251610994339e+04,-4.134979999999999767e-01,-2.633389999999999898e-01,-5.812460000000000404e-01
2.975455256938934326e+04,-4.112509999999999777e-01,-2.731390000000000207e-01,-5.913829999999999920e-01
2.993928969895839691e+04,-4.081520000000000148e-01,-2.743849999999999900e-01,-5.940999999999999615e-01
2.995225368970632553e+04,-4.081520000000000148e-01,-2.743849999999999900e-01,-5.940999999999999615e-01
3.009485779702663422e+04,-4.753569999999999740e-01,-3.376759999999999762e-01,-6.434670000000000112e-01
3.028283593672513962e+04,-5.400319999999999565e-01,-4.096679999999999766e-01,-7.054150000000000142e-01
3.028931794703006744e+04,-4.740210000000000257e-01,-3.338099999999999956e-01,-6.443060000000000453e-01
3.030228193777799606e+04,-4.740210000000000257e-01,-3.338099999999999956e-01,-6.443060000000000453e-01
3.032172796875238419e+04,-5.392930000000000224e-01,-4.055779999999999941e-01,-7.016480000000000494e-01
3.032820997905731201e+04,-5.423599999999999532e-01,-4.021739999999999760e-01,-6.939140000000000308e-01
3.033145096921920776e+04,-4.753000000000000003e-01,-3.323249999999999815e-01,-6.372259999999999591e-01
3.045785008573532104e+04,-4.804309999999999969e-01,-3.438669999999999782e-01,-6.552459999999999951e-01
3.051294712859392166e+04,-4.804309999999999969e-01,-3.438669999999999782e-01,-6.552459999999999951e-01
3.054535715025663376e+04,-5.469239999999999657e-01,-4.130920000000000147e-01,-7.096930000000000183e-01
3.068472025746107101e+04,-5.469239999999999657e-01,-4.130920000000000147e-01,-7.096930000000000183e-01
3.094400045078992844e+04,-6.112600000000000255e-01,-4.904080000000000106e-01,-7.689300000000000024e-01
3.112873755043745041e+04,-6.112600000000000255e-01,-4.904080000000000106e-01,-7.689300000000000024e-01
3.119355761367082596e+04,-6.112600000000000255e-01,-4.904080000000000106e-01,-7.689300000000000024e-01
3.120652162438631058e+04,-6.112600000000000255e-01,-4.904080000000000106e-01,-7.689300000000000024e-01
3.129402868884801865e+04,-6.787009999999999987e-01,-5.807060000000000555e-01,-8.376069999999999904e-01
3.139449974417686462e+04,-7.458690000000000042e-01,-6.472980000000000400e-01,-8.827859999999999596e-01
3.149497082936763763e+04,-7.458690000000000042e-01,-6.472980000000000400e-01,-8.827859999999999596e-01
3.151441688024997711e+04,-7.458690000000000042e-01,-6.472980000000000400e-01,-8.827859999999999596e-01
3.151765787041187286e+04,-6.791970000000000507e-01,-5.751300000000000301e-01,-8.367240000000000233e-01
3.180286609512567520e+04,-6.786299999999999555e-01,-5.723979999999999624e-01,-8.345329999999999693e-01
3.187092714864015579e+04,-6.775400000000000311e-01,-5.722819999999999574e-01,-8.345329999999999693e-01
3.205242325800657272e+04,-6.775930000000000009e-01,-5.725050000000000416e-01,-8.352129999999999832e-01
3.207186925911903381e+04,-6.769159999999999622e-01,-5.722819999999999574e-01,-8.356179999999999719e-01
3.217558134442567825e+04,-6.764219999999999677e-01,-5.722819999999999574e-01,-8.352129999999999832e-01
3.244458454823493958e+04,-7.426340000000000163e-01,-6.460789999999999589e-01,-8.821050000000000280e-01
3.260339366650581360e+04,-7.426340000000000163e-01,-6.460789999999999589e-01,-8.821050000000000280e-01
3.282702284806966782e+04,-8.105520000000000502e-01,-7.288799999999999724e-01,-9.343960000000000043e-01
3.300527798724174500e+04,-7.439799999999999747e-01,-6.460789999999999589e-01,-8.816479999999999873e-01
3.306361605024337769e+04,-7.446819999999999551e-01,-6.460789999999999589e-01,-8.816169999999999840e-01
3.319001513671875000e+04,-7.512579999999999814e-01,-6.451310000000000100e-01,-8.826370000000000049e-01
3.353356139451265335e+04,-7.512579999999999814e-01,-6.451310000000000100e-01,-8.826370000000000049e-01
3.353680240470170975e+04,-7.514020000000000143e-01,-6.460789999999999589e-01,-8.832539999999999836e-01
3.357569440674781799e+04,-7.525560000000000027e-01,-6.461750000000000549e-01,-8.832539999999999836e-01
3.358217644697427750e+04,-7.542680000000000495e-01,-6.438220000000000054e-01,-8.832539999999999836e-01
3.362430945914983749e+04,-7.542680000000000495e-01,-6.438220000000000054e-01,-8.832539999999999836e-01
3.371505753386020660e+04,-7.542680000000000495e-01,-6.438220000000000054e-01,-8.832539999999999836e-01
3.372153954416513443e+04,-6.863390000000000324e-01,-5.750680000000000236e-01,-8.384920000000000151e-01
3.383173360991477966e+04,-7.489719999999999711e-01,-6.445520000000000138e-01,-8.800940000000000429e-01
3.392896365493535995e+04,-6.786299999999999555e-01,-5.723979999999999624e-01,-8.345329999999999693e-01
3.395489168626070023e+04,-6.786299999999999555e-01,-5.723979999999999624e-01,-8.345329999999999693e-01
3.405212176120281219e+04,-6.127740000000000409e-01,-4.861610000000000098e-01,-7.671829999999999483e-01
3.425954589200019836e+04,-6.127740000000000409e-01,-4.861610000000000098e-01,-7.671829999999999483e-01
3.426278690207004547e+04,-5.488220000000000320e-01,-4.130770000000000275e-01,-7.088330000000000464e-01
3.433732995605468750e+04,-5.488220000000000320e-01,-4.130770000000000275e-01,-7.088330000000000464e-01
3.453503112620115280e+04,-4.861130000000000173e-01,-3.390710000000000113e-01,-6.494109999999999605e-01
3.465494823229312897e+04,-4.188999999999999946e-01,-2.772299999999999764e-01,-6.000990000000000490e-01
3.472625027602910995e+04,-4.224959999999999827e-01,-2.862520000000000064e-01,-6.108050000000000423e-01
3.478134731888771057e+04,-4.239919999999999800e-01,-2.862520000000000064e-01,-6.097709999999999519e-01
3.479107031941413879e+04,-4.239919999999999800e-01,-2.862520000000000064e-01,-6.097709999999999519e-01
3.480079331994056702e+04,-4.274609999999999799e-01,-2.955030000000000157e-01,-6.190890000000000004e-01
3.488830040436983109e+04,-4.274609999999999799e-01,-2.955030000000000157e-01,-6.190890000000000004e-01
3.491746940594911575e+04,-4.271519999999999762e-01,-2.955030000000000157e-01,-6.196960000000000246e-01
3.493691542696952820e+04,-4.290289999999999937e-01,-2.961289999999999756e-01,-6.191419999999999702e-01
3.496932544863224030e+04,-4.271519999999999762e-01,-2.955030000000000157e-01,-6.196960000000000246e-01
3.508924251484870911e+04,-4.290289999999999937e-01,-2.961289999999999756e-01,-6.191419999999999702e-01
3.512165255641937256e+04,-4.243270000000000097e-01,-2.650620000000000198e-01,-5.883089999999999709e-01
3.520267759066820145e+04,-3.587529999999999886e-01,-1.967689999999999995e-01,-5.298429999999999529e-01
3.534204069793224335e+04,-3.587529999999999886e-01,-1.967689999999999995e-01,-5.298429999999999529e-01
3.541658376169204712e+04,-2.918760000000000243e-01,-1.367869999999999919e-01,-4.801469999999999905e-01
3.567910497522354126e+04,-2.918760000000000243e-01,-1.367869999999999919e-01,-4.801469999999999905e-01
3.578281705063581467e+04,-2.918760000000000243e-01,-1.367869999999999919e-01,-4.801469999999999905e-01
3.591245715725421906e+04,-2.846549999999999914e-01,-1.075809999999999961e-01,-4.483289999999999775e-01
3.592542116791009903e+04,-2.193390000000000062e-01,-4.576500000000000012e-02,-3.929810000000000247e-01
3.597727719068527222e+04,-2.234710000000000030e-01,-6.877999999999999392e-02,-4.162049999999999916e-01
3.604533824419975281e+04,-2.234710000000000030e-01,-6.877999999999999392e-02,-4.162049999999999916e-01
3.606478426510095596e+04,-2.279120000000000035e-01,-6.480700000000000349e-02,-4.162049999999999916e-01
3.608098927599191666e+04,-2.279120000000000035e-01,-6.480700000000000349e-02,-4.162049999999999916e-01
3.648935556703805923e+04,-1.630089999999999872e-01,-1.316999999999999942e-02,-3.689700000000000202e-01
3.664168267494440079e+04,-2.293270000000000031e-01,-8.961700000000000221e-02,-4.403190000000000159e-01
3.686531186652183533e+04,-1.641819999999999946e-01,-1.316999999999999942e-02,-3.688460000000000072e-01
3.697550597208738327e+04,-2.293270000000000031e-01,-8.961700000000000221e-02,-4.403190000000000159e-01
3.705653102636337280e+04,-2.317940000000000000e-01,-8.692099999999999826e-02,-4.391010000000000191e-01
3.708245903772115707e+04,-2.990959999999999730e-01,-1.507809999999999984e-01,-4.956420000000000270e-01
3.710838706898689270e+04,-2.990959999999999730e-01,-1.507809999999999984e-01,-4.956420000000000270e-01
3.715700210154056549e+04,-3.673250000000000126e-01,-2.205229999999999968e-01,-5.510260000000000158e-01
3.718941212320327759e+04,-3.673250000000000126e-01,-2.205229999999999968e-01,-5.510260000000000158e-01
3.742276430523395538e+04,-4.343179999999999819e-01,-2.955030000000000157e-01,-6.188310000000000199e-01
3.752647640055418015e+04,-4.376729999999999787e-01,-2.833169999999999855e-01,-6.103469999999999729e-01
3.772417752081155777e+04,-3.682599999999999763e-01,-2.205229999999999968e-01,-5.511829999999999785e-01
3.804827774757146835e+04,-3.682599999999999763e-01,-2.205229999999999968e-01,-5.511829999999999785e-01
3.824921987789869308e+04,-3.682599999999999763e-01,-2.205229999999999968e-01,-5.511829999999999785e-01
3.829135292005538940e+04,-3.721800000000000108e-01,-2.230729999999999935e-01,-5.593920000000000003e-01
3.847284905946254730e+04,-4.389689999999999981e-01,-2.833169999999999855e-01,-6.118799999999999795e-01
3.847284905946254730e+04,-4.389689999999999981e-01,-2.833169999999999855e-01,-6.118799999999999795e-01
3.855387413364648819e+04,-3.711229999999999807e-01,-2.241259999999999919e-01,-5.589020000000000099e-01
3.878398530554771423e+04,-3.048830000000000151e-01,-1.510930000000000051e-01,-4.956420000000000270e-01
3.904002450865507126e+04,-3.048830000000000151e-01,-1.510930000000000051e-01,-4.956420000000000270e-01
3.904974748927354813e+04,-3.074009999999999798e-01,-1.512060000000000071e-01,-4.956420000000000270e-01
3.910484454202651978e+04,-3.733069999999999999e-01,-2.252109999999999945e-01,-5.603029999999999955e-01
3.973684000474214554e+04,-3.718679999999999763e-01,-2.244990000000000041e-01,-5.603029999999999955e-01
3.986323912119865417e+04,-3.693100000000000271e-01,-2.187630000000000130e-01,-5.510260000000000158e-01
4.012576031476259232e+04,-4.355729999999999880e-01,-2.833169999999999855e-01,-6.087270000000000181e-01
4.041745048987865448e+04,-3.693100000000000271e-01,-2.187630000000000130e-01,-5.510260000000000158e-01
4.044013751101493835e+04,-3.031090000000000173e-01,-1.564820000000000100e-01,-4.984839999999999827e-01
4.045310152167081833e+04,-3.693100000000000271e-01,-2.187630000000000130e-01,-5.510260000000000158e-01
4.060866964977979660e+04,-3.669149999999999912e-01,-2.257579999999999865e-01,-5.602840000000000042e-01
4.085822687250375748e+04,-3.669149999999999912e-01,-2.257579999999999865e-01,-5.602840000000000042e-01
4.088091386377811432e+04,-4.307210000000000205e-01,-2.954209999999999892e-01,-6.190520000000000467e-01
4.092628790616989136e+04,-4.307210000000000205e-01,-2.954209999999999892e-01,-6.190520000000000467e-01
4.125362919294834137e+04,-4.905260000000000176e-01,-3.328929999999999945e-01,-6.482090000000000352e-01
4.133465424716472626e+04,-4.905260000000000176e-01,-3.328929999999999945e-01,-6.482090000000000352e-01
4.137678727936744690e+04,-5.545930000000000026e-01,-4.213399999999999923e-01,-7.212319999999999842e-01
4.145457136332988739e+04,-5.545930000000000026e-01,-4.213399999999999923e-01,-7.212319999999999842e-01
4.146105334377288818e+04,-4.911070000000000157e-01,-3.404889999999999861e-01,-6.513200000000000101e-01
4.165875450390577316e+04,-4.257989999999999831e-01,-2.758479999999999821e-01,-5.994140000000000024e-01
4.169764653593301773e+04,-3.587529999999999886e-01,-1.967689999999999995e-01,-5.298429999999999529e-01
4.182080463230609894e+04,-2.869369999999999976e-01,-1.238770000000000010e-01,-4.640549999999999953e-01
4.194396268874406815e+04,-2.826750000000000096e-01,-1.105700000000000016e-01,-4.498369999999999869e-01
4.203146977317333221e+04,-2.826750000000000096e-01,-1.105700000000000016e-01,-4.498369999999999869e-01
4.211573582744598389e+04,-3.450250000000000261e-01,-1.855650000000000077e-01,-5.122679999999999456e-01
4.215786886960268021e+04,-4.108439999999999870e-01,-2.637189999999999812e-01,-5.803359999999999630e-01
4.306534955650568008e+04,-4.108439999999999870e-01,-2.637189999999999812e-01,-5.803359999999999630e-01
4.308155456733703613e+04,-4.108439999999999870e-01,-2.637189999999999812e-01,-5.803359999999999630e-01
4.313989259040355682e+04,-4.119809999999999861e-01,-2.637189999999999812e-01,-5.803359999999999630e-01
4.317878464227914810e+04,-4.119809999999999861e-01,-2.637189999999999812e-01,-5.803359999999999630e-01
4.320795364391803741e+04,-4.119809999999999861e-01,-2.637189999999999812e-01,-5.803359999999999630e-01
4.334083473080396652e+04,-4.763850000000000029e-01,-3.353780000000000094e-01,-6.390109999999999957e-01
4.345426981657743454e+04,-5.427009999999999890e-01,-4.190619999999999901e-01,-7.106909999999999616e-01
4.351908985000848770e+04,-5.482010000000000494e-01,-4.169390000000000041e-01,-7.106909999999999616e-01
4.354501786136627197e+04,-4.819089999999999763e-01,-3.389820000000000055e-01,-6.453839999999999577e-01
4.365521197700500488e+04,-4.819089999999999763e-01,-3.389820000000000055e-01,-6.453839999999999577e-01
4.367141698783636093e+04,-4.830740000000000034e-01,-3.354110000000000147e-01,-6.437979999999999814e-01
4.403440929657220840e+04,-4.819089999999999763e-01,-3.389820000000000055e-01,-6.453839999999999577e-01
4.411867536091804504e+04,-4.801750000000000185e-01,-3.389820000000000055e-01,-6.464100000000000401e-01
4.420294143521785736e+04,-5.466020000000000323e-01,-4.161190000000000166e-01,-7.106569999999999832e-01
4.440388360559940338e+04,-6.112600000000000255e-01,-4.904080000000000106e-01,-7.689300000000000024e-01
4.446222163867950439e+04,-6.112600000000000255e-01,-4.904080000000000106e-01,-7.689300000000000024e-01
4.448166765958070755e+04,-6.203440000000000065e-01,-5.096779999999999644e-01,-7.969450000000000145e-01
4.468585081022977829e+04,-6.195659999999999501e-01,-5.096779999999999644e-01,-7.969450000000000145e-01
4.475067087352275848e+04,-6.195659999999999501e-01,-5.096779999999999644e-01,-7.969450000000000145e-01
4.477983987504243851e+04,-6.236359999999999681e-01,-5.108669999999999600e-01,-7.963449999999999696e-01
4.479280389571189880e+04,-5.588269999999999627e-01,-4.331030000000000157e-01,-7.339790000000000481e-01
4.482521391737461090e+04,-4.928259999999999863e-01,-3.609390000000000098e-01,-6.741740000000000510e-01
4.503263806807994843e+04,-4.953069999999999973e-01,-3.606300000000000061e-01,-6.738260000000000360e-01
4.516876016503572464e+04,-4.974290000000000100e-01,-3.561280000000000001e-01,-6.729640000000000066e-01
4.526274922996759415e+04,-5.714970000000000327e-01,-4.296409999999999951e-01,-7.344270000000000520e-01
4.529191825145483017e+04,-6.673710000000000475e-01,-5.302909999999999568e-01,-8.274639999999999773e-01
4.542155831819772720e+04,-7.282819999999999849e-01,-6.019470000000000098e-01,-8.865530000000000355e-01
4.555119843488931656e+04,-8.022040000000000282e-01,-6.792070000000000052e-01,-9.477820000000000134e-01
4.561601847821474075e+04,-7.906149999999999567e-01,-6.689939999999999776e-01,-9.459330000000000238e-01
4.567111552113294601e+04,-7.789059999999999873e-01,-6.573200000000000154e-01,-9.432190000000000296e-01
4.594984176534414291e+04,-7.698639999999999928e-01,-6.445400000000000018e-01,-9.411490000000000133e-01
4.687676846319437027e+04,-7.591069999999999762e-01,-6.292569999999999553e-01,-9.380870000000000042e-01
4.781017721146345139e+04,-7.478609999999999980e-01,-6.123709999999999987e-01,-9.349119999999999653e-01
4.782962324243783951e+04,-7.362459999999999560e-01,-5.912340000000000373e-01,-9.272519999999999651e-01
4.887322601628303528e+04,-7.233589999999999742e-01,-5.715390000000000192e-01,-9.230899999999999661e-01
5.189384033226966858e+04,-7.089870000000000339e-01,-5.510920000000000263e-01,-9.185470000000000024e-01
5.208505949205160141e+04,-6.937870000000000426e-01,-5.263409999999999478e-01,-9.135790000000000299e-01
5.288882808357477188e+04,-6.745679999999999454e-01,-5.009730000000000016e-01,-9.073390000000000066e-01
5.366666873383522034e+04,-6.544689999999999674e-01,-4.725389999999999868e-01,-9.011700000000000266e-01
5.686877926903963089e+04,-6.294509999999999827e-01,-4.302770000000000206e-01,-8.794020000000000170e-01
5.961066743057966232e+04,-7.565260000000000318e-01,-6.525520000000000209e-01,-1.000000000000000000e+00
