# Time,Median,Upper Error,Lower Error
1.165181004628539085e+03,9.014119999999999910e-01,1.000000000000000000e+00,7.852409999999999668e-01
1.690223105043172836e+03,9.143390000000000128e-01,1.000000000000000000e+00,8.141690000000000316e-01
1.787453108876943588e+03,9.125640000000000418e-01,1.000000000000000000e+00,8.082799999999999985e-01
1.852273141339421272e+03,9.247779999999999889e-01,1.000000000000000000e+00,8.355879999999999974e-01
2.069420199811458588e+03,9.340629999999999766e-01,1.000000000000000000e+00,8.595490000000000075e-01
2.351387270808219910e+03,9.358349999999999724e-01,1.000000000000000000e+00,8.631929999999999881e-01
2.630113391563296318e+03,9.390249999999999986e-01,1.000000000000000000e+00,8.686490000000000045e-01
3.116263590559363365e+03,9.439340000000000508e-01,1.000000000000000000e+00,8.800170000000000492e-01
3.151914621904492378e+03,9.452120000000000521e-01,1.000000000000000000e+00,8.794199999999999795e-01
3.372302720531821251e+03,9.131909999999999750e-01,1.000000000000000000e+00,8.068380000000000551e-01
3.485737794905900955e+03,9.287079999999999780e-01,1.000000000000000000e+00,8.402939999999999854e-01
3.667233892008662224e+03,9.313829999999999609e-01,1.000000000000000000e+00,8.436799999999999855e-01
3.809837987497448921e+03,9.337680000000000424e-01,1.000000000000000000e+00,8.545890000000000430e-01
3.962165093407034874e+03,9.192339999999999955e-01,1.000000000000000000e+00,8.164550000000000418e-01
4.120974189624190331e+03,8.935309999999999642e-01,1.000000000000000000e+00,7.578230000000000244e-01
4.710836622595787048e+03,9.050989999999999869e-01,1.000000000000000000e+00,7.884309999999999929e-01
4.759451684430241585e+03,8.958530000000000104e-01,1.000000000000000000e+00,7.628789999999999738e-01
5.171059030458331108e+03,8.941740000000000244e-01,1.000000000000000000e+00,7.584929999999999728e-01
5.310422155901789665e+03,8.733959999999999502e-01,1.000000000000000000e+00,7.193779999999999619e-01
5.355796197652816772e+03,8.567000000000000171e-01,1.000000000000000000e+00,6.839180000000000259e-01
5.530810344502329826e+03,8.579569999999999697e-01,1.000000000000000000e+00,6.880209999999999937e-01
5.702583531126379967e+03,8.668829999999999592e-01,1.000000000000000000e+00,7.035709999999999464e-01
5.751198553115129471e+03,8.655909999999999993e-01,1.000000000000000000e+00,6.925710000000000477e-01
6.055852874919772148e+03,8.667340000000000044e-01,1.000000000000000000e+00,6.983639999999999848e-01
7.209650179833173752e+03,8.783959999999999546e-01,1.000000000000000000e+00,7.345380000000000242e-01
7.238819220930337906e+03,8.750620000000000065e-01,1.000000000000000000e+00,7.248320000000000318e-01
7.478653510272502899e+03,8.862790000000000390e-01,1.000000000000000000e+00,7.545239999999999725e-01
7.630980706170201302e+03,8.877279999999999616e-01,1.000000000000000000e+00,7.559879999999999933e-01
8.314832602813839912e+03,8.835110000000000463e-01,1.000000000000000000e+00,7.493300000000000516e-01
8.509292860388755798e+03,8.804359999999999964e-01,1.000000000000000000e+00,7.388580000000000148e-01
8.557907922297716141e+03,8.793710000000000138e-01,1.000000000000000000e+00,7.345380000000000242e-01
8.898213425457477570e+03,8.822330000000000449e-01,1.000000000000000000e+00,7.420909999999999451e-01
9.031094610646367073e+03,8.965250000000000163e-01,1.000000000000000000e+00,7.859429999999999472e-01
9.060263661772012711e+03,8.920420000000000016e-01,1.000000000000000000e+00,7.660160000000000302e-01
9.364918093651533127e+03,8.962069999999999759e-01,1.000000000000000000e+00,7.793989999999999529e-01
9.436220216363668442e+03,8.959690000000000154e-01,1.000000000000000000e+00,7.791780000000000372e-01
9.520486329704523087e+03,8.346580000000000110e-01,1.000000000000000000e+00,6.461130000000000484e-01
9.757079688891768456e+03,8.447729999999999961e-01,1.000000000000000000e+00,6.672430000000000305e-01
9.860791842952370644e+03,8.444479999999999764e-01,1.000000000000000000e+00,6.617859999999999854e-01
9.990432047978043556e+03,8.438689999999999802e-01,1.000000000000000000e+00,6.630209999999999715e-01
1.004877015019953251e+04,8.586949999999999861e-01,1.000000000000000000e+00,6.993169999999999664e-01
1.013303625355660915e+04,8.853680000000000438e-01,1.000000000000000000e+00,7.617570000000000174e-01
1.014924128419160843e+04,8.870310000000000139e-01,1.000000000000000000e+00,7.609749999999999570e-01
1.038907565352320671e+04,8.836199999999999610e-01,1.000000000000000000e+00,7.579939999999999456e-01
1.055760793006420135e+04,8.863609999999999545e-01,1.000000000000000000e+00,7.605239999999999778e-01
1.073586321701109409e+04,9.099289999999999878e-01,1.000000000000000000e+00,8.093820000000000459e-01
1.075206823764741421e+04,9.383629999999999471e-01,1.000000000000000000e+00,8.730019999999999447e-01
1.088494947274029255e+04,9.390500000000000513e-01,1.000000000000000000e+00,8.753020000000000245e-01
1.117988095423579216e+04,9.379990000000000272e-01,1.000000000000000000e+00,8.740499999999999936e-01
1.148777644626796246e+04,9.376949999999999452e-01,1.000000000000000000e+00,8.740179999999999616e-01
1.153315052801370621e+04,9.581749999999999989e-01,1.000000000000000000e+00,9.128070000000000350e-01
1.169844182440638542e+04,9.602669999999999817e-01,1.000000000000000000e+00,9.189669999999999783e-01
1.214894159194827080e+04,9.598370000000000513e-01,1.000000000000000000e+00,9.158439999999999914e-01
1.230450985801219940e+04,9.562450000000000117e-01,1.000000000000000000e+00,9.098709999999999853e-01
1.252165723647177219e+04,9.573270000000000390e-01,1.000000000000000000e+00,9.116859999999999964e-01
1.255406728775799274e+04,9.581460000000000532e-01,1.000000000000000000e+00,9.141679999999999806e-01
1.298512105450034142e+04,9.559959999999999569e-01,1.000000000000000000e+00,9.097159999999999691e-01
1.299808508497476578e+04,9.339110000000000467e-01,1.000000000000000000e+00,8.637449999999999850e-01
1.327681159582734108e+04,8.992879999999999763e-01,1.000000000000000000e+00,7.997549999999999937e-01
1.330598064693808556e+04,8.941130000000000466e-01,1.000000000000000000e+00,7.869329999999999936e-01
1.348423597387969494e+04,8.288370000000000459e-01,1.000000000000000000e+00,6.865069999999999784e-01
1.358146613770723343e+04,8.162660000000000471e-01,1.000000000000000000e+00,6.617399999999999949e-01
1.360739417873322964e+04,8.187440000000000273e-01,1.000000000000000000e+00,6.578869999999999996e-01
1.379861353616416454e+04,6.647429999999999728e-01,1.000000000000000000e+00,4.431709999999999816e-01
1.391204875054955482e+04,6.615210000000000257e-01,1.000000000000000000e+00,4.379950000000000232e-01
1.400279692403972149e+04,6.876809999999999867e-01,1.000000000000000000e+00,4.810389999999999944e-01
1.411299112835526466e+04,6.228000000000000203e-01,1.000000000000000000e+00,4.113499999999999934e-01
1.434310253737866879e+04,6.223279999999999923e-01,1.000000000000000000e+00,4.102939999999999920e-01
1.463155209854245186e+04,8.017180000000000417e-01,1.000000000000000000e+00,6.500759999999999872e-01
1.491351961953938007e+04,7.793440000000000367e-01,1.000000000000000000e+00,6.399620000000000308e-01
1.493944769050180912e+04,7.877859999999999863e-01,1.000000000000000000e+00,6.438610000000000166e-01
1.527651232366263866e+04,7.857279999999999820e-01,1.000000000000000000e+00,6.384229999999999627e-01
1.532836842565238476e+04,7.865210000000000257e-01,1.000000000000000000e+00,6.422750000000000403e-01
1.538670652797818184e+04,7.862069999999999892e-01,1.000000000000000000e+00,6.539779999999999482e-01
1.569784315000474453e+04,7.938220000000000276e-01,1.000000000000000000e+00,6.489329999999999821e-01
1.590526753816008568e+04,7.724839999999999485e-01,1.000000000000000000e+00,6.384229999999999627e-01
1.614510202740132809e+04,6.280350000000000099e-01,1.000000000000000000e+00,4.702259999999999773e-01
1.626177825194597244e+04,6.120389999999999997e-01,1.000000000000000000e+00,4.464650000000000007e-01
1.660532492534816265e+04,6.109520000000000506e-01,1.000000000000000000e+00,4.135650000000000159e-01
1.662152995598316193e+04,5.926860000000000461e-01,9.999989999999999712e-01,3.965520000000000156e-01
1.677385727187991142e+04,5.866919999999999913e-01,9.999989999999999712e-01,3.979070000000000107e-01
1.687432846578955650e+04,6.057609999999999939e-01,9.999989999999999712e-01,4.093930000000000069e-01
1.701693274137377739e+04,6.063260000000000316e-01,1.000000000000000000e+00,4.081799999999999873e-01
1.703961979225277901e+04,4.361869999999999914e-01,1.000000000000000000e+00,2.123599999999999932e-01
1.709795792450010777e+04,4.610890000000000266e-01,1.000000000000000000e+00,2.604489999999999861e-01
1.751604776075482368e+04,2.928160000000000207e-01,7.679129999999999567e-01,-7.333599999999999841e-02
1.774940022984147072e+04,3.031340000000000146e-01,7.806819999999999871e-01,-3.680699999999999944e-02
1.779801532176136971e+04,2.996119999999999894e-01,7.498960000000000070e-01,-7.231300000000000228e-02
1.794061962726712227e+04,3.442689999999999917e-01,8.165499999999999980e-01,3.719800000000000190e-02
1.809618794333934784e+04,4.790389999999999926e-01,9.999919999999999920e-01,2.841710000000000069e-01
1.828740734075009823e+04,6.424229999999999663e-01,1.000000000000000000e+00,4.738649999999999807e-01
1.840084256520867348e+04,6.472379999999999800e-01,1.000000000000000000e+00,4.676719999999999766e-01
1.855316988112032413e+04,7.949019999999999975e-01,1.000000000000000000e+00,6.549979999999999691e-01
1.914951511432230473e+04,6.980049999999999866e-01,1.000000000000000000e+00,5.452580000000000204e-01
1.917220216520130634e+04,6.418190000000000284e-01,1.000000000000000000e+00,4.413719999999999866e-01
1.929860142014920712e+04,8.299029999999999463e-01,1.000000000000000000e+00,6.894080000000000208e-01
1.947685679708421230e+04,8.327320000000000277e-01,1.000000000000000000e+00,6.941490000000000160e-01
1.959677405171096325e+04,8.240319999999999867e-01,1.000000000000000000e+00,6.498629999999999685e-01
1.965835318408906460e+04,8.336919999999999886e-01,1.000000000000000000e+00,6.654980000000000340e-01
1.973937834729254246e+04,8.341610000000000413e-01,1.000000000000000000e+00,6.691550000000000553e-01
2.001486392799019814e+04,8.375629999999999464e-01,1.000000000000000000e+00,6.643620000000000081e-01
2.007644306036829948e+04,7.741940000000000488e-01,1.000000000000000000e+00,5.452839999999999909e-01
2.018987828484177589e+04,7.793259999999999632e-01,1.000000000000000000e+00,5.596689999999999721e-01
2.032275958994030952e+04,7.962850000000000206e-01,1.000000000000000000e+00,5.877250000000000529e-01
2.042971281409263611e+04,7.859300000000000175e-01,1.000000000000000000e+00,5.671490000000000142e-01
2.056907610951364040e+04,6.484410000000000451e-01,1.000000000000000000e+00,3.782159999999999966e-01
2.099688901618123055e+04,6.432989999999999542e-01,1.000000000000000000e+00,3.665800000000000169e-01
2.103578109771013260e+04,6.661329999999999751e-01,1.000000000000000000e+00,4.203810000000000047e-01
2.110384225033223629e+04,8.006130000000000191e-01,1.000000000000000000e+00,6.057360000000000522e-01
2.178769470696151257e+04,7.960970000000000546e-01,1.000000000000000000e+00,6.012499999999999512e-01
2.208910835869610310e+04,8.301169999999999938e-01,1.000000000000000000e+00,6.676649999999999530e-01
2.215068749108910561e+04,8.172070000000000167e-01,1.000000000000000000e+00,6.362499999999999822e-01
2.297390329307317734e+04,8.042059999999999764e-01,1.000000000000000000e+00,6.117179999999999840e-01
2.298362631346285343e+04,8.010530000000000150e-01,1.000000000000000000e+00,6.057360000000000522e-01
2.310354355818033218e+04,8.076079999999999925e-01,1.000000000000000000e+00,6.200390000000000068e-01
2.333689606726169586e+04,8.676099999999999923e-01,1.000000000000000000e+00,7.248419999999999863e-01
2.419900397075712681e+04,8.402950000000000141e-01,1.000000000000000000e+00,6.693480000000000540e-01
2.429299317443370819e+04,9.036380000000000523e-01,1.000000000000000000e+00,7.976259999999999462e-01
2.443559750993549824e+04,9.003349999999999964e-01,1.000000000000000000e+00,7.893850000000000033e-01
2.460412988647818565e+04,8.506909999999999750e-01,1.000000000000000000e+00,6.820450000000000124e-01
2.463329892766475677e+04,8.466000000000000192e-01,1.000000000000000000e+00,6.783130000000000548e-01
2.480183130420744419e+04,8.443100000000000049e-01,1.000000000000000000e+00,6.731080000000000396e-01
2.486989246684312820e+04,8.596319999999999517e-01,1.000000000000000000e+00,7.039530000000000509e-01
2.508703992538154125e+04,8.227480000000000349e-01,1.000000000000000000e+00,6.448850000000000415e-01
2.515510107800364494e+04,8.216609999999999747e-01,1.000000000000000000e+00,6.399340000000000028e-01
2.533983849519491196e+04,8.655190000000000383e-01,1.000000000000000000e+00,7.301119999999999832e-01
2.549540683124959469e+04,8.934400000000000119e-01,1.000000000000000000e+00,7.851810000000000178e-01
2.566393921779096127e+04,8.137569999999999526e-01,1.000000000000000000e+00,6.669730000000000381e-01
2.581626656369864941e+04,8.185710000000000486e-01,1.000000000000000000e+00,6.703550000000000342e-01
2.603989606238901615e+04,8.026689999999999658e-01,1.000000000000000000e+00,6.712970000000000326e-01
2.623759751003980637e+04,8.028509999999999813e-01,9.999989999999999712e-01,6.693390000000000173e-01
2.654549318209290504e+04,8.045029999999999681e-01,9.999989999999999712e-01,6.731219999999999981e-01
2.661355434472858906e+04,8.002470000000000416e-01,1.000000000000000000e+00,6.634100000000000552e-01
2.670106153815984726e+04,6.872589999999999533e-01,1.000000000000000000e+00,5.611390000000000544e-01
2.702516226075589657e+04,6.920389999999999597e-01,1.000000000000000000e+00,5.646889999999999965e-01
2.716452557617425919e+04,6.953890000000000349e-01,1.000000000000000000e+00,5.731899999999999773e-01
2.717100759641826153e+04,6.821329999999999893e-01,1.000000000000000000e+00,5.580380000000000340e-01
2.717748961666226387e+04,7.922489999999999810e-01,1.000000000000000000e+00,6.827159999999999895e-01
2.720017666752636433e+04,7.937210000000000099e-01,1.000000000000000000e+00,6.842120000000000424e-01
2.744973422725498676e+04,7.986520000000000286e-01,1.000000000000000000e+00,6.897199999999999998e-01
2.745297521741688251e+04,8.097729999999999650e-01,1.000000000000000000e+00,7.051119999999999610e-01
2.750483134941756725e+04,8.103810000000000180e-01,1.000000000000000000e+00,7.062910000000000021e-01
2.766364071555435658e+04,7.989500000000000490e-01,1.000000000000000000e+00,6.924109999999999987e-01
2.768632774651050568e+04,6.999610000000000554e-01,9.999980000000000535e-01,5.841589999999999838e-01
2.784189611250162125e+04,6.962599999999999900e-01,1.000000000000000000e+00,5.725419999999999954e-01
2.793588532616198063e+04,7.061579999999999524e-01,1.000000000000000000e+00,5.824700000000000433e-01
2.808821267206966877e+04,7.004040000000000266e-01,1.000000000000000000e+00,5.770049999999999901e-01
2.829887815028429031e+04,6.952089999999999659e-01,1.000000000000000000e+00,5.748140000000000471e-01
2.830860116069018841e+04,6.753510000000000346e-01,9.999970000000000248e-01,5.512759999999999883e-01
2.832480620130896568e+04,5.234680000000000444e-01,9.999930000000000208e-01,3.708679999999999755e-01
2.841879541499912739e+04,5.355130000000000168e-01,9.999930000000000208e-01,3.900989999999999736e-01
2.855491773025691509e+04,5.464539999999999953e-01,8.764629999999999921e-01,2.987630000000000008e-01
2.856464076057076454e+04,5.543820000000000414e-01,8.395000000000000240e-01,2.687069999999999736e-01
2.872993213702738285e+04,5.555189999999999850e-01,9.210289999999999866e-01,3.537730000000000041e-01
2.875586018806695938e+04,5.913439999999999808e-01,1.000000000000000000e+00,4.502309999999999923e-01
2.891791055436432362e+04,7.277970000000000272e-01,1.000000000000000000e+00,5.835510000000000419e-01
2.891791055436432362e+04,7.179149999999999698e-01,1.000000000000000000e+00,5.828259999999999552e-01
2.898273069693148136e+04,7.146869999999999612e-01,1.000000000000000000e+00,5.715609999999999857e-01
2.899569472740590572e+04,7.277970000000000272e-01,1.000000000000000000e+00,5.835510000000000419e-01
2.935868756152689457e+04,8.475479999999999681e-01,1.000000000000000000e+00,7.376310000000000366e-01
2.942350769406557083e+04,8.429410000000000514e-01,1.000000000000000000e+00,7.318940000000000445e-01
2.956935302974283695e+04,8.480820000000000025e-01,1.000000000000000000e+00,7.384929999999999550e-01
2.965686022315919399e+04,8.503230000000000510e-01,1.000000000000000000e+00,7.385920000000000263e-01
3.004902212840318680e+04,8.468459999999999877e-01,1.000000000000000000e+00,7.363410000000000233e-01
3.066157252223789692e+04,8.721590000000000176e-01,1.000000000000000000e+00,7.657070000000000265e-01
3.068750060319900513e+04,9.174309999999999965e-01,1.000000000000000000e+00,8.338799999999999546e-01
3.073935670527815819e+04,9.139939999999999731e-01,1.000000000000000000e+00,8.263939999999999619e-01
3.080741786789894104e+04,9.119779999999999553e-01,1.000000000000000000e+00,8.252089999999999703e-01
3.082362291845679283e+04,9.180580000000000407e-01,1.000000000000000000e+00,8.333270000000000399e-01
3.108938551883399487e+04,9.147750000000000048e-01,1.000000000000000000e+00,8.306970000000000187e-01
3.132922006817162037e+04,9.118979999999999864e-01,1.000000000000000000e+00,8.242080000000000517e-01
3.135838913927972317e+04,9.109319999999999640e-01,1.000000000000000000e+00,8.200070000000000414e-01
3.148802942438423634e+04,9.043769999999999865e-01,1.000000000000000000e+00,8.161340000000000261e-01
3.157553663773834705e+04,9.029580000000000384e-01,1.000000000000000000e+00,8.057940000000000103e-01
3.176675606523454189e+04,9.039009999999999545e-01,1.000000000000000000e+00,8.087870000000000337e-01
3.178296112579107285e+04,9.047509999999999719e-01,1.000000000000000000e+00,8.080180000000000140e-01
3.192232442130148411e+04,8.547240000000000393e-01,1.000000000000000000e+00,7.427930000000000366e-01
3.224966619397699833e+04,8.656660000000000466e-01,1.000000000000000000e+00,7.550019999999999509e-01
3.238902948948740959e+04,8.597569999999999935e-01,1.000000000000000000e+00,7.499019999999999575e-01
3.249274174346029758e+04,8.597569999999999935e-01,1.000000000000000000e+00,7.499019999999999575e-01
3.258348995697498322e+04,8.644830000000000014e-01,1.000000000000000000e+00,7.635189999999999477e-01
3.277795040455460548e+04,9.117520000000000069e-01,1.000000000000000000e+00,8.384730000000000238e-01
3.278119140470027924e+04,9.106849999999999667e-01,1.000000000000000000e+00,8.354759999999999964e-01
3.280063745541870594e+04,9.449340000000000517e-01,1.000000000000000000e+00,8.943200000000000038e-01
3.287842163845896721e+04,9.426799999999999624e-01,1.000000000000000000e+00,8.901409999999999600e-01
3.320900441129505634e+04,9.432000000000000384e-01,1.000000000000000000e+00,8.902079999999999993e-01
3.343587493015825748e+04,9.005520000000000191e-01,1.000000000000000000e+00,8.165559999999999485e-01
3.360440731669962406e+04,9.005520000000000191e-01,1.000000000000000000e+00,8.165559999999999485e-01
3.381183180475234985e+04,9.031839999999999868e-01,1.000000000000000000e+00,8.176189999999999847e-01
3.386044691666960716e+04,9.033160000000000078e-01,1.000000000000000000e+00,8.183270000000000266e-01
3.393499008953571320e+04,9.063020000000000520e-01,1.000000000000000000e+00,8.244829999999999659e-01
3.395119513016939163e+04,9.033160000000000078e-01,1.000000000000000000e+00,8.178509999999999946e-01
3.407759441512823105e+04,9.044959999999999667e-01,1.000000000000000000e+00,8.219260000000000455e-01
3.421371674038469791e+04,8.303819999999999535e-01,1.000000000000000000e+00,7.188660000000000050e-01
3.432391098469495773e+04,8.315099999999999714e-01,1.000000000000000000e+00,7.169109999999999649e-01
3.444058725923299789e+04,8.422380000000000422e-01,1.000000000000000000e+00,7.282819999999999849e-01
3.451513044211268425e+04,8.124369999999999647e-01,1.000000000000000000e+00,6.884470000000000312e-01
3.459291459521651268e+04,8.159560000000000146e-01,1.000000000000000000e+00,6.923049999999999482e-01
3.469662684920430183e+04,8.131500000000000394e-01,1.000000000000000000e+00,6.901370000000000005e-01
3.493646140854060650e+04,8.124369999999999647e-01,1.000000000000000000e+00,6.828039999999999665e-01
3.500452257116138935e+04,6.884660000000000224e-01,1.000000000000000000e+00,4.907290000000000263e-01
3.552956580159068108e+04,6.955099999999999616e-01,1.000000000000000000e+00,5.004520000000000080e-01
3.568189313757419586e+04,7.509400000000000519e-01,1.000000000000000000e+00,5.755270000000000108e-01
3.585690755434334278e+04,7.625499999999999501e-01,1.000000000000000000e+00,5.947369999999999601e-01
3.591524569658935070e+04,7.660909999999999664e-01,1.000000000000000000e+00,5.897649999999999837e-01
3.605460900209844112e+04,7.684039999999999759e-01,1.000000000000000000e+00,6.079740000000000144e-01
3.621341838821768761e+04,7.568730000000000180e-01,1.000000000000000000e+00,5.824030000000000040e-01
3.629768458150327206e+04,8.579849999999999977e-01,1.000000000000000000e+00,7.105700000000000349e-01
3.634954071350395679e+04,8.376000000000000112e-01,1.000000000000000000e+00,6.638570000000000304e-01
3.659585727314651012e+04,7.476140000000000008e-01,1.000000000000000000e+00,5.332430000000000225e-01
3.692644004599750042e+04,7.472830000000000306e-01,1.000000000000000000e+00,5.349140000000000006e-01
3.706904439149796963e+04,7.259390000000000009e-01,1.000000000000000000e+00,4.803890000000000104e-01
3.714034655427932739e+04,7.381820000000000048e-01,1.000000000000000000e+00,4.980439999999999867e-01
3.723109477777779102e+04,4.797420000000000018e-01,1.000000000000000000e+00,1.176880000000000009e-01
3.739314515408873558e+04,4.643369999999999997e-01,1.000000000000000000e+00,1.131189999999999973e-01
3.810616682183742523e+04,4.500580000000000136e-01,1.000000000000000000e+00,3.494699999999999890e-02
3.817422796456515789e+04,4.561970000000000192e-01,1.000000000000000000e+00,3.964999999999999775e-03
3.842054456405341625e+04,1.867230000000000001e-01,1.000000000000000000e+00,-3.078859999999999930e-01
3.844971362525224686e+04,5.068749999999999645e-01,1.000000000000000000e+00,1.075269999999999976e-01
3.866362013354897499e+04,5.480230000000000379e-01,9.999989999999999712e-01,1.511699999999999988e-01
3.881594749943912029e+04,5.301829999999999599e-01,9.999989999999999712e-01,1.737589999999999968e-01
3.891317771327495575e+04,3.287490000000000134e-01,9.999989999999999712e-01,-1.187219999999999942e-01
3.924376049610972404e+04,3.165140000000000176e-01,1.000000000000000000e+00,-1.436000000000000054e-01
3.979473178757727146e+04,3.391939999999999955e-01,1.000000000000000000e+00,-9.495800000000000074e-02
3.993733613307774067e+04,3.073520000000000141e-01,9.999989999999999712e-01,-1.430770000000000097e-01
4.008642247889935970e+04,4.452030000000000154e-01,9.999989999999999712e-01,2.592000000000000120e-03
4.065035781082510948e+04,4.329210000000000003e-01,1.000000000000000000e+00,-6.335999999999999618e-03
4.066332183139026165e+04,4.177969999999999740e-01,1.000000000000000000e+00,-7.505000000000000386e-03
4.085130028864741325e+04,4.306980000000000253e-01,1.000000000000000000e+00,1.003700000000000078e-02
4.104900174638628960e+04,4.392530000000000046e-01,1.000000000000000000e+00,2.458199999999999968e-02
4.145412771210074425e+04,4.381920000000000259e-01,1.000000000000000000e+00,2.150099999999999928e-02
4.253014226397871971e+04,4.267540000000000222e-01,1.000000000000000000e+00,1.067000000000000066e-02
4.265978254906833172e+04,6.807109999999999550e-01,1.000000000000000000e+00,4.091480000000000117e-01
4.284451999625563622e+04,6.717290000000000205e-01,1.000000000000000000e+00,3.777300000000000102e-01
4.305518550437688828e+04,6.630460000000000242e-01,1.000000000000000000e+00,3.878869999999999818e-01
4.307787256525456905e+04,6.699359999999999760e-01,1.000000000000000000e+00,3.749000000000000110e-01
4.311676465678215027e+04,6.549789999999999779e-01,1.000000000000000000e+00,3.553580000000000072e-01
4.330150209397077560e+04,6.206859999999999600e-01,1.000000000000000000e+00,2.917790000000000106e-01
4.334687620571255684e+04,6.162370000000000347e-01,1.000000000000000000e+00,3.134310000000000151e-01
4.371311006999015808e+04,6.502259999999999707e-01,1.000000000000000000e+00,3.668339999999999934e-01
4.387840145644545555e+04,7.999389999999999556e-01,1.000000000000000000e+00,6.115479999999999805e-01
4.407610293410718441e+04,8.006619999999999848e-01,1.000000000000000000e+00,6.183140000000000303e-01
4.433214253409206867e+04,8.172070000000000167e-01,1.000000000000000000e+00,6.362499999999999822e-01
4.441316771727800369e+04,8.109570000000000389e-01,1.000000000000000000e+00,6.498040000000000482e-01
4.444557779854536057e+04,8.189269999999999605e-01,1.000000000000000000e+00,6.465100000000000291e-01
4.448446990998089314e+04,8.803360000000000074e-01,1.000000000000000000e+00,7.629010000000000513e-01
4.474375051011145115e+04,8.818810000000000260e-01,1.000000000000000000e+00,7.589599999999999680e-01
4.486042678464949131e+04,8.943649999999999656e-01,1.000000000000000000e+00,7.851939999999999475e-01
4.494793400800228119e+04,8.851080000000000059e-01,1.000000000000000000e+00,7.845820000000000016e-01
4.513915345549583435e+04,9.303670000000000551e-01,1.000000000000000000e+00,8.576869999999999772e-01
4.539519305546581745e+04,9.305889999999999995e-01,1.000000000000000000e+00,8.627550000000000496e-01
4.551835135026276112e+04,9.316280000000000117e-01,1.000000000000000000e+00,8.653110000000000523e-01
4.589754925501346588e+04,9.286010000000000097e-01,1.000000000000000000e+00,8.593460000000000543e-01
4.594292336677014828e+04,9.542089999999999739e-01,1.000000000000000000e+00,9.076769999999999561e-01
4.594292336677014828e+04,9.529579999999999718e-01,1.000000000000000000e+00,9.046459999999999502e-01
4.608228670218586922e+04,9.505479999999999485e-01,1.000000000000000000e+00,8.955039999999999667e-01
4.614710684473812580e+04,9.506430000000000158e-01,1.000000000000000000e+00,8.944720000000000448e-01
4.627026513952016830e+04,9.503310000000000368e-01,1.000000000000000000e+00,8.946209999999999996e-01
4.642259250542521477e+04,9.520509999999999806e-01,1.000000000000000000e+00,8.991400000000000503e-01
4.659760693220794201e+04,9.542559999999999931e-01,1.000000000000000000e+00,9.063400000000000345e-01
4.668835513579845428e+04,9.563559999999999839e-01,1.000000000000000000e+00,9.105539999999999745e-01
4.693791272553801537e+04,9.559050000000000047e-01,1.000000000000000000e+00,9.097159999999999691e-01
4.694439476570487022e+04,9.560640000000000249e-01,1.000000000000000000e+00,9.103080000000000060e-01
4.751157111778855324e+04,9.595139999999999780e-01,1.000000000000000000e+00,9.154849999999999932e-01
4.807550645972788334e+04,9.589290000000000314e-01,1.000000000000000000e+00,9.146779999999999911e-01
4.809171150036156178e+04,9.549969999999999848e-01,1.000000000000000000e+00,9.081380000000000008e-01
4.812736257179081440e+04,9.567830000000000501e-01,1.000000000000000000e+00,9.104210000000000358e-01
4.823107483579218388e+04,9.573679999999999968e-01,1.000000000000000000e+00,9.129960000000000298e-01
4.831858203920722008e+04,9.584650000000000114e-01,1.000000000000000000e+00,9.144109999999999738e-01
4.885334832994639874e+04,9.613530000000000131e-01,1.000000000000000000e+00,9.206760000000000499e-01
4.911911096031963825e+04,9.619259999999999478e-01,1.000000000000000000e+00,9.215039999999999898e-01
4.960850311937928200e+04,9.590199999999999836e-01,1.000000000000000000e+00,9.148399999999999865e-01
4.988074776999652386e+04,9.596099999999999630e-01,1.000000000000000000e+00,9.157520000000000104e-01
4.994880894263088703e+04,9.527069999999999705e-01,1.000000000000000000e+00,9.015100000000000335e-01
5.000390606477856636e+04,9.297159999999999869e-01,1.000000000000000000e+00,8.555869999999999864e-01
5.004603917637467384e+04,9.306680000000000508e-01,1.000000000000000000e+00,8.584770000000000456e-01
5.011734134915471077e+04,9.311639999999999917e-01,1.000000000000000000e+00,8.592140000000000333e-01
5.018864351196587086e+04,9.323019999999999641e-01,1.000000000000000000e+00,8.595460000000000322e-01
5.019512553219497204e+04,9.324660000000000171e-01,1.000000000000000000e+00,8.629499999999999948e-01
5.030856078666448593e+04,9.261009999999999520e-01,1.000000000000000000e+00,8.484850000000000447e-01
5.058728745751082897e+04,9.320279999999999676e-01,1.000000000000000000e+00,8.662649999999999517e-01
5.059376949766278267e+04,9.298579999999999623e-01,1.000000000000000000e+00,8.638980000000000548e-01
5.068451770125329494e+04,9.235929999999999973e-01,1.000000000000000000e+00,8.541170000000000151e-01
5.077526592476665974e+04,9.185029999999999584e-01,1.000000000000000000e+00,8.425280000000000546e-01
5.090814723993837833e+04,9.122369999999999646e-01,1.000000000000000000e+00,8.297200000000000131e-01
5.095028033162653446e+04,9.059160000000000545e-01,1.000000000000000000e+00,8.144829999999999570e-01
5.131975522598624229e+04,9.014360000000000150e-01,1.000000000000000000e+00,8.072650000000000103e-01
5.148828763252496719e+04,8.974480000000000235e-01,1.000000000000000000e+00,7.995550000000000157e-01
5.205222298446297646e+04,8.915610000000000479e-01,1.000000000000000000e+00,7.967589999999999950e-01
5.206194600486755371e+04,8.896079999999999544e-01,1.000000000000000000e+00,7.933890000000000109e-01
5.231150360459089279e+04,8.693400000000000016e-01,1.000000000000000000e+00,7.585349999999999593e-01
5.238604678745567799e+04,8.618700000000000250e-01,1.000000000000000000e+00,7.421489999999999476e-01
5.259347128552198410e+04,8.405540000000000234e-01,1.000000000000000000e+00,7.033719999999999972e-01
5.260319430592656136e+04,8.227689999999999726e-01,1.000000000000000000e+00,6.728349999999999609e-01
5.286571593612432480e+04,8.107079999999999842e-01,1.000000000000000000e+00,6.476619999999999600e-01
5.291433104804158211e+04,7.803320000000000256e-01,1.000000000000000000e+00,5.899729999999999697e-01
5.297915122051537037e+04,7.448430000000000328e-01,1.000000000000000000e+00,5.197230000000000461e-01
