# Time,Median,Upper Error,Lower Error
0.000000000000000000e+00,-8.607050000000000534e-01,-7.940190000000000303e-01,-1.000000000000000000e+00
9.723020434379577637e+00,-8.690090000000000314e-01,-8.060519999999999907e-01,-1.000000000000000000e+00
2.592800146341323853e+01,-8.758390000000000342e-01,-8.158410000000000384e-01,-9.997270000000000323e-01
4.537404239177703857e+01,-8.881059999999999510e-01,-8.277139999999999498e-01,-9.999980000000000535e-01
9.398916462063789368e+01,-7.941829999999999723e-01,-6.928119999999999834e-01,-9.429870000000000196e-01
9.723016479611396790e+01,-8.039680000000000160e-01,-7.111049999999999871e-01,-9.491559999999999997e-01
1.069532051682472229e+02,-8.125580000000000025e-01,-7.246569999999999956e-01,-9.524700000000000388e-01
1.199172158241271973e+02,-8.208079999999999821e-01,-7.443779999999999841e-01,-9.627559999999999452e-01
1.263992559909820557e+02,-8.280910000000000215e-01,-7.483250000000000179e-01,-9.573049999999999615e-01
1.555683173835277557e+02,-8.405470000000000441e-01,-7.688829999999999831e-01,-9.719109999999999694e-01
1.588093374669551849e+02,-8.468189999999999884e-01,-7.808819999999999650e-01,-9.763460000000000472e-01
2.009424394071102142e+02,-8.525300000000000100e-01,-7.824630000000000196e-01,-9.706719999999999793e-01
2.657626122832298279e+02,-8.606629999999999558e-01,-7.924339999999999717e-01,-9.779459999999999820e-01
2.722446126341819763e+02,-8.655530000000000168e-01,-7.971489999999999965e-01,-9.765310000000000379e-01
2.787266329228878021e+02,-8.709500000000000020e-01,-8.075520000000000476e-01,-9.798090000000000410e-01
2.787266329228878021e+02,-8.751499999999999835e-01,-8.119070000000000453e-01,-9.800480000000000302e-01
3.111367143988609314e+02,-8.751499999999999835e-01,-8.119070000000000453e-01,-9.800480000000000302e-01
3.759568872451782227e+02,-8.753389999999999782e-01,-8.134719999999999729e-01,-9.799670000000000325e-01
4.699461215138435364e+02,-8.067069999999999519e-01,-7.224899999999999656e-01,-9.277079999999999771e-01
4.731871216893196106e+02,-8.053599999999999648e-01,-7.223190000000000444e-01,-9.286649999999999627e-01
4.796691419780254364e+02,-8.037539999999999685e-01,-7.223190000000000444e-01,-9.272810000000000219e-01
5.380073045492172241e+02,-8.132289999999999797e-01,-7.266880000000000006e-01,-9.298189999999999511e-01
5.380073045492172241e+02,-7.468679999999999763e-01,-6.472980000000000400e-01,-8.826000000000000512e-01
5.542123352885246277e+02,-7.468679999999999763e-01,-6.472980000000000400e-01,-8.826000000000000512e-01
5.704173760414123535e+02,-7.468679999999999763e-01,-6.472980000000000400e-01,-8.826000000000000512e-01
5.801403964757919312e+02,-8.132289999999999797e-01,-7.266880000000000006e-01,-9.298189999999999511e-01
5.995864573419094086e+02,-8.153010000000000534e-01,-7.298179999999999668e-01,-9.352070000000000105e-01
6.384785590767860413e+02,-8.153010000000000534e-01,-7.298179999999999668e-01,-9.352070000000000105e-01
6.806116510331630707e+02,-8.141190000000000371e-01,-7.298179999999999668e-01,-9.352009999999999490e-01
7.648778448998928070e+02,-8.142580000000000373e-01,-7.262440000000000007e-01,-9.344109999999999916e-01
7.972879462838172913e+02,-7.470630000000000326e-01,-6.558969999999999523e-01,-8.902539999999999898e-01
8.070109866559505463e+02,-6.839880000000000404e-01,-5.783840000000000092e-01,-8.381819999999999826e-01
8.070109866559505463e+02,-6.839880000000000404e-01,-5.783840000000000092e-01,-8.381819999999999826e-01
8.102519669532775879e+02,-6.852920000000000122e-01,-5.784310000000000285e-01,-8.387879999999999781e-01
8.167339971065521240e+02,-6.852920000000000122e-01,-5.784310000000000285e-01,-8.387879999999999781e-01
8.523850787878036499e+02,-6.820429999999999549e-01,-5.784310000000000285e-01,-8.376069999999999904e-01
8.588670990765094757e+02,-7.468679999999999763e-01,-6.472980000000000400e-01,-8.826000000000000512e-01
8.750721397995948792e+02,-7.468679999999999763e-01,-6.472980000000000400e-01,-8.826000000000000512e-01
8.815541799962520599e+02,-6.820429999999999549e-01,-5.784310000000000285e-01,-8.376069999999999904e-01
9.334102724790573120e+02,-6.820429999999999549e-01,-5.784310000000000285e-01,-8.376069999999999904e-01
9.463743329346179962e+02,-6.820429999999999549e-01,-5.784310000000000285e-01,-8.376069999999999904e-01
9.852664246857166290e+02,-6.787009999999999987e-01,-5.807060000000000555e-01,-8.376069999999999904e-01
1.007953465819358826e+03,-6.787009999999999987e-01,-5.807060000000000555e-01,-8.376069999999999904e-01
1.011194485872983932e+03,-6.787009999999999987e-01,-5.807060000000000555e-01,-8.376069999999999904e-01
1.033881546914577484e+03,-6.782569999999999988e-01,-5.781690000000000440e-01,-8.371579999999999577e-01
1.063050618201494217e+03,-6.797569999999999446e-01,-5.794569999999999999e-01,-8.371180000000000287e-01
1.072773638665676117e+03,-6.815189999999999859e-01,-5.810260000000000424e-01,-8.385880000000000001e-01
1.101942709952592850e+03,-6.761679999999999913e-01,-5.679750000000000076e-01,-8.272040000000000504e-01
1.157039852440357208e+03,-6.761679999999999913e-01,-5.679750000000000076e-01,-8.272040000000000504e-01
1.205654964685440063e+03,-6.815189999999999859e-01,-5.810260000000000424e-01,-8.385880000000000001e-01
1.247788076519966125e+03,-7.438639999999999697e-01,-6.514419999999999655e-01,-8.874170000000000114e-01
1.247788076519966125e+03,-7.432480000000000198e-01,-6.448760000000000048e-01,-8.803999999999999604e-01
1.322331249952316284e+03,-7.432480000000000198e-01,-6.448760000000000048e-01,-8.803999999999999604e-01
1.322331249952316284e+03,-7.443410000000000304e-01,-6.487519999999999953e-01,-8.832539999999999836e-01
1.325572250127792358e+03,-8.040960000000000329e-01,-7.254950000000000010e-01,-9.277079999999999771e-01
1.351500301301479340e+03,-8.040960000000000329e-01,-7.254950000000000010e-01,-9.277079999999999771e-01
1.387151422828435898e+03,-8.067069999999999519e-01,-7.224899999999999656e-01,-9.277079999999999771e-01
1.413079474002122879e+03,-8.067069999999999519e-01,-7.224899999999999656e-01,-9.277079999999999771e-01
1.455212565928697586e+03,-8.040960000000000329e-01,-7.254950000000000010e-01,-9.277079999999999771e-01
1.520032738804817200e+03,-8.040960000000000329e-01,-7.254950000000000010e-01,-9.277079999999999771e-01
1.549201790213584900e+03,-8.040960000000000329e-01,-7.254950000000000010e-01,-9.277079999999999771e-01
1.562165830761194229e+03,-8.054090000000000416e-01,-7.267139999999999711e-01,-9.277079999999999771e-01
1.591334902048110962e+03,-8.740989999999999593e-01,-8.134630000000000472e-01,-9.752300000000000413e-01
1.620503963440656662e+03,-8.726660000000000528e-01,-8.094999999999999973e-01,-9.710349999999999815e-01
1.695047146737575531e+03,-8.726660000000000528e-01,-8.094999999999999973e-01,-9.710349999999999815e-01
1.711252207398414612e+03,-8.715779999999999639e-01,-8.094479999999999453e-01,-9.732579999999999565e-01
1.743662258982658386e+03,-8.715779999999999639e-01,-8.094479999999999453e-01,-9.732579999999999565e-01
1.776072330445051193e+03,-8.672260000000000524e-01,-8.012820000000000498e-01,-9.637959999999999861e-01
1.831169482856988907e+03,-8.672260000000000524e-01,-8.012820000000000498e-01,-9.637959999999999861e-01
1.837651503145694733e+03,-8.672260000000000524e-01,-8.012820000000000498e-01,-9.637959999999999861e-01
1.844133493483066559e+03,-9.322080000000000366e-01,-8.952329999999999455e-01,-9.999989999999999712e-01
1.863579554349184036e+03,-9.364540000000000086e-01,-9.008140000000000036e-01,-1.000000000000000000e+00
1.879784585058689117e+03,-9.364540000000000086e-01,-9.008140000000000036e-01,-1.000000000000000000e+00
1.879784585058689117e+03,-9.364540000000000086e-01,-9.008140000000000036e-01,-1.000000000000000000e+00
1.889507625430822372e+03,-9.364540000000000086e-01,-9.008140000000000036e-01,-1.000000000000000000e+00
1.895989625811576843e+03,-8.715779999999999639e-01,-8.094479999999999453e-01,-9.732579999999999565e-01
1.928399697273969650e+03,-8.715779999999999639e-01,-8.094479999999999453e-01,-9.732579999999999565e-01
1.977014829397201538e+03,-8.715779999999999639e-01,-8.094479999999999453e-01,-9.732579999999999565e-01
1.996460860341787338e+03,-8.715779999999999639e-01,-8.094479999999999453e-01,-9.732579999999999565e-01
1.999701860547065735e+03,-8.037539999999999685e-01,-7.223190000000000444e-01,-9.272810000000000219e-01
2.019147921353578568e+03,-8.037539999999999685e-01,-7.223190000000000444e-01,-9.272810000000000219e-01
2.025629931628704071e+03,-8.037539999999999685e-01,-7.223190000000000444e-01,-9.272810000000000219e-01
2.074245043843984604e+03,-8.037539999999999685e-01,-7.223190000000000444e-01,-9.272810000000000219e-01
2.077486063957214355e+03,-8.033759999999999790e-01,-7.285239999999999494e-01,-9.343479999999999563e-01
2.090450094491243362e+03,-8.033759999999999790e-01,-7.285239999999999494e-01,-9.343479999999999563e-01
2.093691094666719437e+03,-8.005290000000000461e-01,-7.215340000000000087e-01,-9.263230000000000075e-01
2.129342166364192963e+03,-8.005290000000000461e-01,-7.215340000000000087e-01,-9.263230000000000075e-01
2.135824186623096466e+03,-8.005290000000000461e-01,-7.215340000000000087e-01,-9.263230000000000075e-01
2.145547207057476044e+03,-8.014219999999999677e-01,-7.171969999999999734e-01,-9.236309999999999798e-01
2.174716278374195099e+03,-8.014219999999999677e-01,-7.171969999999999734e-01,-9.236309999999999798e-01
2.194162329196929932e+03,-8.014219999999999677e-01,-7.171969999999999734e-01,-9.236309999999999798e-01
2.203885349661111832e+03,-8.014219999999999677e-01,-7.171969999999999734e-01,-9.236309999999999798e-01
2.216849360316991806e+03,-8.014219999999999677e-01,-7.171969999999999734e-01,-9.236309999999999798e-01
2.220090380430221558e+03,-7.966659999999999853e-01,-7.145810000000000217e-01,-9.163059999999999539e-01
2.220090380430221558e+03,-7.966659999999999853e-01,-7.145810000000000217e-01,-9.163059999999999539e-01
2.226572400689125061e+03,-8.620250000000000412e-01,-7.983430000000000248e-01,-9.624239999999999462e-01
2.239536441236734390e+03,-8.620250000000000412e-01,-7.983430000000000248e-01,-9.624239999999999462e-01
2.271946512728929520e+03,-8.620250000000000412e-01,-7.983430000000000248e-01,-9.624239999999999462e-01
2.307597574383020401e+03,-8.620250000000000412e-01,-7.983430000000000248e-01,-9.624239999999999462e-01
2.333525655478239059e+03,-8.014219999999999677e-01,-7.171969999999999734e-01,-9.236309999999999798e-01
2.372417717337608337e+03,-8.014219999999999677e-01,-7.171969999999999734e-01,-9.236309999999999798e-01
2.443719900488853455e+03,-8.014219999999999677e-01,-7.171969999999999734e-01,-9.236309999999999798e-01
2.466406931579113007e+03,-8.014219999999999677e-01,-7.171969999999999734e-01,-9.236309999999999798e-01
2.508540033429861069e+03,-8.034329999999999528e-01,-7.286770000000000191e-01,-9.296820000000000084e-01
2.511781053513288498e+03,-8.014219999999999677e-01,-7.171969999999999734e-01,-9.236309999999999798e-01
2.531227104336023331e+03,-8.014219999999999677e-01,-7.171969999999999734e-01,-9.236309999999999798e-01
2.540950124830007553e+03,-8.014219999999999677e-01,-7.171969999999999734e-01,-9.236309999999999798e-01
2.547432125210762024e+03,-8.660060000000000535e-01,-8.013029999999999875e-01,-9.669440000000000257e-01
2.570119196116924286e+03,-8.005290000000000461e-01,-7.215340000000000087e-01,-9.263230000000000075e-01
2.576601196467876434e+03,-8.033759999999999790e-01,-7.285239999999999494e-01,-9.343479999999999563e-01
2.583083206743001938e+03,-8.033759999999999790e-01,-7.285239999999999494e-01,-9.343479999999999563e-01
2.599288267403841019e+03,-8.704650000000000443e-01,-8.013029999999999875e-01,-9.660429999999999851e-01
2.631698328912258148e+03,-8.704650000000000443e-01,-8.013029999999999875e-01,-9.660429999999999851e-01
2.738651553779840469e+03,-8.704650000000000443e-01,-8.013029999999999875e-01,-9.660429999999999851e-01
2.774302635371685028e+03,-8.660060000000000535e-01,-8.013029999999999875e-01,-9.669440000000000257e-01
2.787266655981540680e+03,-8.660060000000000535e-01,-8.013029999999999875e-01,-9.669440000000000257e-01
2.796989686369895935e+03,-8.005290000000000461e-01,-7.215340000000000087e-01,-9.263230000000000075e-01
2.796989686369895935e+03,-8.005290000000000461e-01,-7.215340000000000087e-01,-9.263230000000000075e-01
2.816435727298259735e+03,-8.005290000000000461e-01,-7.215340000000000087e-01,-9.263230000000000075e-01
2.835881778150796890e+03,-7.376369999999999871e-01,-6.368819999999999482e-01,-8.732170000000000210e-01
2.858568829119205475e+03,-7.376369999999999871e-01,-6.368819999999999482e-01,-8.732170000000000210e-01
2.884496880322694778e+03,-7.376369999999999871e-01,-6.368819999999999482e-01,-8.732170000000000210e-01
2.900701911091804504e+03,-7.376369999999999871e-01,-6.368819999999999482e-01,-8.732170000000000210e-01
2.907183951258659363e+03,-7.376369999999999871e-01,-6.368819999999999482e-01,-8.732170000000000210e-01
2.952558023363351822e+03,-6.746790000000000287e-01,-5.625660000000000105e-01,-8.226310000000000011e-01
2.981727094680070877e+03,-6.746790000000000287e-01,-5.625660000000000105e-01,-8.226310000000000011e-01
3.017378176242113113e+03,-6.746790000000000287e-01,-5.625660000000000105e-01,-8.226310000000000011e-01
3.020619176447391510e+03,-6.761679999999999913e-01,-5.679750000000000076e-01,-8.272040000000000504e-01
3.043306227445602417e+03,-6.761679999999999913e-01,-5.679750000000000076e-01,-8.272040000000000504e-01
3.059511258184909821e+03,-6.761679999999999913e-01,-5.679750000000000076e-01,-8.272040000000000504e-01
3.082198309212923050e+03,-6.761679999999999913e-01,-5.679750000000000076e-01,-8.272040000000000504e-01
3.091921329677104950e+03,-7.438639999999999697e-01,-6.514419999999999655e-01,-8.874170000000000114e-01
3.198874554485082626e+03,-7.438639999999999697e-01,-6.514419999999999655e-01,-8.874170000000000114e-01
3.202115554660558701e+03,-7.438639999999999697e-01,-6.514419999999999655e-01,-8.874170000000000114e-01
3.234525626122951508e+03,-7.438639999999999697e-01,-6.514419999999999655e-01,-8.874170000000000114e-01
3.237766636252403259e+03,-7.438639999999999697e-01,-6.514419999999999655e-01,-8.874170000000000114e-01
3.241007636398077011e+03,-7.438639999999999697e-01,-6.514419999999999655e-01,-8.874170000000000114e-01
3.250730656892061234e+03,-7.470630000000000326e-01,-6.473449999999999482e-01,-8.818190000000000195e-01
3.260453667342662811e+03,-7.470630000000000326e-01,-6.473449999999999482e-01,-8.818190000000000195e-01
3.292863758742809296e+03,-7.440529999999999644e-01,-6.433149999999999702e-01,-8.774239999999999817e-01
3.302586769193410873e+03,-8.052650000000000086e-01,-7.284610000000000252e-01,-9.334270000000000067e-01
3.309068789452314377e+03,-8.014219999999999677e-01,-7.171969999999999734e-01,-9.236309999999999798e-01
3.383611952811479568e+03,-7.379780000000000229e-01,-6.368660000000000432e-01,-8.723999999999999533e-01
3.390093943148851395e+03,-7.379780000000000229e-01,-6.368660000000000432e-01,-8.723999999999999533e-01
3.403057983726263046e+03,-7.379780000000000229e-01,-6.368660000000000432e-01,-8.723999999999999533e-01
3.471119126766920090e+03,-7.379780000000000229e-01,-6.368660000000000432e-01,-8.723999999999999533e-01
3.532698249548673630e+03,-7.376369999999999871e-01,-6.368819999999999482e-01,-8.732170000000000210e-01
3.535939249724149704e+03,-7.376369999999999871e-01,-6.368819999999999482e-01,-8.732170000000000210e-01
3.555385300546884537e+03,-8.005290000000000461e-01,-7.215340000000000087e-01,-9.263230000000000075e-01
3.565108311027288437e+03,-8.005290000000000461e-01,-7.215340000000000087e-01,-9.263230000000000075e-01
3.581313371658325195e+03,-7.988830000000000098e-01,-7.223190000000000444e-01,-9.253209999999999491e-01
3.597518372505903244e+03,-8.715779999999999639e-01,-8.094479999999999453e-01,-9.732579999999999565e-01
3.610482413053512573e+03,-8.715779999999999639e-01,-8.094479999999999453e-01,-9.732579999999999565e-01
3.636410454243421555e+03,-8.715779999999999639e-01,-8.094479999999999453e-01,-9.732579999999999565e-01
3.668820515751838684e+03,-8.715779999999999639e-01,-8.094479999999999453e-01,-9.732579999999999565e-01
3.749845689326524734e+03,-8.715779999999999639e-01,-8.094479999999999453e-01,-9.732579999999999565e-01
3.775773740530014038e+03,-9.364540000000000086e-01,-9.008140000000000036e-01,-1.000000000000000000e+00
3.782255750805139542e+03,-9.364540000000000086e-01,-9.008140000000000036e-01,-1.000000000000000000e+00
3.788737771093845367e+03,-9.364540000000000086e-01,-9.008140000000000036e-01,-1.000000000000000000e+00
3.795219761461019516e+03,-9.365850000000000009e-01,-9.013370000000000548e-01,-1.000000000000000000e+00
3.808183821916580200e+03,-9.365850000000000009e-01,-9.013370000000000548e-01,-1.000000000000000000e+00
3.817906832367181778e+03,-9.365850000000000009e-01,-9.013370000000000548e-01,-1.000000000000000000e+00
3.830870843023061752e+03,-9.365850000000000009e-01,-9.013370000000000548e-01,-1.000000000000000000e+00
3.840593883395195007e+03,-9.315189999999999859e-01,-8.954739999999999922e-01,-1.000000000000000000e+00
3.840593883395195007e+03,-9.320540000000000491e-01,-8.962919999999999776e-01,-1.000000000000000000e+00
3.856798914134502411e+03,-9.320540000000000491e-01,-8.962919999999999776e-01,-1.000000000000000000e+00
3.882726955324411392e+03,-9.320540000000000491e-01,-8.962919999999999776e-01,-1.000000000000000000e+00
3.882726955324411392e+03,-9.320540000000000491e-01,-8.962919999999999776e-01,-1.000000000000000000e+00
3.934583067655563354e+03,-9.320540000000000491e-01,-8.962919999999999776e-01,-1.000000000000000000e+00
3.941065077930688858e+03,-8.660060000000000535e-01,-8.013029999999999875e-01,-9.669440000000000257e-01
3.957270108669996262e+03,-8.660060000000000535e-01,-8.013029999999999875e-01,-9.669440000000000257e-01
3.966993119120597839e+03,-8.660060000000000535e-01,-8.013029999999999875e-01,-9.669440000000000257e-01
3.976716139614582062e+03,-8.033759999999999790e-01,-7.285239999999999494e-01,-9.343479999999999563e-01
3.976716139614582062e+03,-8.033759999999999790e-01,-7.285239999999999494e-01,-9.343479999999999563e-01
4.073946333914995193e+03,-8.704650000000000443e-01,-8.013029999999999875e-01,-9.660429999999999851e-01
4.103115395218133926e+03,-8.704650000000000443e-01,-8.013029999999999875e-01,-9.660429999999999851e-01
4.106356395423412323e+03,-8.704650000000000443e-01,-8.013029999999999875e-01,-9.660429999999999851e-01
4.109597395598888397e+03,-8.738369999999999749e-01,-8.091909999999999936e-01,-9.742469999999999741e-01
4.148489487260580063e+03,-8.738369999999999749e-01,-8.091909999999999936e-01,-9.742469999999999741e-01
4.255442682147026062e+03,-8.738369999999999749e-01,-8.091909999999999936e-01,-9.742469999999999741e-01
4.255442682147026062e+03,-8.738369999999999749e-01,-8.091909999999999936e-01,-9.742469999999999741e-01
4.265165712535381317e+03,-8.803180000000000449e-01,-8.130359999999999809e-01,-9.781750000000000167e-01
4.287852753520011902e+03,-8.738369999999999749e-01,-8.091909999999999936e-01,-9.742469999999999741e-01
4.297575744092464447e+03,-8.751780000000000115e-01,-8.047779999999999934e-01,-9.720710000000000184e-01
4.304057784289121628e+03,-8.751780000000000115e-01,-8.047779999999999934e-01,-9.720710000000000184e-01
4.310539784669876099e+03,-8.751780000000000115e-01,-8.047779999999999934e-01,-9.720710000000000184e-01
4.326744805365800858e+03,-8.751780000000000115e-01,-8.047779999999999934e-01,-9.720710000000000184e-01
4.404528958886861801e+03,-8.751780000000000115e-01,-8.047779999999999934e-01,-9.720710000000000184e-01
4.411010989069938660e+03,-8.751780000000000115e-01,-8.047779999999999934e-01,-9.720710000000000184e-01
4.440180030465126038e+03,-8.751780000000000115e-01,-8.047779999999999934e-01,-9.720710000000000184e-01
4.472590111851692200e+03,-8.087550000000000017e-01,-7.285239999999999494e-01,-9.348950000000000315e-01
4.472590111851692200e+03,-8.087550000000000017e-01,-7.285239999999999494e-01,-9.348950000000000315e-01
4.511482163697481155e+03,-8.087550000000000017e-01,-7.285239999999999494e-01,-9.348950000000000315e-01
4.566579286098480225e+03,-8.044989999999999641e-01,-7.287390000000000256e-01,-9.367619999999999836e-01
4.621676378577947617e+03,-8.044989999999999641e-01,-7.287390000000000256e-01,-9.367619999999999836e-01
4.641122409522533417e+03,-8.044989999999999641e-01,-7.287390000000000256e-01,-9.367619999999999836e-01
4.650845419973134995e+03,-8.033759999999999790e-01,-7.285239999999999494e-01,-9.343479999999999563e-01
4.680014481276273727e+03,-8.033759999999999790e-01,-7.285239999999999494e-01,-9.343479999999999563e-01
4.702701522290706635e+03,-7.398850000000000149e-01,-6.425610000000000488e-01,-8.777239999999999487e-01
4.705942542374134064e+03,-7.398850000000000149e-01,-6.425610000000000488e-01,-8.777239999999999487e-01
4.757798614770174026e+03,-7.398850000000000149e-01,-6.425610000000000488e-01,-8.777239999999999487e-01
4.757798614770174026e+03,-8.037539999999999685e-01,-7.223190000000000444e-01,-9.272810000000000219e-01
4.764280635058879852e+03,-8.053599999999999648e-01,-7.223190000000000444e-01,-9.286649999999999627e-01
4.790208676248788834e+03,-8.053599999999999648e-01,-7.223190000000000444e-01,-9.286649999999999627e-01
4.822618747651576996e+03,-8.715779999999999639e-01,-8.094479999999999453e-01,-9.732579999999999565e-01
4.825859747827053070e+03,-8.715779999999999639e-01,-8.094479999999999453e-01,-9.732579999999999565e-01
4.871233829885721207e+03,-8.715779999999999639e-01,-8.094479999999999453e-01,-9.732579999999999565e-01
4.871233829885721207e+03,-8.715779999999999639e-01,-8.094479999999999453e-01,-9.732579999999999565e-01
4.949017973363399506e+03,-8.715779999999999639e-01,-8.094479999999999453e-01,-9.732579999999999565e-01
4.958740983843803406e+03,-8.739900000000000446e-01,-8.092549999999999466e-01,-9.741469999999999851e-01
4.965222994118928909e+03,-8.704650000000000443e-01,-8.013029999999999875e-01,-9.660429999999999851e-01
4.981428024858236313e+03,-8.803180000000000449e-01,-8.130359999999999809e-01,-9.781750000000000167e-01
4.984669015049934387e+03,-8.803180000000000449e-01,-8.130359999999999809e-01,-9.781750000000000167e-01
4.994392035484313965e+03,-8.803180000000000449e-01,-8.130359999999999809e-01,-9.781750000000000167e-01
5.010597076147794724e+03,-8.805119999999999614e-01,-8.098779999999999868e-01,-9.783359999999999834e-01
5.033284117162227631e+03,-8.826840000000000241e-01,-8.341399999999999926e-01,-9.999989999999999712e-01
5.052730148077011108e+03,-8.826840000000000241e-01,-8.341399999999999926e-01,-9.999989999999999712e-01
5.075417189121246338e+03,-8.826840000000000241e-01,-8.341399999999999926e-01,-9.999989999999999712e-01
5.085140199571847916e+03,-8.826840000000000241e-01,-8.341399999999999926e-01,-9.999989999999999712e-01
5.133755301684141159e+03,-8.826840000000000241e-01,-8.341399999999999926e-01,-9.999989999999999712e-01
5.136996321797370911e+03,-8.156149999999999789e-01,-7.303380000000000427e-01,-9.374299999999999855e-01
5.149960322439670563e+03,-8.156149999999999789e-01,-7.303380000000000427e-01,-9.374299999999999855e-01
5.172647363454103470e+03,-8.826840000000000241e-01,-8.341399999999999926e-01,-9.999989999999999712e-01
5.214780435383319855e+03,-8.826840000000000241e-01,-8.341399999999999926e-01,-9.999989999999999712e-01
5.240708466619253159e+03,-8.826840000000000241e-01,-8.341399999999999926e-01,-9.999989999999999712e-01
5.308769589662551880e+03,-8.817110000000000225e-01,-8.366090000000000471e-01,-9.999959999999999960e-01
5.431927805185317993e+03,-8.826840000000000241e-01,-8.341399999999999926e-01,-9.999989999999999712e-01
5.444891835749149323e+03,-8.826840000000000241e-01,-8.341399999999999926e-01,-9.999989999999999712e-01
5.448132825911045074e+03,-8.853170000000000206e-01,-8.385010000000000518e-01,-9.999959999999999960e-01
5.496747928023338318e+03,-8.853170000000000206e-01,-8.385010000000000518e-01,-9.999959999999999960e-01
5.499988928228616714e+03,-9.467579999999999885e-01,-9.106330000000000258e-01,-1.000000000000000000e+00
5.503229948312044144e+03,-9.467579999999999885e-01,-9.106330000000000258e-01,-1.000000000000000000e+00
5.519434969067573547e+03,-9.467579999999999885e-01,-9.106330000000000258e-01,-1.000000000000000000e+00
5.548604020357131958e+03,-9.458990000000000453e-01,-9.096440000000000081e-01,-1.000000000000000000e+00
5.548604020357131958e+03,-9.431760000000000144e-01,-9.084529999999999550e-01,-1.000000000000000000e+00
5.600460092753171921e+03,-9.431760000000000144e-01,-9.084529999999999550e-01,-1.000000000000000000e+00
5.619906143575906754e+03,-9.431760000000000144e-01,-9.084529999999999550e-01,-1.000000000000000000e+00
5.636111164331436157e+03,-9.431760000000000144e-01,-9.084529999999999550e-01,-1.000000000000000000e+00
5.652316185086965561e+03,-9.431760000000000144e-01,-9.084529999999999550e-01,-1.000000000000000000e+00
5.675003226071596146e+03,-9.458990000000000453e-01,-9.096440000000000081e-01,-1.000000000000000000e+00
5.700931267291307449e+03,-9.475270000000000081e-01,-9.121259999999999923e-01,-1.000000000000000000e+00
5.752787359595298767e+03,-8.801539999999999919e-01,-8.139549999999999841e-01,-9.799309999999999965e-01
5.752787359595298767e+03,-8.801539999999999919e-01,-8.139549999999999841e-01,-9.799309999999999965e-01
5.759269369870424271e+03,-8.037539999999999685e-01,-7.223190000000000444e-01,-9.272810000000000219e-01
5.762510370045900345e+03,-7.398850000000000149e-01,-6.425610000000000488e-01,-8.777239999999999487e-01
5.781956410914659500e+03,-7.398850000000000149e-01,-6.425610000000000488e-01,-8.777239999999999487e-01
5.801402431815862656e+03,-7.398850000000000149e-01,-6.425610000000000488e-01,-8.777239999999999487e-01
5.827330463021993637e+03,-7.398850000000000149e-01,-6.425610000000000488e-01,-8.777239999999999487e-01
5.869463544875383377e+03,-7.409130000000000438e-01,-6.419529999999999959e-01,-8.781830000000000469e-01
5.875945565134286880e+03,-7.409130000000000438e-01,-6.419529999999999959e-01,-8.781830000000000469e-01
5.879186575233936310e+03,-7.409130000000000438e-01,-6.419529999999999959e-01,-8.781830000000000469e-01
5.888909565806388855e+03,-7.409130000000000438e-01,-6.419529999999999959e-01,-8.781830000000000469e-01
5.908355606615543365e+03,-8.044989999999999641e-01,-7.287390000000000256e-01,-9.367619999999999836e-01
5.914837716519832611e+03,-8.044989999999999641e-01,-7.287390000000000256e-01,-9.367619999999999836e-01
5.940765658080577850e+03,-8.044989999999999641e-01,-7.287390000000000256e-01,-9.367619999999999836e-01
5.999103760689496994e+03,-8.044989999999999641e-01,-7.287390000000000256e-01,-9.367619999999999836e-01
6.044477842718362808e+03,-8.044989999999999641e-01,-7.287390000000000256e-01,-9.367619999999999836e-01
6.047718832910060883e+03,-8.044989999999999641e-01,-7.287390000000000256e-01,-9.367619999999999836e-01
6.057441863268613815e+03,-8.033759999999999790e-01,-7.285239999999999494e-01,-9.343479999999999563e-01
6.060682863473892212e+03,-8.033759999999999790e-01,-7.285239999999999494e-01,-9.343479999999999563e-01
6.063923863619565964e+03,-8.052650000000000086e-01,-7.284610000000000252e-01,-9.334270000000000067e-01
6.067164873719215393e+03,-8.052650000000000086e-01,-7.284610000000000252e-01,-9.334270000000000067e-01
6.067164873719215393e+03,-8.052650000000000086e-01,-7.284610000000000252e-01,-9.334270000000000067e-01
6.086610894650220871e+03,-8.052650000000000086e-01,-7.284610000000000252e-01,-9.334270000000000067e-01
6.115779945969581604e+03,-8.052650000000000086e-01,-7.284610000000000252e-01,-9.334270000000000067e-01
6.122261966228485107e+03,-8.087550000000000017e-01,-7.285239999999999494e-01,-9.348950000000000315e-01
6.131984976679086685e+03,-8.052650000000000086e-01,-7.284610000000000252e-01,-9.334270000000000067e-01
6.154672007709741592e+03,-8.052650000000000086e-01,-7.284610000000000252e-01,-9.334270000000000067e-01
6.177359028786420822e+03,-8.087550000000000017e-01,-7.285239999999999494e-01,-9.348950000000000315e-01
6.203287079930305481e+03,-8.087550000000000017e-01,-7.285239999999999494e-01,-9.348950000000000315e-01
6.219492080748081207e+03,-8.087550000000000017e-01,-7.285239999999999494e-01,-9.348950000000000315e-01
6.235697131395339966e+03,-8.087550000000000017e-01,-7.285239999999999494e-01,-9.348950000000000315e-01
6.245420161783695221e+03,-8.034459999999999935e-01,-7.269959999999999756e-01,-9.296820000000000084e-01
6.264866182684898376e+03,-8.716779999999999529e-01,-8.093519999999999603e-01,-9.717369999999999619e-01
6.274589193135499954e+03,-8.699189999999999978e-01,-8.089089999999999892e-01,-9.741980000000000084e-01
6.277830183357000351e+03,-9.365850000000000009e-01,-9.013370000000000548e-01,-1.000000000000000000e+00
6.287553213715553284e+03,-9.853239999999999776e-01,-9.676369999999999694e-01,-1.000000000000000000e+00
6.306999234646558762e+03,-9.853129999999999944e-01,-9.673829999999999929e-01,-1.000000000000000000e+00
6.358855346828699112e+03,-9.400490000000000235e-01,-9.036450000000000315e-01,-1.000000000000000000e+00
6.388024378240108490e+03,-8.745070000000000343e-01,-8.121150000000000313e-01,-9.799309999999999965e-01
6.404229398965835571e+03,-8.745070000000000343e-01,-8.121150000000000313e-01,-9.799309999999999965e-01
6.404229398965835571e+03,-8.745070000000000343e-01,-8.121150000000000313e-01,-9.799309999999999965e-01
6.407470389157533646e+03,-8.745070000000000343e-01,-8.121150000000000313e-01,-9.799309999999999965e-01
6.443121460735797882e+03,-8.067069999999999519e-01,-7.224899999999999656e-01,-9.277079999999999771e-01
6.469049491941928864e+03,-7.470630000000000326e-01,-6.473119999999999985e-01,-8.824379999999999447e-01
6.475531502217054367e+03,-7.470630000000000326e-01,-6.473119999999999985e-01,-8.824379999999999447e-01
6.546833635360002518e+03,-7.493570000000000508e-01,-6.520920000000000050e-01,-8.874170000000000114e-01
6.550074625521898270e+03,-7.493570000000000508e-01,-6.520920000000000050e-01,-8.874170000000000114e-01
6.550074625521898270e+03,-7.493570000000000508e-01,-6.520920000000000050e-01,-8.874170000000000114e-01
6.576002656728029251e+03,-7.493570000000000508e-01,-6.520920000000000050e-01,-8.874170000000000114e-01
6.657027790367603302e+03,-7.493570000000000508e-01,-6.520920000000000050e-01,-8.874170000000000114e-01
6.663509780704975128e+03,-7.493570000000000508e-01,-6.520920000000000050e-01,-8.874170000000000114e-01
6.676473811268806458e+03,-7.492870000000000363e-01,-6.470559999999999645e-01,-8.829989999999999783e-01
6.676473811268806458e+03,-7.492870000000000363e-01,-6.470559999999999645e-01,-8.829989999999999783e-01
6.754257924765348434e+03,-7.492870000000000363e-01,-6.470559999999999645e-01,-8.829989999999999783e-01
6.796391006618738174e+03,-6.854839999999999822e-01,-5.786769999999999969e-01,-8.395169999999999577e-01
6.806114017099142075e+03,-6.853500000000000147e-01,-5.751429999999999598e-01,-8.382190000000000474e-01
6.809355027168989182e+03,-6.807699999999999863e-01,-5.735120000000000218e-01,-8.345329999999999693e-01
6.828801048099994659e+03,-6.154150000000000453e-01,-4.873190000000000022e-01,-7.672160000000000091e-01
6.883898150503635406e+03,-6.154150000000000453e-01,-4.873190000000000022e-01,-7.672160000000000091e-01
6.896862131237983704e+03,-6.200870000000000548e-01,-5.102780000000000094e-01,-7.922259999999999858e-01
6.955200223833322525e+03,-6.200870000000000548e-01,-5.102780000000000094e-01,-7.922259999999999858e-01
6.961682244122028351e+03,-6.212079999999999824e-01,-5.107429999999999470e-01,-7.932989999999999764e-01
6.964923234283924103e+03,-6.212079999999999824e-01,-5.107429999999999470e-01,-7.932989999999999764e-01
6.971405254542827606e+03,-5.573489999999999833e-01,-4.121650000000000036e-01,-7.123230000000000395e-01
6.984369275122880936e+03,-5.573489999999999833e-01,-4.121650000000000036e-01,-7.123230000000000395e-01
6.987610295206308365e+03,-4.936420000000000252e-01,-3.385850000000000248e-01,-6.518730000000000357e-01
7.016779316604137421e+03,-4.905260000000000176e-01,-3.327649999999999775e-01,-6.482090000000000352e-01
7.020020336687564850e+03,-4.934330000000000105e-01,-3.763199999999999878e-01,-6.895440000000000458e-01
7.042707347810268402e+03,-4.923500000000000099e-01,-3.385850000000000248e-01,-6.518730000000000357e-01
7.055671378344297409e+03,-4.923500000000000099e-01,-3.385850000000000248e-01,-6.518730000000000357e-01
7.081599429488182068e+03,-5.560580000000000522e-01,-4.132890000000000175e-01,-7.096930000000000183e-01
7.114009470939636230e+03,-5.560580000000000522e-01,-4.132890000000000175e-01,-7.096930000000000183e-01
7.146419512420892715e+03,-5.560580000000000522e-01,-4.132890000000000175e-01,-7.096930000000000183e-01
7.159383542984724045e+03,-5.560580000000000522e-01,-4.132890000000000175e-01,-7.096930000000000183e-01
7.204757585108280182e+03,-6.203610000000000513e-01,-5.082020000000000426e-01,-7.901460000000000150e-01
7.214480615466833115e+03,-6.813829999999999609e-01,-5.786639999999999562e-01,-8.382190000000000474e-01
7.233926636397838593e+03,-6.158339999999999925e-01,-4.873190000000000022e-01,-7.672160000000000091e-01
7.259854687482118607e+03,-6.140790000000000415e-01,-4.872819999999999929e-01,-7.671660000000000146e-01
7.266336697787046432e+03,-6.140790000000000415e-01,-4.872819999999999929e-01,-7.671660000000000146e-01
7.301987739443778992e+03,-6.140790000000000415e-01,-4.872819999999999929e-01,-7.671660000000000146e-01
7.428386935085058212e+03,-6.140790000000000415e-01,-4.872819999999999929e-01,-7.671660000000000146e-01
7.451073966115713120e+03,-6.140790000000000415e-01,-4.872819999999999929e-01,-7.671660000000000146e-01
7.528858069598674774e+03,-6.140790000000000415e-01,-4.872819999999999929e-01,-7.671660000000000146e-01
7.593678152590990067e+03,-6.140790000000000415e-01,-4.872819999999999929e-01,-7.671660000000000146e-01
7.600160162836313248e+03,-6.140790000000000415e-01,-4.872819999999999929e-01,-7.671660000000000146e-01
7.629329214125871658e+03,-6.203610000000000513e-01,-5.082020000000000426e-01,-7.901460000000000150e-01
7.639052224606275558e+03,-6.852920000000000122e-01,-5.784310000000000285e-01,-8.387879999999999781e-01
7.652016225248575211e+03,-6.813829999999999609e-01,-5.786639999999999562e-01,-8.382190000000000474e-01
7.687667286813259125e+03,-6.813829999999999609e-01,-5.786639999999999562e-01,-8.382190000000000474e-01
7.690908277004957199e+03,-7.470630000000000326e-01,-6.473119999999999985e-01,-8.824379999999999447e-01
7.697390287280082703e+03,-7.470630000000000326e-01,-6.473119999999999985e-01,-8.824379999999999447e-01
7.755728379875421524e+03,-7.443410000000000304e-01,-6.487519999999999953e-01,-8.832539999999999836e-01
7.794620431602001190e+03,-6.782569999999999988e-01,-5.781690000000000440e-01,-8.371579999999999577e-01
7.807584462165832520e+03,-6.755949999999999456e-01,-5.732770000000000366e-01,-8.298910000000000453e-01
7.814066452533006668e+03,-6.116030000000000078e-01,-4.900950000000000029e-01,-7.669540000000000246e-01
7.836753503471612930e+03,-6.116030000000000078e-01,-4.900950000000000029e-01,-7.669540000000000246e-01
7.849717504113912582e+03,-6.127869999999999706e-01,-4.882909999999999751e-01,-7.669540000000000246e-01
7.849717504113912582e+03,-6.782569999999999988e-01,-5.781690000000000440e-01,-8.371579999999999577e-01
7.865922524869441986e+03,-6.782569999999999988e-01,-5.781690000000000440e-01,-8.371579999999999577e-01
7.869163525044918060e+03,-6.782569999999999988e-01,-5.781690000000000440e-01,-8.371579999999999577e-01
7.943706628352403641e+03,-6.742129999999999512e-01,-5.714900000000000535e-01,-8.287339999999999707e-01
7.966393659383058548e+03,-7.398850000000000149e-01,-6.425610000000000488e-01,-8.777239999999999487e-01
7.976116669833660126e+03,-7.398850000000000149e-01,-6.425610000000000488e-01,-8.777239999999999487e-01
7.985839680314064026e+03,-7.398850000000000149e-01,-6.425610000000000488e-01,-8.777239999999999487e-01
7.992321690589189529e+03,-6.742129999999999512e-01,-5.714900000000000535e-01,-8.287339999999999707e-01
8.011767721414566040e+03,-6.742129999999999512e-01,-5.714900000000000535e-01,-8.287339999999999707e-01
8.037695752590894699e+03,-6.742129999999999512e-01,-5.714900000000000535e-01,-8.287339999999999707e-01
8.037695752590894699e+03,-6.742129999999999512e-01,-5.714900000000000535e-01,-8.287339999999999707e-01
8.057141793459653854e+03,-7.409130000000000438e-01,-6.419529999999999959e-01,-8.781830000000000469e-01
8.079828824460506439e+03,-7.409130000000000438e-01,-6.419529999999999959e-01,-8.781830000000000469e-01
8.083069794744253159e+03,-6.761679999999999913e-01,-5.679750000000000076e-01,-8.272040000000000504e-01
8.151130907684564590e+03,-6.761679999999999913e-01,-5.679750000000000076e-01,-8.272040000000000504e-01
8.160853918135166168e+03,-6.815189999999999859e-01,-5.810260000000000424e-01,-8.385880000000000001e-01
8.177058938890695572e+03,-6.797569999999999446e-01,-5.794569999999999999e-01,-8.371180000000000287e-01
8.241879031777381897e+03,-6.798830000000000151e-01,-5.783840000000000092e-01,-8.352089999999999792e-01
8.248361052036285400e+03,-6.813829999999999609e-01,-5.786639999999999562e-01,-8.382190000000000474e-01
8.264566042870283127e+03,-6.782569999999999988e-01,-5.781690000000000440e-01,-8.371579999999999577e-01
8.277530073404312134e+03,-6.742129999999999512e-01,-5.714900000000000535e-01,-8.287339999999999707e-01
8.287253073900938034e+03,-6.797569999999999446e-01,-5.794569999999999999e-01,-8.371180000000000287e-01
8.290494093984365463e+03,-6.797569999999999446e-01,-5.794569999999999999e-01,-8.371180000000000287e-01
8.313181124985218048e+03,-6.797569999999999446e-01,-5.794569999999999999e-01,-8.371180000000000287e-01
8.313181124985218048e+03,-6.797569999999999446e-01,-5.794569999999999999e-01,-8.371180000000000287e-01
8.361796177208423615e+03,-6.797569999999999446e-01,-5.794569999999999999e-01,-8.371180000000000287e-01
8.384483208239078522e+03,-6.797569999999999446e-01,-5.794569999999999999e-01,-8.371180000000000287e-01
8.387724228292703629e+03,-6.797569999999999446e-01,-5.794569999999999999e-01,-8.371180000000000287e-01
8.397447238773107529e+03,-6.797569999999999446e-01,-5.794569999999999999e-01,-8.371180000000000287e-01
8.452544331163167953e+03,-7.432480000000000198e-01,-6.448760000000000048e-01,-8.803999999999999604e-01
8.471990322202444077e+03,-8.053599999999999648e-01,-7.223190000000000444e-01,-9.286649999999999627e-01
8.523846394509077072e+03,-8.044989999999999641e-01,-7.287390000000000256e-01,-9.367619999999999836e-01
8.543292405426502228e+03,-8.044989999999999641e-01,-7.287390000000000256e-01,-9.367619999999999836e-01
8.569220456540584564e+03,-8.053599999999999648e-01,-7.223190000000000444e-01,-9.286649999999999627e-01
8.601630488008260727e+03,-8.037539999999999685e-01,-7.223190000000000444e-01,-9.272810000000000219e-01
8.669691581070423126e+03,-7.415249999999999897e-01,-6.425610000000000488e-01,-8.749710000000000543e-01
8.731270683735609055e+03,-7.415249999999999897e-01,-6.425610000000000488e-01,-8.749710000000000543e-01
8.734511654019355774e+03,-7.415249999999999897e-01,-6.425610000000000488e-01,-8.749710000000000543e-01
8.747475674599409103e+03,-7.415249999999999897e-01,-6.425610000000000488e-01,-8.749710000000000543e-01
8.789608746439218521e+03,-8.040960000000000329e-01,-7.254950000000000010e-01,-9.277079999999999771e-01
8.799331726998090744e+03,-8.040960000000000329e-01,-7.254950000000000010e-01,-9.277079999999999771e-01
8.828500788182020187e+03,-8.040960000000000329e-01,-7.254950000000000010e-01,-9.277079999999999771e-01
8.857669809550046921e+03,-8.040960000000000329e-01,-7.254950000000000010e-01,-9.277079999999999771e-01
8.860910829663276672e+03,-8.054090000000000416e-01,-7.267139999999999711e-01,-9.277079999999999771e-01
8.860910829663276672e+03,-8.054090000000000416e-01,-7.267139999999999711e-01,-9.277079999999999771e-01
8.867392839938402176e+03,-8.740989999999999593e-01,-8.134630000000000472e-01,-9.752300000000000413e-01
8.893320861130952835e+03,-8.740989999999999593e-01,-8.134630000000000472e-01,-9.752300000000000413e-01
8.896561861336231232e+03,-8.726660000000000528e-01,-8.094999999999999973e-01,-9.710349999999999815e-01
8.919248892337083817e+03,-8.677319999999999478e-01,-8.016929999999999890e-01,-9.645730000000000137e-01
8.925730902642011642e+03,-8.672260000000000524e-01,-8.012820000000000498e-01,-9.637959999999999861e-01
8.948417933613061905e+03,-8.634150000000000436e-01,-8.007349999999999746e-01,-9.644169999999999687e-01
8.951658923834562302e+03,-8.634150000000000436e-01,-8.007349999999999746e-01,-9.644169999999999687e-01
8.964622944384813309e+03,-8.672260000000000524e-01,-8.012820000000000498e-01,-9.637959999999999861e-01
8.974345974743366241e+03,-8.044989999999999641e-01,-7.287390000000000256e-01,-9.367619999999999836e-01
8.990550975561141968e+03,-8.044989999999999641e-01,-7.287390000000000256e-01,-9.367619999999999836e-01
9.000273976057767868e+03,-8.044989999999999641e-01,-7.287390000000000256e-01,-9.367619999999999836e-01
9.035925027579069138e+03,-8.044989999999999641e-01,-7.287390000000000256e-01,-9.367619999999999836e-01
9.039166047692298889e+03,-8.044989999999999641e-01,-7.287390000000000256e-01,-9.367619999999999836e-01
9.061853048831224442e+03,-8.100519999999999943e-01,-7.328759999999999719e-01,-9.382139999999999924e-01
9.065094068884849548e+03,-8.803180000000000449e-01,-8.130359999999999809e-01,-9.781750000000000167e-01
9.071576079159975052e+03,-8.803180000000000449e-01,-8.130359999999999809e-01,-9.781750000000000167e-01
9.091022090077400208e+03,-8.803180000000000449e-01,-8.130359999999999809e-01,-9.781750000000000167e-01
9.103986120671033859e+03,-8.801539999999999919e-01,-8.139549999999999841e-01,-9.799309999999999965e-01
9.142878162413835526e+03,-8.106299999999999617e-01,-7.284399999999999764e-01,-9.345980000000000398e-01
9.142878162413835526e+03,-8.119300000000000406e-01,-7.298179999999999668e-01,-9.344109999999999916e-01
9.149360152781009674e+03,-8.106299999999999617e-01,-7.284399999999999764e-01,-9.345980000000000398e-01
9.152601262509822845e+03,-8.106299999999999617e-01,-7.284399999999999764e-01,-9.345980000000000398e-01
9.230385286271572113e+03,-8.803180000000000449e-01,-8.130359999999999809e-01,-9.781750000000000167e-01
9.275759318411350250e+03,-8.803180000000000449e-01,-8.130359999999999809e-01,-9.781750000000000167e-01
9.295205359250307083e+03,-8.803180000000000449e-01,-8.130359999999999809e-01,-9.781750000000000167e-01
9.321133380442857742e+03,-8.803180000000000449e-01,-8.130359999999999809e-01,-9.781750000000000167e-01
9.385953473299741745e+03,-8.803180000000000449e-01,-8.130359999999999809e-01,-9.781750000000000167e-01
9.392435483604669571e+03,-8.803180000000000449e-01,-8.130359999999999809e-01,-9.781750000000000167e-01
9.395676473766565323e+03,-8.837040000000000450e-01,-8.363180000000000058e-01,-9.999989999999999712e-01
9.421604494988918304e+03,-8.837040000000000450e-01,-8.363180000000000058e-01,-9.999989999999999712e-01
9.518834599435329437e+03,-8.837040000000000450e-01,-8.363180000000000058e-01,-9.999989999999999712e-01
9.538280630230903625e+03,-8.803180000000000449e-01,-8.130359999999999809e-01,-9.781750000000000167e-01
9.580413672178983688e+03,-8.100519999999999943e-01,-7.328759999999999719e-01,-9.382139999999999924e-01
9.586895702362060547e+03,-8.129809999999999537e-01,-7.358670000000000488e-01,-9.422690000000000232e-01
9.609582713454961777e+03,-8.129809999999999537e-01,-7.358670000000000488e-01,-9.422690000000000232e-01
9.609582713454961777e+03,-8.129809999999999537e-01,-7.358670000000000488e-01,-9.422690000000000232e-01
9.622546734035015106e+03,-8.129809999999999537e-01,-7.358670000000000488e-01,-9.422690000000000232e-01
9.791078931599855423e+03,-8.129809999999999537e-01,-7.358670000000000488e-01,-9.422690000000000232e-01
9.800801942080259323e+03,-8.129809999999999537e-01,-7.358670000000000488e-01,-9.422690000000000232e-01
9.823488993018865585e+03,-8.100519999999999943e-01,-7.328759999999999719e-01,-9.382139999999999924e-01
9.846175994098186493e+03,-8.704650000000000443e-01,-8.013029999999999875e-01,-9.660429999999999851e-01
9.859140014648437500e+03,-8.033759999999999790e-01,-7.285239999999999494e-01,-9.343479999999999563e-01
9.914237077146768570e+03,-8.033759999999999790e-01,-7.285239999999999494e-01,-9.343479999999999563e-01
9.933683088064193726e+03,-8.037539999999999685e-01,-7.223190000000000444e-01,-9.272810000000000219e-01
1.003091321241855621e+04,-8.053599999999999648e-01,-7.223190000000000444e-01,-9.286649999999999627e-01
1.013462531712651253e+04,-8.053599999999999648e-01,-7.223190000000000444e-01,-9.286649999999999627e-01
1.024157844191789627e+04,-8.044989999999999641e-01,-7.287390000000000256e-01,-9.367619999999999836e-01
1.030963949507474899e+04,-8.044989999999999641e-01,-7.287390000000000256e-01,-9.367619999999999836e-01
1.044900267127156258e+04,-7.438639999999999697e-01,-6.514419999999999655e-01,-8.874170000000000114e-01
1.054299176549911499e+04,-7.470630000000000326e-01,-6.473449999999999482e-01,-8.818190000000000195e-01
1.057216080680489540e+04,-8.087550000000000017e-01,-7.285239999999999494e-01,-9.348950000000000315e-01
1.060132983809709549e+04,-8.052650000000000086e-01,-7.284610000000000252e-01,-9.334270000000000067e-01
1.065966789078712463e+04,-8.087550000000000017e-01,-7.285239999999999494e-01,-9.348950000000000315e-01
1.073421100398898125e+04,-8.087550000000000017e-01,-7.285239999999999494e-01,-9.348950000000000315e-01
1.082495905828475952e+04,-8.087550000000000017e-01,-7.285239999999999494e-01,-9.348950000000000315e-01
1.089626115140318871e+04,-8.087550000000000017e-01,-7.285239999999999494e-01,-9.348950000000000315e-01
1.092867118290066719e+04,-8.044989999999999641e-01,-7.287390000000000256e-01,-9.367619999999999836e-01
1.095459920409321785e+04,-8.044989999999999641e-01,-7.287390000000000256e-01,-9.367619999999999836e-01
1.100969625657796860e+04,-8.044989999999999641e-01,-7.287390000000000256e-01,-9.367619999999999836e-01
1.107451633942127228e+04,-8.129809999999999537e-01,-7.358670000000000488e-01,-9.422690000000000232e-01
1.110368535083532333e+04,-8.129809999999999537e-01,-7.358670000000000488e-01,-9.422690000000000232e-01
1.110692637094855309e+04,-8.129809999999999537e-01,-7.358670000000000488e-01,-9.422690000000000232e-01
1.112637237185239792e+04,-8.129809999999999537e-01,-7.358670000000000488e-01,-9.422690000000000232e-01
1.113933639240264893e+04,-8.161359999999999726e-01,-7.318510000000000293e-01,-9.389389999999999681e-01
1.115230039304494858e+04,-8.848679999999999879e-01,-8.383639999999999981e-01,-9.999989999999999712e-01
1.115554141312837601e+04,-8.911569999999999769e-01,-8.448470000000000146e-01,-1.000000000000000000e+00
1.118146945425868034e+04,-8.899190000000000156e-01,-8.436090000000000533e-01,-9.999989999999999712e-01
1.119767446497082710e+04,-8.899190000000000156e-01,-8.436090000000000533e-01,-9.999989999999999712e-01
1.125601253756880760e+04,-8.191370000000000040e-01,-7.328200000000000269e-01,-9.431739999999999569e-01
1.128518154895305634e+04,-7.551909999999999457e-01,-6.463719999999999466e-01,-8.866079999999999517e-01
1.134027860143780708e+04,-7.577080000000000481e-01,-6.462830000000000519e-01,-8.874170000000000114e-01
1.143102669551968575e+04,-7.577080000000000481e-01,-6.462830000000000519e-01,-8.874170000000000114e-01
1.146667774710059166e+04,-7.577080000000000481e-01,-6.462830000000000519e-01,-8.874170000000000114e-01
1.146991873726248741e+04,-8.232199999999999518e-01,-7.350579999999999892e-01,-9.432789999999999786e-01
1.154770281079411507e+04,-8.232199999999999518e-01,-7.350579999999999892e-01,-9.432789999999999786e-01
1.160604088339209557e+04,-8.191370000000000040e-01,-7.328200000000000269e-01,-9.431739999999999569e-01
1.163196890458464622e+04,-8.161359999999999726e-01,-7.318510000000000293e-01,-9.389389999999999681e-01
1.164817391529679298e+04,-8.161359999999999726e-01,-7.318510000000000293e-01,-9.389389999999999681e-01
1.197227423989772797e+04,-8.161359999999999726e-01,-7.318510000000000293e-01,-9.389389999999999681e-01
1.207274533441662788e+04,-7.551909999999999457e-01,-6.463719999999999466e-01,-8.866079999999999517e-01
1.217321642896533012e+04,-8.191370000000000040e-01,-7.328200000000000269e-01,-9.431739999999999569e-01
1.219914445018768311e+04,-8.191370000000000040e-01,-7.328200000000000269e-01,-9.431739999999999569e-01
1.220238546025753021e+04,-8.191370000000000040e-01,-7.328200000000000269e-01,-9.431739999999999569e-01
1.220238546025753021e+04,-8.191370000000000040e-01,-7.328200000000000269e-01,-9.431739999999999569e-01
1.225100050246715546e+04,-8.221850000000000547e-01,-7.274150000000000338e-01,-9.378739999999999855e-01
1.225748251274228096e+04,-8.221850000000000547e-01,-7.274150000000000338e-01,-9.378739999999999855e-01
1.226396452301740646e+04,-8.221850000000000547e-01,-7.274150000000000338e-01,-9.378739999999999855e-01
1.230609755495190620e+04,-7.594790000000000152e-01,-6.647640000000000216e-01,-9.026680000000000259e-01
1.236119459745287895e+04,-7.559329999999999661e-01,-6.583769999999999900e-01,-8.952759999999999607e-01
1.237739961820840836e+04,-7.559329999999999661e-01,-6.583769999999999900e-01,-8.952759999999999607e-01
1.241629164996743202e+04,-7.559329999999999661e-01,-6.583769999999999900e-01,-8.952759999999999607e-01
1.243249666067957878e+04,-7.500149999999999872e-01,-6.553280000000000216e-01,-8.915060000000000207e-01
1.243573765087127686e+04,-7.470630000000000326e-01,-6.473449999999999482e-01,-8.818190000000000195e-01
1.244870167142152786e+04,-7.470630000000000326e-01,-6.473449999999999482e-01,-8.818190000000000195e-01
1.251028073421120644e+04,-6.824940000000000451e-01,-5.701509999999999634e-01,-8.297280000000000211e-01
1.251352175429463387e+04,-6.796440000000000259e-01,-5.726499999999999924e-01,-8.284859999999999447e-01
1.252324475476145744e+04,-6.796440000000000259e-01,-5.726499999999999924e-01,-8.284859999999999447e-01
1.252648576486110687e+04,-6.781779999999999475e-01,-5.571289999999999853e-01,-8.101000000000000423e-01
1.256213678652048111e+04,-6.762590000000000545e-01,-5.624430000000000263e-01,-8.151629999999999709e-01
1.256537780660390854e+04,-6.762590000000000545e-01,-5.624430000000000263e-01,-8.151629999999999709e-01
1.258158281734585762e+04,-6.781779999999999475e-01,-5.571289999999999853e-01,-8.101000000000000423e-01
1.259454683789610863e+04,-7.428449999999999775e-01,-6.391989999999999617e-01,-8.713349999999999707e-01
1.260102884817123413e+04,-6.781779999999999475e-01,-5.571289999999999853e-01,-8.101000000000000423e-01
1.262047484910488129e+04,-6.762590000000000545e-01,-5.624430000000000263e-01,-8.151629999999999709e-01
1.262047484910488129e+04,-6.762590000000000545e-01,-5.624430000000000263e-01,-8.151629999999999709e-01
1.263343884974718094e+04,-6.762590000000000545e-01,-5.624430000000000263e-01,-8.151629999999999709e-01
1.264316188013553619e+04,-6.762590000000000545e-01,-5.624430000000000263e-01,-8.151629999999999709e-01
1.264640287029743195e+04,-6.762590000000000545e-01,-5.624430000000000263e-01,-8.151629999999999709e-01
1.268853590223193169e+04,-6.762590000000000545e-01,-5.624430000000000263e-01,-8.151629999999999709e-01
1.278252500638365746e+04,-6.762590000000000545e-01,-5.624430000000000263e-01,-8.151629999999999709e-01
1.281817601805925369e+04,-6.762590000000000545e-01,-5.624430000000000263e-01,-8.151629999999999709e-01
1.283438103881478310e+04,-7.345350000000000490e-01,-6.287800000000000056e-01,-8.534909999999999997e-01
1.283762204888463020e+04,-7.351659999999999862e-01,-6.458920000000000217e-01,-8.754929999999999657e-01
1.286030906990170479e+04,-7.351659999999999862e-01,-6.458920000000000217e-01,-8.754929999999999657e-01
1.287975508084893227e+04,-6.697049999999999947e-01,-5.739330000000000265e-01,-8.313530000000000086e-01
1.289271910136938095e+04,-6.697049999999999947e-01,-5.739330000000000265e-01,-8.313530000000000086e-01
1.290244212174415588e+04,-6.697049999999999947e-01,-5.739330000000000265e-01,-8.313530000000000086e-01
1.291216512224078178e+04,-6.690869999999999873e-01,-5.613080000000000291e-01,-8.188670000000000115e-01
1.292837014296650887e+04,-6.690869999999999873e-01,-5.613080000000000291e-01,-8.188670000000000115e-01
1.292837014296650887e+04,-7.343169999999999975e-01,-6.308690000000000131e-01,-8.622809999999999642e-01
1.294781614387035370e+04,-7.343169999999999975e-01,-6.308690000000000131e-01,-8.622809999999999642e-01
1.301587720692157745e+04,-7.343169999999999975e-01,-6.308690000000000131e-01,-8.622809999999999642e-01
1.303208222767710686e+04,-7.343169999999999975e-01,-6.308690000000000131e-01,-8.622809999999999642e-01
1.303532321783900261e+04,-7.343169999999999975e-01,-6.308690000000000131e-01,-8.622809999999999642e-01
1.305476924869418144e+04,-7.343169999999999975e-01,-6.308690000000000131e-01,-8.622809999999999642e-01
1.306125122904777527e+04,-7.343169999999999975e-01,-6.308690000000000131e-01,-8.622809999999999642e-01
1.306125122904777527e+04,-7.980089999999999684e-01,-7.150779999999999914e-01,-9.163059999999999539e-01
1.308717927017807961e+04,-7.980089999999999684e-01,-7.150779999999999914e-01,-9.163059999999999539e-01
1.309690227061510086e+04,-7.343169999999999975e-01,-6.308690000000000131e-01,-8.622809999999999642e-01
1.311634830147027969e+04,-7.360280000000000156e-01,-6.423090000000000188e-01,-8.740930000000000089e-01
1.315848135331273079e+04,-7.360280000000000156e-01,-6.423090000000000188e-01,-8.740930000000000089e-01
1.317792735424637794e+04,-7.360280000000000156e-01,-6.423090000000000188e-01,-8.740930000000000089e-01
1.321033738571405411e+04,-8.005290000000000461e-01,-7.215340000000000087e-01,-9.263230000000000075e-01
1.322330139628052711e+04,-8.005290000000000461e-01,-7.215340000000000087e-01,-9.263230000000000075e-01
1.324274740719795227e+04,-8.005290000000000461e-01,-7.215340000000000087e-01,-9.263230000000000075e-01
1.324598841729760170e+04,-8.005290000000000461e-01,-7.215340000000000087e-01,-9.263230000000000075e-01
1.325895241793990135e+04,-7.376369999999999871e-01,-6.368819999999999482e-01,-8.732170000000000210e-01
1.325895241793990135e+04,-7.376369999999999871e-01,-6.368819999999999482e-01,-8.732170000000000210e-01
1.327839844876527786e+04,-7.376369999999999871e-01,-6.368819999999999482e-01,-8.732170000000000210e-01
1.328163945886492729e+04,-7.376369999999999871e-01,-6.368819999999999482e-01,-8.732170000000000210e-01
1.329784444969892502e+04,-7.376369999999999871e-01,-6.368819999999999482e-01,-8.732170000000000210e-01
1.329784444969892502e+04,-7.376369999999999871e-01,-6.368819999999999482e-01,-8.732170000000000210e-01
1.332377249076962471e+04,-7.376369999999999871e-01,-6.368819999999999482e-01,-8.732170000000000210e-01
1.336590551272034645e+04,-7.376369999999999871e-01,-6.368819999999999482e-01,-8.732170000000000210e-01
1.344044858604669571e+04,-7.376369999999999871e-01,-6.368819999999999482e-01,-8.732170000000000210e-01
1.345989461690187454e+04,-7.379780000000000229e-01,-6.368660000000000432e-01,-8.723999999999999533e-01
1.348582262811064720e+04,-8.014219999999999677e-01,-7.171969999999999734e-01,-9.236309999999999798e-01
1.351499163946509361e+04,-8.014219999999999677e-01,-7.171969999999999734e-01,-9.236309999999999798e-01
1.351499163946509361e+04,-8.014219999999999677e-01,-7.171969999999999734e-01,-9.236309999999999798e-01
1.352471466985344887e+04,-7.966659999999999853e-01,-7.145810000000000217e-01,-9.163059999999999539e-01
1.352471466985344887e+04,-7.966659999999999853e-01,-7.145810000000000217e-01,-9.163059999999999539e-01
1.352795566001534462e+04,-7.966659999999999853e-01,-7.145810000000000217e-01,-9.163059999999999539e-01
1.354740166094899178e+04,-7.966659999999999853e-01,-7.145810000000000217e-01,-9.163059999999999539e-01
1.357657069224119186e+04,-7.351659999999999862e-01,-6.458920000000000217e-01,-8.754929999999999657e-01
1.357981171235442162e+04,-7.351659999999999862e-01,-6.458920000000000217e-01,-8.754929999999999657e-01
1.357981171235442162e+04,-7.351659999999999862e-01,-6.458920000000000217e-01,-8.754929999999999657e-01
1.359925771325826645e+04,-7.351659999999999862e-01,-6.458920000000000217e-01,-8.754929999999999657e-01
1.360249873337149620e+04,-7.351659999999999862e-01,-6.458920000000000217e-01,-8.754929999999999657e-01
1.363166773474216461e+04,-7.351659999999999862e-01,-6.458920000000000217e-01,-8.754929999999999657e-01
1.363166773474216461e+04,-6.697049999999999947e-01,-5.739330000000000265e-01,-8.313530000000000086e-01
1.367055979642271996e+04,-6.697049999999999947e-01,-5.739330000000000265e-01,-8.313530000000000086e-01
1.368028279685974121e+04,-6.703040000000000109e-01,-5.613019999999999676e-01,-8.093989999999999796e-01
1.370296981787681580e+04,-6.703040000000000109e-01,-5.613019999999999676e-01,-8.093989999999999796e-01
1.371593380853533745e+04,-6.703040000000000109e-01,-5.613019999999999676e-01,-8.093989999999999796e-01
1.373862080964446068e+04,-6.051600000000000312e-01,-4.919180000000000219e-01,-7.607829999999999870e-01
1.373862080964446068e+04,-6.051600000000000312e-01,-4.919180000000000219e-01,-7.607829999999999870e-01
1.376130785056948662e+04,-6.703040000000000109e-01,-5.613019999999999676e-01,-8.093989999999999796e-01
1.378399487158656120e+04,-6.697049999999999947e-01,-5.739330000000000265e-01,-8.313530000000000086e-01
1.379371790197491646e+04,-7.351659999999999862e-01,-6.458920000000000217e-01,-8.754929999999999657e-01
1.379371790197491646e+04,-7.351659999999999862e-01,-6.458920000000000217e-01,-8.754929999999999657e-01
1.379695889213681221e+04,-7.351659999999999862e-01,-6.458920000000000217e-01,-8.754929999999999657e-01
1.380344088250398636e+04,-7.379780000000000229e-01,-6.368660000000000432e-01,-8.723999999999999533e-01
1.380344088250398636e+04,-7.379780000000000229e-01,-6.368660000000000432e-01,-8.723999999999999533e-01
1.383909192407131195e+04,-7.379780000000000229e-01,-6.368660000000000432e-01,-8.723999999999999533e-01
1.383909192407131195e+04,-6.736320000000000086e-01,-5.607250000000000290e-01,-8.219039999999999679e-01
1.384233291426301003e+04,-6.736320000000000086e-01,-5.607250000000000290e-01,-8.219039999999999679e-01
1.384233291426301003e+04,-6.094819999999999682e-01,-4.856790000000000274e-01,-7.679859999999999465e-01
1.384881492453813553e+04,-6.094819999999999682e-01,-4.856790000000000274e-01,-7.679859999999999465e-01
1.386177891516685486e+04,-6.094819999999999682e-01,-4.856790000000000274e-01,-7.679859999999999465e-01
1.386177891516685486e+04,-6.094819999999999682e-01,-4.856790000000000274e-01,-7.679859999999999465e-01
1.392335799786448479e+04,-5.459589999999999721e-01,-4.152959999999999985e-01,-7.152009999999999756e-01
1.398169603055715561e+04,-4.811810000000000254e-01,-3.396299999999999875e-01,-6.547460000000000502e-01
1.399790106120705605e+04,-4.811810000000000254e-01,-3.396299999999999875e-01,-6.547460000000000502e-01
1.401734709203243256e+04,-4.811810000000000254e-01,-3.396299999999999875e-01,-6.547460000000000502e-01
1.402382908239960670e+04,-4.811810000000000254e-01,-3.396299999999999875e-01,-6.547460000000000502e-01
1.402707009246945381e+04,-5.459589999999999721e-01,-4.152959999999999985e-01,-7.152009999999999756e-01
1.403355210277438164e+04,-5.459589999999999721e-01,-4.152959999999999985e-01,-7.152009999999999756e-01
1.405299810370802879e+04,-5.459589999999999721e-01,-4.152959999999999985e-01,-7.152009999999999756e-01
1.405623912376165390e+04,-5.459589999999999721e-01,-4.152959999999999985e-01,-7.152009999999999756e-01
1.406596210432052612e+04,-5.459589999999999721e-01,-4.152959999999999985e-01,-7.152009999999999756e-01
1.407892612490057945e+04,-5.459589999999999721e-01,-4.152959999999999985e-01,-7.152009999999999756e-01
1.407892612490057945e+04,-6.094819999999999682e-01,-4.856790000000000274e-01,-7.679859999999999465e-01
1.408216713497042656e+04,-6.736320000000000086e-01,-5.607250000000000290e-01,-8.219039999999999679e-01
1.409513113561272621e+04,-6.736320000000000086e-01,-5.607250000000000290e-01,-8.219039999999999679e-01
1.411457715648412704e+04,-6.736320000000000086e-01,-5.607250000000000290e-01,-8.219039999999999679e-01
1.415995119848847389e+04,-6.736320000000000086e-01,-5.607250000000000290e-01,-8.219039999999999679e-01
1.418587923958897591e+04,-7.379780000000000229e-01,-6.368660000000000432e-01,-8.723999999999999533e-01
1.418912020987272263e+04,-7.379780000000000229e-01,-6.368660000000000432e-01,-8.723999999999999533e-01
1.422153023135662079e+04,-7.414849999999999497e-01,-6.350590000000000401e-01,-8.646089999999999609e-01
1.422153023135662079e+04,-7.345350000000000490e-01,-6.287800000000000056e-01,-8.534909999999999997e-01
1.423125325170159340e+04,-7.345350000000000490e-01,-6.287800000000000056e-01,-8.534909999999999997e-01
1.424097625219821930e+04,-7.345350000000000490e-01,-6.287800000000000056e-01,-8.534909999999999997e-01
1.425394027274847031e+04,-7.345350000000000490e-01,-6.287800000000000056e-01,-8.534909999999999997e-01
1.428635029420256615e+04,-7.345350000000000490e-01,-6.287800000000000056e-01,-8.534909999999999997e-01
1.429283230447769165e+04,-7.345350000000000490e-01,-6.287800000000000056e-01,-8.534909999999999997e-01
1.431876031571626663e+04,-6.703040000000000109e-01,-5.613019999999999676e-01,-8.093989999999999796e-01
1.435765237736701965e+04,-7.345350000000000490e-01,-6.287800000000000056e-01,-8.534909999999999997e-01
1.439006236892938614e+04,-7.345350000000000490e-01,-6.287800000000000056e-01,-8.534909999999999997e-01
1.443543641093373299e+04,-7.345350000000000490e-01,-6.287800000000000056e-01,-8.534909999999999997e-01
1.443867743104696274e+04,-7.345350000000000490e-01,-6.287800000000000056e-01,-8.534909999999999997e-01
1.445164142170548439e+04,-7.345350000000000490e-01,-6.287800000000000056e-01,-8.534909999999999997e-01
1.445812343198060989e+04,-7.345350000000000490e-01,-6.287800000000000056e-01,-8.534909999999999997e-01
1.447756948271393776e+04,-7.975700000000000012e-01,-7.179600000000000426e-01,-9.153470000000000217e-01
1.448729246327280998e+04,-8.620250000000000412e-01,-7.983430000000000248e-01,-9.624239999999999462e-01
1.452942550513148308e+04,-8.620250000000000412e-01,-7.983430000000000248e-01,-9.624239999999999462e-01
1.453266650530695915e+04,-8.620250000000000412e-01,-7.983430000000000248e-01,-9.624239999999999462e-01
1.453914848566055298e+04,-8.620250000000000412e-01,-7.983430000000000248e-01,-9.624239999999999462e-01
1.454238950577378273e+04,-8.620250000000000412e-01,-7.983430000000000248e-01,-9.624239999999999462e-01
1.454887151604890823e+04,-8.620250000000000412e-01,-7.983430000000000248e-01,-9.624239999999999462e-01
1.454887151604890823e+04,-8.620250000000000412e-01,-7.983430000000000248e-01,-9.624239999999999462e-01
1.455535352632403374e+04,-8.620250000000000412e-01,-7.983430000000000248e-01,-9.624239999999999462e-01
1.455535352632403374e+04,-7.966659999999999853e-01,-7.145810000000000217e-01,-9.163059999999999539e-01
1.455859453642368317e+04,-7.966659999999999853e-01,-7.145810000000000217e-01,-9.163059999999999539e-01
1.458776354777812958e+04,-7.351659999999999862e-01,-6.458920000000000217e-01,-8.754929999999999657e-01
1.460396855854988098e+04,-7.379780000000000229e-01,-6.368660000000000432e-01,-8.723999999999999533e-01
1.462665556955337524e+04,-7.379780000000000229e-01,-6.368660000000000432e-01,-8.723999999999999533e-01
1.464934257066249847e+04,-7.379780000000000229e-01,-6.368660000000000432e-01,-8.723999999999999533e-01
1.466230661112070084e+04,-7.379780000000000229e-01,-6.368660000000000432e-01,-8.723999999999999533e-01
1.476277766573429108e+04,-7.379780000000000229e-01,-6.368660000000000432e-01,-8.723999999999999533e-01
1.481139272788167000e+04,-7.379780000000000229e-01,-6.368660000000000432e-01,-8.723999999999999533e-01
1.482759773859381676e+04,-7.440529999999999644e-01,-6.433149999999999702e-01,-8.774239999999999817e-01
1.485352574980258942e+04,-7.440529999999999644e-01,-6.433149999999999702e-01,-8.774239999999999817e-01
1.485352574980258942e+04,-7.440529999999999644e-01,-6.433149999999999702e-01,-8.774239999999999817e-01
1.485676675990223885e+04,-7.440529999999999644e-01,-6.433149999999999702e-01,-8.774239999999999817e-01
1.488917678138613701e+04,-7.440529999999999644e-01,-6.433149999999999702e-01,-8.774239999999999817e-01
1.489889978185296059e+04,-6.796440000000000259e-01,-5.726499999999999924e-01,-8.284859999999999447e-01
1.491834579277038574e+04,-6.796440000000000259e-01,-5.726499999999999924e-01,-8.284859999999999447e-01
1.491834579277038574e+04,-7.440529999999999644e-01,-6.433149999999999702e-01,-8.774239999999999817e-01
1.493130980333685875e+04,-7.440529999999999644e-01,-6.433149999999999702e-01,-8.774239999999999817e-01
1.501881689718365669e+04,-7.440529999999999644e-01,-6.433149999999999702e-01,-8.774239999999999817e-01
1.502205788740515709e+04,-7.470630000000000326e-01,-6.473449999999999482e-01,-8.818190000000000195e-01
1.502853989768028259e+04,-7.438139999999999752e-01,-6.566039999999999655e-01,-8.902240000000000153e-01
1.503178088784217834e+04,-7.438139999999999752e-01,-6.566039999999999655e-01,-8.902240000000000153e-01
1.503178088784217834e+04,-6.800110000000000321e-01,-5.724399999999999489e-01,-8.275470000000000326e-01
1.505446792876720428e+04,-6.138919999999999932e-01,-4.809390000000000054e-01,-7.553609999999999491e-01
1.507067293950915337e+04,-6.164479999999999960e-01,-4.911800000000000055e-01,-7.695260000000000433e-01
1.507067293950915337e+04,-6.164479999999999960e-01,-4.911800000000000055e-01,-7.695260000000000433e-01
1.509011894044280052e+04,-6.164479999999999960e-01,-4.911800000000000055e-01,-7.695260000000000433e-01
1.509335996052622795e+04,-5.529420000000000446e-01,-4.210139999999999993e-01,-7.146069999999999922e-01
1.510308294108510017e+04,-5.552899999999999503e-01,-4.210760000000000058e-01,-7.151939999999999964e-01
1.510308294108510017e+04,-5.504520000000000524e-01,-4.220900000000000207e-01,-7.169809999999999794e-01
1.510956495136022568e+04,-4.858750000000000013e-01,-3.306780000000000275e-01,-6.405049999999999910e-01
1.513549298244714737e+04,-4.197620000000000240e-01,-2.557539999999999814e-01,-5.777290000000000481e-01
1.516142097374796867e+04,-4.858750000000000013e-01,-3.306780000000000275e-01,-6.405049999999999910e-01
1.516142097374796867e+04,-4.197620000000000240e-01,-2.557539999999999814e-01,-5.777290000000000481e-01
1.518734900486469269e+04,-4.858750000000000013e-01,-3.306780000000000275e-01,-6.405049999999999910e-01
1.518734900486469269e+04,-4.858750000000000013e-01,-3.306780000000000275e-01,-6.405049999999999910e-01
1.520355401560664177e+04,-4.177049999999999930e-01,-2.627140000000000031e-01,-5.844260000000000010e-01
1.522624103662371635e+04,-4.177049999999999930e-01,-2.627140000000000031e-01,-5.844260000000000010e-01
1.528457908919453621e+04,-4.177049999999999930e-01,-2.627140000000000031e-01,-5.844260000000000010e-01
1.531374812048673630e+04,-4.177049999999999930e-01,-2.627140000000000031e-01,-5.844260000000000010e-01
1.536560414290428162e+04,-4.177049999999999930e-01,-2.627140000000000031e-01,-5.844260000000000010e-01
1.540773718473315239e+04,-4.134979999999999767e-01,-2.633389999999999898e-01,-5.812460000000000404e-01
1.541097818493843079e+04,-4.158709999999999907e-01,-2.550129999999999897e-01,-5.768849999999999811e-01
1.543042420578002930e+04,-4.158709999999999907e-01,-2.550129999999999897e-01,-5.768849999999999811e-01
1.548552124828100204e+04,-4.158709999999999907e-01,-2.550129999999999897e-01,-5.768849999999999811e-01
1.550496726909279823e+04,-4.158709999999999907e-01,-2.550129999999999897e-01,-5.768849999999999811e-01
1.552765429010987282e+04,-4.817420000000000035e-01,-3.478870000000000018e-01,-6.566870000000000207e-01
1.554061828076839447e+04,-4.178189999999999960e-01,-2.625790000000000068e-01,-5.813169999999999726e-01
1.555034131112694740e+04,-4.178189999999999960e-01,-2.625790000000000068e-01,-5.813169999999999726e-01
1.555682329148054123e+04,-4.178189999999999960e-01,-2.625790000000000068e-01,-5.813169999999999726e-01
1.557951033240556717e+04,-3.518009999999999748e-01,-1.858499999999999874e-01,-5.152900000000000258e-01
1.558275133261084557e+04,-4.197620000000000240e-01,-2.557539999999999814e-01,-5.777290000000000481e-01
1.558599232277274132e+04,-3.567379999999999995e-01,-1.855650000000000077e-01,-5.196509999999999740e-01
1.559895634332299232e+04,-3.567379999999999995e-01,-1.855650000000000077e-01,-5.196509999999999740e-01
1.562164335435628891e+04,-4.212989999999999791e-01,-2.554830000000000156e-01,-5.782310000000000505e-01
1.563136635482311249e+04,-4.860900000000000221e-01,-3.295230000000000103e-01,-6.420839999999999881e-01
1.564757136556506157e+04,-4.860900000000000221e-01,-3.295230000000000103e-01,-6.420839999999999881e-01
1.575452445039153099e+04,-4.212989999999999791e-01,-2.554830000000000156e-01,-5.782310000000000505e-01
1.577721147137880325e+04,-4.212989999999999791e-01,-2.554830000000000156e-01,-5.782310000000000505e-01
1.579341650202870369e+04,-4.860900000000000221e-01,-3.295230000000000103e-01,-6.420839999999999881e-01
1.579989849239587784e+04,-4.212989999999999791e-01,-2.554830000000000156e-01,-5.782310000000000505e-01
1.580313948255777359e+04,-3.606690000000000174e-01,-1.980290000000000106e-01,-5.297739999999999672e-01
1.586471852535009384e+04,-4.257889999999999731e-01,-2.627470000000000083e-01,-5.838569999999999593e-01
1.587768254593014717e+04,-4.905120000000000036e-01,-3.478609999999999758e-01,-6.556680000000000286e-01
1.588416453626751900e+04,-4.905120000000000036e-01,-3.478609999999999758e-01,-6.556680000000000286e-01
1.589712854683399200e+04,-5.588060000000000249e-01,-4.190619999999999901e-01,-7.137419999999999876e-01
1.591333358749747276e+04,-5.588060000000000249e-01,-4.190619999999999901e-01,-7.137419999999999876e-01
1.594574359896779060e+04,-5.588060000000000249e-01,-4.190619999999999901e-01,-7.137419999999999876e-01
1.594898459914326668e+04,-5.523599999999999621e-01,-3.949079999999999813e-01,-6.933169999999999611e-01
1.596194860967993736e+04,-5.544440000000000479e-01,-4.213399999999999923e-01,-7.212319999999999842e-01
1.598463563072681427e+04,-5.544440000000000479e-01,-4.213399999999999923e-01,-7.212319999999999842e-01
1.600084064146876335e+04,-5.544440000000000479e-01,-4.213399999999999923e-01,-7.212319999999999842e-01
1.601704565218091011e+04,-5.544440000000000479e-01,-4.213399999999999923e-01,-7.212319999999999842e-01
1.602352766245603561e+04,-5.544440000000000479e-01,-4.213399999999999923e-01,-7.212319999999999842e-01
1.603000966274738312e+04,-5.503749999999999476e-01,-4.193410000000000193e-01,-7.151359999999999939e-01
1.607862469497323036e+04,-4.860900000000000221e-01,-3.295230000000000103e-01,-6.420839999999999881e-01
1.607862469497323036e+04,-4.881989999999999941e-01,-3.389820000000000055e-01,-6.500270000000000215e-01
1.608186568516492844e+04,-4.881989999999999941e-01,-3.389820000000000055e-01,-6.500270000000000215e-01
1.609482970571517944e+04,-4.214589999999999725e-01,-2.625790000000000068e-01,-5.852579999999999449e-01
1.609807069587707520e+04,-4.830740000000000034e-01,-3.354110000000000147e-01,-6.437979999999999814e-01
1.613048073726892471e+04,-4.830740000000000034e-01,-3.354110000000000147e-01,-6.437979999999999814e-01
1.613696272766590118e+04,-4.830740000000000034e-01,-3.354110000000000147e-01,-6.437979999999999814e-01
1.614020371782779694e+04,-4.830740000000000034e-01,-3.354110000000000147e-01,-6.437979999999999814e-01
1.620826477086544037e+04,-4.830740000000000034e-01,-3.354110000000000147e-01,-6.437979999999999814e-01
1.623743380218744278e+04,-5.488290000000000113e-01,-4.174809999999999910e-01,-7.109860000000000069e-01
1.624715682256221771e+04,-5.493299999999999850e-01,-4.184510000000000174e-01,-7.132549999999999724e-01
1.625363883283734322e+04,-5.493299999999999850e-01,-4.184510000000000174e-01,-7.132549999999999724e-01
1.628604885429143906e+04,-5.493299999999999850e-01,-4.184510000000000174e-01,-7.132549999999999724e-01
1.628928984448313713e+04,-5.493299999999999850e-01,-4.184510000000000174e-01,-7.132549999999999724e-01
1.629253083467483521e+04,-6.143610000000000460e-01,-4.878129999999999966e-01,-7.671660000000000146e-01
1.629901284494996071e+04,-6.143610000000000460e-01,-4.878129999999999966e-01,-7.671660000000000146e-01
1.631521787559986115e+04,-6.127869999999999706e-01,-4.882909999999999751e-01,-7.669540000000000246e-01
1.631845884588360786e+04,-6.755949999999999456e-01,-5.732770000000000366e-01,-8.298910000000000453e-01
1.632494087603688240e+04,-7.415249999999999897e-01,-6.425610000000000488e-01,-8.749710000000000543e-01
1.632494087603688240e+04,-7.415249999999999897e-01,-6.425610000000000488e-01,-8.749710000000000543e-01
1.635086888724565506e+04,-6.782569999999999988e-01,-5.781690000000000440e-01,-8.371579999999999577e-01
1.636383287790417671e+04,-6.782569999999999988e-01,-5.781690000000000440e-01,-8.371579999999999577e-01
1.639948393937945366e+04,-6.143610000000000460e-01,-4.878129999999999966e-01,-7.671660000000000146e-01
1.643189394092559814e+04,-6.143610000000000460e-01,-4.878129999999999966e-01,-7.671660000000000146e-01
1.643189394092559814e+04,-6.143610000000000460e-01,-4.878129999999999966e-01,-7.671660000000000146e-01
1.646106296223402023e+04,-6.761679999999999913e-01,-5.679750000000000076e-01,-8.272040000000000504e-01
1.651940099489688873e+04,-6.164479999999999960e-01,-4.911800000000000055e-01,-7.695260000000000433e-01
1.652264200499653816e+04,-6.164479999999999960e-01,-4.911800000000000055e-01,-7.695260000000000433e-01
1.653236500549316406e+04,-6.164479999999999960e-01,-4.911800000000000055e-01,-7.695260000000000433e-01
1.658098005759716034e+04,-5.529420000000000446e-01,-4.210139999999999993e-01,-7.146069999999999922e-01
1.659070305806398392e+04,-5.529420000000000446e-01,-4.210139999999999993e-01,-7.146069999999999922e-01
1.663283608001470566e+04,-4.879830000000000001e-01,-3.553290000000000060e-01,-6.651510000000000478e-01
1.665228210082650185e+04,-4.879830000000000001e-01,-3.553290000000000060e-01,-6.651510000000000478e-01
1.668793311250209808e+04,-4.811810000000000254e-01,-3.396299999999999875e-01,-6.547460000000000502e-01
1.670413815316557884e+04,-4.811810000000000254e-01,-3.396299999999999875e-01,-6.547460000000000502e-01
1.673330715453624725e+04,-5.459589999999999721e-01,-4.152959999999999985e-01,-7.152009999999999756e-01
1.676247617581486702e+04,-4.811810000000000254e-01,-3.396299999999999875e-01,-6.547460000000000502e-01
1.676895818608999252e+04,-4.152739999999999765e-01,-2.691140000000000199e-01,-5.982950000000000212e-01
1.680785021784901619e+04,-4.152739999999999765e-01,-2.691140000000000199e-01,-5.982950000000000212e-01
1.681109120804071426e+04,-4.811810000000000254e-01,-3.396299999999999875e-01,-6.547460000000000502e-01
1.681433221814036369e+04,-4.811810000000000254e-01,-3.396299999999999875e-01,-6.547460000000000502e-01
1.684350124940276146e+04,-4.152739999999999765e-01,-2.691140000000000199e-01,-5.982950000000000212e-01
1.685646526998281479e+04,-3.548229999999999995e-01,-2.009100000000000052e-01,-5.295630000000000059e-01
1.687915226107835770e+04,-3.548229999999999995e-01,-2.009100000000000052e-01,-5.295630000000000059e-01
1.688239328119158745e+04,-3.548229999999999995e-01,-2.009100000000000052e-01,-5.295630000000000059e-01
1.689859831184148788e+04,-3.548229999999999995e-01,-2.009100000000000052e-01,-5.295630000000000059e-01
1.691804429283738136e+04,-2.904129999999999767e-01,-1.348620000000000096e-01,-4.712459999999999982e-01
1.693100830337405205e+04,-2.865690000000000182e-01,-1.140970000000000040e-01,-4.593960000000000266e-01
1.695045433422923088e+04,-2.820440000000000169e-01,-1.397720000000000073e-01,-4.802600000000000202e-01
1.696017733469605446e+04,-2.820440000000000169e-01,-1.397720000000000073e-01,-4.802600000000000202e-01
1.697638234543800354e+04,-2.820440000000000169e-01,-1.397720000000000073e-01,-4.802600000000000202e-01
1.697638234543800354e+04,-2.820440000000000169e-01,-1.397720000000000073e-01,-4.802600000000000202e-01
1.698934635597467422e+04,-3.511179999999999857e-01,-1.970250000000000057e-01,-5.294619999999999882e-01
1.700555134680867195e+04,-2.918689999999999896e-01,-1.389960000000000084e-01,-4.819100000000000050e-01
1.701203337702155113e+04,-3.557460000000000067e-01,-1.991209999999999924e-01,-5.322230000000000016e-01
1.701203337702155113e+04,-3.557460000000000067e-01,-1.991209999999999924e-01,-5.322230000000000016e-01
1.701527436718344688e+04,-2.918689999999999896e-01,-1.389960000000000084e-01,-4.819100000000000050e-01
1.701527436718344688e+04,-2.918689999999999896e-01,-1.389960000000000084e-01,-4.819100000000000050e-01
1.702175637745857239e+04,-3.523899999999999810e-01,-1.935860000000000081e-01,-5.237020000000000008e-01
1.702175637745857239e+04,-3.523899999999999810e-01,-1.935860000000000081e-01,-5.237020000000000008e-01
1.702823838773369789e+04,-3.523899999999999810e-01,-1.935860000000000081e-01,-5.237020000000000008e-01
1.703147937792539597e+04,-4.177049999999999930e-01,-2.627140000000000031e-01,-5.844260000000000010e-01
1.710278143113851547e+04,-4.177049999999999930e-01,-2.627140000000000031e-01,-5.844260000000000010e-01
1.711250446152687073e+04,-4.177049999999999930e-01,-2.627140000000000031e-01,-5.844260000000000010e-01
1.711898644191026688e+04,-4.832960000000000034e-01,-3.297289999999999943e-01,-6.390249999999999542e-01
1.715463745355606079e+04,-4.177049999999999930e-01,-2.627140000000000031e-01,-5.844260000000000010e-01
1.716436048391461372e+04,-4.178189999999999960e-01,-2.625790000000000068e-01,-5.813169999999999726e-01
1.718704750496149063e+04,-4.178189999999999960e-01,-2.625790000000000068e-01,-5.813169999999999726e-01
1.720325251570343971e+04,-4.830740000000000034e-01,-3.354110000000000147e-01,-6.437979999999999814e-01
1.720973451596498489e+04,-5.493299999999999850e-01,-4.184510000000000174e-01,-7.132549999999999724e-01
1.721297553604841232e+04,-5.493299999999999850e-01,-4.184510000000000174e-01,-7.132549999999999724e-01
1.722269853651523590e+04,-5.493299999999999850e-01,-4.184510000000000174e-01,-7.132549999999999724e-01
1.724214454743266106e+04,-5.493299999999999850e-01,-4.184510000000000174e-01,-7.132549999999999724e-01
1.727779557901620865e+04,-5.493299999999999850e-01,-4.184510000000000174e-01,-7.132549999999999724e-01
1.729724160984158516e+04,-6.127869999999999706e-01,-4.882909999999999751e-01,-7.669540000000000246e-01
1.730696461030840874e+04,-6.127869999999999706e-01,-4.882909999999999751e-01,-7.669540000000000246e-01
1.731992860096693039e+04,-6.127869999999999706e-01,-4.882909999999999751e-01,-7.669540000000000246e-01
1.739447167429327965e+04,-6.127869999999999706e-01,-4.882909999999999751e-01,-7.669540000000000246e-01
1.742039968547224998e+04,-6.782569999999999988e-01,-5.781690000000000440e-01,-8.371579999999999577e-01
1.743984571629762650e+04,-6.815189999999999859e-01,-5.810260000000000424e-01,-8.385880000000000001e-01
1.744632772657275200e+04,-6.815189999999999859e-01,-5.810260000000000424e-01,-8.385880000000000001e-01
1.751114776957035065e+04,-6.817929999999999824e-01,-5.820220000000000393e-01,-8.383099999999999996e-01
1.752411179012060165e+04,-6.817929999999999824e-01,-5.820220000000000393e-01,-8.383099999999999996e-01
1.753383480054140091e+04,-6.853970000000000340e-01,-5.812899999999999734e-01,-8.395169999999999577e-01
1.754031680083274841e+04,-6.815189999999999859e-01,-5.810260000000000424e-01,-8.385880000000000001e-01
1.754679881113767624e+04,-7.470630000000000326e-01,-6.473449999999999482e-01,-8.818190000000000195e-01
1.754679881113767624e+04,-6.831249999999999822e-01,-5.724399999999999489e-01,-8.297870000000000523e-01
1.756300382184982300e+04,-6.831249999999999822e-01,-5.724399999999999489e-01,-8.297870000000000523e-01
1.757272680240869522e+04,-7.500149999999999872e-01,-6.553280000000000216e-01,-8.915060000000000207e-01
1.757596782249212265e+04,-7.500149999999999872e-01,-6.553280000000000216e-01,-8.915060000000000207e-01
1.759217283326387405e+04,-7.470630000000000326e-01,-6.473449999999999482e-01,-8.818190000000000195e-01
1.759217283326387405e+04,-6.815189999999999859e-01,-5.810260000000000424e-01,-8.385880000000000001e-01
1.761161886408925056e+04,-6.815189999999999859e-01,-5.810260000000000424e-01,-8.385880000000000001e-01
1.767643893694877625e+04,-6.170670000000000321e-01,-5.074480000000000102e-01,-7.874020000000000463e-01
1.769588493788242340e+04,-6.170670000000000321e-01,-5.074480000000000102e-01,-7.874020000000000463e-01
1.770884893852472305e+04,-6.815189999999999859e-01,-5.810260000000000424e-01,-8.385880000000000001e-01
1.774774099016189575e+04,-6.815189999999999859e-01,-5.810260000000000424e-01,-8.385880000000000001e-01
1.775098198038339615e+04,-7.466049999999999631e-01,-6.558439999999999825e-01,-8.895039999999999614e-01
1.775746399065852165e+04,-6.824940000000000451e-01,-5.701509999999999634e-01,-8.297280000000000211e-01
1.778663300201296806e+04,-6.824940000000000451e-01,-5.701509999999999634e-01,-8.297280000000000211e-01
1.780607903283834457e+04,-6.884449999999999736e-01,-5.828349999999999920e-01,-8.421959999999999447e-01
1.784173007440567017e+04,-6.853970000000000340e-01,-5.812899999999999734e-01,-8.395169999999999577e-01
1.784497106462717056e+04,-6.853970000000000340e-01,-5.812899999999999734e-01,-8.395169999999999577e-01
1.784821208468079567e+04,-6.853970000000000340e-01,-5.812899999999999734e-01,-8.395169999999999577e-01
1.784821208468079567e+04,-6.853970000000000340e-01,-5.812899999999999734e-01,-8.395169999999999577e-01
1.787089910569787025e+04,-7.529409999999999714e-01,-6.566459999999999519e-01,-8.951580000000000092e-01
1.790330912718176842e+04,-7.529409999999999714e-01,-6.566459999999999519e-01,-8.951580000000000092e-01
1.794544217902421951e+04,-6.883949999999999791e-01,-5.817620000000000013e-01,-8.395860000000000545e-01
1.795516515961289406e+04,-6.883949999999999791e-01,-5.817620000000000013e-01,-8.395860000000000545e-01
1.796164718979597092e+04,-6.883949999999999791e-01,-5.817620000000000013e-01,-8.395860000000000545e-01
1.799081620115041733e+04,-6.883949999999999791e-01,-5.817620000000000013e-01,-8.395860000000000545e-01
1.801026223200559616e+04,-6.897560000000000358e-01,-5.817620000000000013e-01,-8.403119999999999479e-01
1.803943123337626457e+04,-6.897560000000000358e-01,-5.817620000000000013e-01,-8.403119999999999479e-01
1.804915424385666847e+04,-6.883949999999999791e-01,-5.817620000000000013e-01,-8.395860000000000545e-01
1.805887726423144341e+04,-6.883949999999999791e-01,-5.817620000000000013e-01,-8.395860000000000545e-01
1.812369731718301773e+04,-6.883949999999999791e-01,-5.817620000000000013e-01,-8.395860000000000545e-01
1.814314334800839424e+04,-6.853970000000000340e-01,-5.812899999999999734e-01,-8.395169999999999577e-01
1.814638433820009232e+04,-6.897560000000000358e-01,-5.817620000000000013e-01,-8.403119999999999479e-01
1.815286634847521782e+04,-7.551909999999999457e-01,-6.463719999999999466e-01,-8.866079999999999517e-01
1.816258934891223907e+04,-7.551909999999999457e-01,-6.463719999999999466e-01,-8.866079999999999517e-01
1.822092739161849022e+04,-6.897560000000000358e-01,-5.817620000000000013e-01,-8.403119999999999479e-01
1.825009642288088799e+04,-6.897560000000000358e-01,-5.817620000000000013e-01,-8.403119999999999479e-01
1.825657843315601349e+04,-6.946529999999999649e-01,-5.827309999999999990e-01,-8.425839999999999996e-01
1.826630145353078842e+04,-7.551909999999999457e-01,-6.463719999999999466e-01,-8.866079999999999517e-01
1.826630145353078842e+04,-7.551909999999999457e-01,-6.463719999999999466e-01,-8.866079999999999517e-01
1.828898847457766533e+04,-8.191370000000000040e-01,-7.328200000000000269e-01,-9.431739999999999569e-01
1.830195247521996498e+04,-8.191370000000000040e-01,-7.328200000000000269e-01,-9.431739999999999569e-01
1.832139847612380981e+04,-8.191370000000000040e-01,-7.328200000000000269e-01,-9.431739999999999569e-01
1.832463949623703957e+04,-8.201070000000000304e-01,-7.266319999999999446e-01,-9.381709999999999772e-01
1.833112150651216507e+04,-8.175970000000000182e-01,-7.265509999999999469e-01,-9.367720000000000491e-01
1.833436252659559250e+04,-8.861529999999999685e-01,-8.389020000000000366e-01,-1.000000000000000000e+00
1.835380854743719101e+04,-8.861529999999999685e-01,-8.389020000000000366e-01,-1.000000000000000000e+00
1.842186959055066109e+04,-8.861529999999999685e-01,-8.389020000000000366e-01,-1.000000000000000000e+00
1.843807460129261017e+04,-8.837040000000000450e-01,-8.363180000000000058e-01,-9.999989999999999712e-01
1.843807460129261017e+04,-8.837040000000000450e-01,-8.363180000000000058e-01,-9.999989999999999712e-01
1.844455661156773567e+04,-8.837040000000000450e-01,-8.363180000000000058e-01,-9.999989999999999712e-01
1.844779761177301407e+04,-8.129809999999999537e-01,-7.358670000000000488e-01,-9.422690000000000232e-01
1.852234068509936333e+04,-8.100519999999999943e-01,-7.328759999999999719e-01,-9.382139999999999924e-01
1.852882266548275948e+04,-7.466049999999999631e-01,-6.558439999999999825e-01,-8.895039999999999614e-01
1.853206368553638458e+04,-7.466049999999999631e-01,-6.558439999999999825e-01,-8.895039999999999614e-01
1.853206368553638458e+04,-7.466049999999999631e-01,-6.558439999999999825e-01,-8.895039999999999614e-01
1.853530470564961433e+04,-7.466049999999999631e-01,-6.558439999999999825e-01,-8.895039999999999614e-01
1.855475072646141052e+04,-6.817929999999999824e-01,-5.820220000000000393e-01,-8.383099999999999996e-01
1.856771472713351250e+04,-6.815189999999999859e-01,-5.810260000000000424e-01,-8.385880000000000001e-01
1.857419673740863800e+04,-6.815189999999999859e-01,-5.810260000000000424e-01,-8.385880000000000001e-01
1.858716075795888901e+04,-6.815189999999999859e-01,-5.810260000000000424e-01,-8.385880000000000001e-01
1.860660675886273384e+04,-6.815189999999999859e-01,-5.810260000000000424e-01,-8.385880000000000001e-01
1.865198090055584908e+04,-6.815189999999999859e-01,-5.810260000000000424e-01,-8.385880000000000001e-01
1.865522177118062973e+04,-6.815189999999999859e-01,-5.810260000000000424e-01,-8.385880000000000001e-01
1.867142681184411049e+04,-6.824940000000000451e-01,-5.701509999999999634e-01,-8.297280000000000211e-01
1.868763182255625725e+04,-6.796440000000000259e-01,-5.726499999999999924e-01,-8.284859999999999447e-01
1.869735484293103218e+04,-6.796440000000000259e-01,-5.726499999999999924e-01,-8.284859999999999447e-01
1.871680085387825966e+04,-7.440529999999999644e-01,-6.433149999999999702e-01,-8.774239999999999817e-01
1.879458489748835564e+04,-7.409130000000000438e-01,-6.419529999999999959e-01,-8.781830000000000469e-01
1.880754893794655800e+04,-7.440529999999999644e-01,-6.433149999999999702e-01,-8.774239999999999817e-01
1.886588697060942650e+04,-7.470630000000000326e-01,-6.473449999999999482e-01,-8.818190000000000195e-01
1.887560998108983040e+04,-7.500149999999999872e-01,-6.553280000000000216e-01,-8.915060000000000207e-01
1.893718903386592865e+04,-7.500149999999999872e-01,-6.553280000000000216e-01,-8.915060000000000207e-01
1.893718903386592865e+04,-7.500149999999999872e-01,-6.553280000000000216e-01,-8.915060000000000207e-01
1.895015305441617966e+04,-7.500149999999999872e-01,-6.553280000000000216e-01,-8.915060000000000207e-01
1.895663506466150284e+04,-6.824940000000000451e-01,-5.701509999999999634e-01,-8.297280000000000211e-01
1.898580408596992493e+04,-6.824940000000000451e-01,-5.701509999999999634e-01,-8.297280000000000211e-01
1.899552709642052650e+04,-6.824940000000000451e-01,-5.701509999999999634e-01,-8.297280000000000211e-01
1.900200910672545433e+04,-6.824940000000000451e-01,-5.701509999999999634e-01,-8.297280000000000211e-01
1.907007013985514641e+04,-6.164479999999999960e-01,-4.911800000000000055e-01,-7.695260000000000433e-01
1.913164922255277634e+04,-6.164479999999999960e-01,-4.911800000000000055e-01,-7.695260000000000433e-01
1.914137222298979759e+04,-6.191079999999999917e-01,-4.927469999999999906e-01,-7.708469999999999489e-01
1.916405924400687218e+04,-6.191079999999999917e-01,-4.927469999999999906e-01,-7.708469999999999489e-01
1.920943328604102135e+04,-6.817929999999999824e-01,-5.820220000000000393e-01,-8.383099999999999996e-01
1.931314536076784134e+04,-6.817929999999999824e-01,-5.820220000000000393e-01,-8.383099999999999996e-01
1.939092942428588867e+04,-7.466049999999999631e-01,-6.558439999999999825e-01,-8.895039999999999614e-01
1.943630346629023552e+04,-7.493570000000000508e-01,-6.520920000000000050e-01,-8.896629999999999816e-01
1.944278547656536102e+04,-7.493570000000000508e-01,-6.520920000000000050e-01,-8.896629999999999816e-01
1.945899046739935875e+04,-7.493570000000000508e-01,-6.520920000000000050e-01,-8.896629999999999816e-01
1.947843648824095726e+04,-8.129809999999999537e-01,-7.358670000000000488e-01,-9.422690000000000232e-01
1.948815948870778084e+04,-8.129809999999999537e-01,-7.358670000000000488e-01,-9.422690000000000232e-01
1.951732851999998093e+04,-8.161359999999999726e-01,-7.318510000000000293e-01,-9.389389999999999681e-01
1.954325656110048294e+04,-8.161359999999999726e-01,-7.318510000000000293e-01,-9.389389999999999681e-01
1.956270256200432777e+04,-8.161359999999999726e-01,-7.318510000000000293e-01,-9.389389999999999681e-01
1.958538958305120468e+04,-8.161359999999999726e-01,-7.318510000000000293e-01,-9.389389999999999681e-01
1.958863060313463211e+04,-8.161359999999999726e-01,-7.318510000000000293e-01,-9.389389999999999681e-01
1.959835360360145569e+04,-8.190849999999999520e-01,-7.289750000000000396e-01,-9.374299999999999855e-01
1.960483561387658119e+04,-8.175970000000000182e-01,-7.265509999999999469e-01,-9.367720000000000491e-01
1.969234267786145210e+04,-8.201070000000000304e-01,-7.266319999999999446e-01,-9.381709999999999772e-01
1.970206567829847336e+04,-7.550249999999999462e-01,-6.522700000000000164e-01,-8.901499999999999968e-01
1.974743972033262253e+04,-7.532159999999999966e-01,-6.520920000000000050e-01,-8.887669999999999737e-01
1.986411580559611320e+04,-7.532159999999999966e-01,-6.520920000000000050e-01,-8.887669999999999737e-01
1.986735682570934296e+04,-7.493570000000000508e-01,-6.520920000000000050e-01,-8.874170000000000114e-01
1.988356183645129204e+04,-7.470630000000000326e-01,-6.473119999999999985e-01,-8.824379999999999447e-01
1.989652582710981369e+04,-7.489130000000000509e-01,-6.461860000000000381e-01,-8.826370000000000049e-01
1.996134589993953705e+04,-7.489130000000000509e-01,-6.461860000000000381e-01,-8.826370000000000049e-01
2.011043200668692589e+04,-7.538810000000000233e-01,-6.448120000000000518e-01,-8.860749999999999460e-01
2.011691401696205139e+04,-8.233570000000000055e-01,-7.289750000000000396e-01,-9.373979999999999535e-01
2.014608304825425148e+04,-8.233570000000000055e-01,-7.289750000000000396e-01,-9.373979999999999535e-01
2.024007212251424789e+04,-7.538810000000000233e-01,-6.448120000000000518e-01,-8.860749999999999460e-01
2.028544615456461906e+04,-7.581069999999999753e-01,-6.437359999999999749e-01,-8.859780000000000433e-01
2.044425527173280716e+04,-8.266989999999999617e-01,-7.350539999999999852e-01,-9.444320000000000492e-01
2.057389536759257317e+04,-8.339330000000000354e-01,-7.496819999999999595e-01,-9.549959999999999560e-01
2.058685938814282417e+04,-8.339330000000000354e-01,-7.496819999999999595e-01,-9.549959999999999560e-01
2.077807861644029617e+04,-8.337940000000000351e-01,-7.487559999999999771e-01,-9.551030000000000353e-01
2.085910359042882919e+04,-7.586880000000000290e-01,-6.440919999999999979e-01,-8.859780000000000433e-01
2.087206758108735085e+04,-7.586880000000000290e-01,-6.440919999999999979e-01,-8.859780000000000433e-01
2.088179061144590378e+04,-7.586880000000000290e-01,-6.440919999999999979e-01,-8.859780000000000433e-01
2.088827259179949760e+04,-8.173949999999999827e-01,-7.195080000000000364e-01,-9.344550000000000356e-01
2.125774686843156815e+04,-8.108659999999999757e-01,-7.080520000000000147e-01,-9.304090000000000416e-01
2.133877194204926491e+04,-8.042080000000000339e-01,-6.974749999999999561e-01,-9.276459999999999706e-01
2.147489404815435410e+04,-7.969969999999999555e-01,-6.837889999999999802e-01,-9.220880000000000187e-01
2.152350908035039902e+04,-7.888899999999999801e-01,-6.744649999999999812e-01,-9.220439999999999747e-01
2.153323208081722260e+04,-7.777089999999999836e-01,-6.619909999999999961e-01,-9.169169999999999821e-01
2.157536512264609337e+04,-7.684689999999999577e-01,-6.522489999999999677e-01,-9.166760000000000463e-01
2.166935418689250946e+04,-7.585520000000000040e-01,-6.339099999999999735e-01,-9.088450000000000140e-01
2.172769220960140228e+04,-7.477510000000000545e-01,-6.187470000000000470e-01,-9.042059999999999542e-01
2.185085030514001846e+04,-7.354739999999999611e-01,-6.014680000000000026e-01,-8.989989999999999926e-01
2.193835735911130905e+04,-7.214610000000000190e-01,-5.824880000000000058e-01,-8.933370000000000477e-01
2.195132136964797974e+04,-7.025050000000000461e-01,-5.628990000000000382e-01,-8.960599999999999676e-01
2.198049040096998215e+04,-6.827530000000000543e-01,-5.363010000000000277e-01,-8.803640000000000354e-01
2.199345451113581657e+04,-7.918300000000000338e-01,-7.093880000000000186e-01,-9.999970000000000248e-01
2.203558743345737457e+04,-7.783200000000000118e-01,-6.910049999999999804e-01,-9.999970000000000248e-01
