# Time,Median,Upper Error,Lower Error
1.032471744477748871e+03,7.214099999999999957e-01,1.000000000000000000e+00,4.080150000000000166e-01
1.447084414303302765e+03,5.128770000000000273e-01,1.000000000000000000e+00,5.998200000000000059e-02
1.544455598831176758e+03,3.136650000000000271e-01,1.000000000000000000e+00,-1.967540000000000122e-01
1.569583650052547455e+03,4.349250000000000060e-01,1.000000000000000000e+00,-4.201900000000000079e-02
1.597852691411972046e+03,4.933230000000000115e-01,1.000000000000000000e+00,6.270799999999999985e-02
1.773748989760875702e+03,5.662239999999999496e-01,1.000000000000000000e+00,1.883930000000000049e-01
2.081567554414272308e+03,5.277690000000000436e-01,1.000000000000000000e+00,9.662500000000000255e-02
2.128682636678218842e+03,5.698699999999999877e-01,1.000000000000000000e+00,1.737589999999999968e-01
2.238617831885814667e+03,6.232140000000000457e-01,1.000000000000000000e+00,2.664579999999999727e-01
2.273168893575668335e+03,6.214669999999999916e-01,1.000000000000000000e+00,2.609460000000000113e-01
2.310860975325107574e+03,6.580049999999999510e-01,1.000000000000000000e+00,3.121599999999999930e-01
2.750601836204528809e+03,5.331059999999999688e-01,1.000000000000000000e+00,4.282299999999999995e-02
2.788293898046016693e+03,5.693059999999999787e-01,1.000000000000000000e+00,1.254609999999999892e-01
3.039574419975280762e+03,3.700470000000000148e-01,9.999989999999999712e-01,-1.319639999999999980e-01
3.052138430655002594e+03,4.182069999999999954e-01,1.000000000000000000e+00,-8.030800000000000438e-02
3.146368645012378693e+03,4.576970000000000205e-01,1.000000000000000000e+00,-2.004600000000000132e-02
3.529571423351764679e+03,4.634249999999999758e-01,1.000000000000000000e+00,-1.089999999999999997e-02
3.529571423351764679e+03,6.435490000000000377e-01,1.000000000000000000e+00,2.416260000000000074e-01
3.677198760271072388e+03,7.042300000000000226e-01,1.000000000000000000e+00,3.911950000000000149e-01
3.736877893149852753e+03,6.581580000000000208e-01,1.000000000000000000e+00,2.762629999999999808e-01
3.758864934206008911e+03,5.840180000000000371e-01,1.000000000000000000e+00,1.586730000000000085e-01
4.135785772144794464e+03,5.473459999999999992e-01,1.000000000000000000e+00,8.110599999999999754e-02
4.305400150299072266e+03,5.608020000000000227e-01,1.000000000000000000e+00,1.020090000000000025e-01
4.343092222094535828e+03,6.132889999999999731e-01,1.000000000000000000e+00,1.892909999999999870e-01
4.591231813788414001e+03,5.947729999999999961e-01,1.000000000000000000e+00,1.606390000000000040e-01
4.955588671207427979e+03,4.510609999999999897e-01,1.000000000000000000e+00,-7.727199999999999347e-02
5.822506792485713959e+03,4.565469999999999806e-01,1.000000000000000000e+00,-7.035800000000000387e-02
5.913596036732196808e+03,3.952860000000000262e-01,1.000000000000000000e+00,-1.458540000000000114e-01
6.058082383692264557e+03,4.528280000000000083e-01,1.000000000000000000e+00,-7.394100000000000672e-02
6.180581699490547180e+03,4.635179999999999856e-01,1.000000000000000000e+00,-4.860300000000000037e-02
6.237119852125644684e+03,4.837859999999999938e-01,1.000000000000000000e+00,-4.744600000000000206e-02
6.243401872456073761e+03,4.013149999999999773e-01,1.000000000000000000e+00,-1.439850000000000019e-01
6.435003351569175720e+03,3.948349999999999915e-01,1.000000000000000000e+00,-1.444539999999999991e-01
6.450708402276039124e+03,5.306199999999999806e-01,1.000000000000000000e+00,1.485500000000000015e-02
6.755386196792125702e+03,6.259759999999999769e-01,1.000000000000000000e+00,2.023929999999999896e-01
7.144871235370635986e+03,6.223610000000000531e-01,1.000000000000000000e+00,1.826609999999999900e-01
7.301921642899513245e+03,6.310409999999999631e-01,1.000000000000000000e+00,2.086459999999999981e-01
7.487241151630878448e+03,5.638100000000000334e-01,1.000000000000000000e+00,6.006100000000000327e-02
7.506087212502956390e+03,5.823479999999999768e-01,1.000000000000000000e+00,9.122199999999999753e-02
7.773072945237159729e+03,4.906090000000000173e-01,1.000000000000000000e+00,-5.029999999999999749e-02
7.839034108400344849e+03,4.468199999999999950e-01,1.000000000000000000e+00,-1.009079999999999977e-01
7.854739159107208252e+03,4.438520000000000243e-01,1.000000000000000000e+00,-1.085909999999999931e-01
8.297621390223503113e+03,4.608410000000000006e-01,1.000000000000000000e+00,-9.564899999999999791e-02
8.357300553023815155e+03,5.262630000000000363e-01,1.000000000000000000e+00,7.974299999999999444e-02
8.404415685236454010e+03,5.190550000000000441e-01,1.000000000000000000e+00,2.251500000000000029e-02
8.426402746319770813e+03,6.461919999999999886e-01,1.000000000000000000e+00,2.139409999999999923e-01
9.057745536386966705e+03,6.491259999999999808e-01,1.000000000000000000e+00,2.231390000000000040e-01
9.195949942946434021e+03,6.572599999999999554e-01,1.000000000000000000e+00,2.377879999999999994e-01
9.233642034769058228e+03,6.045589999999999575e-01,1.000000000000000000e+00,1.476020000000000110e-01
9.321590288937091827e+03,6.123619999999999619e-01,1.000000000000000000e+00,1.535179999999999878e-01
9.415820553421974182e+03,4.470439999999999969e-01,1.000000000000000000e+00,-7.255799999999999750e-02
9.425243593871593475e+03,4.658479999999999843e-01,1.000000000000000000e+00,-2.063999999999999863e-02
9.748767529249191284e+03,3.022440000000000127e-01,1.000000000000000000e+00,-2.406030000000000113e-01
1.000318927133083344e+04,2.945920000000000205e-01,1.000000000000000000e+00,-2.391459999999999975e-01
1.003145835268497467e+04,2.891940000000000066e-01,1.000000000000000000e+00,-2.491190000000000071e-01
1.048376369416713715e+04,3.298400000000000221e-01,1.000000000000000000e+00,-1.873289999999999955e-01
1.076959552782773972e+04,3.498080000000000078e-01,1.000000000000000000e+00,-1.615109999999999879e-01
1.089837691396474838e+04,2.695130000000000026e-01,1.000000000000000000e+00,-2.724030000000000062e-01
1.092664600521326065e+04,2.183229999999999893e-01,1.000000000000000000e+00,-3.255009999999999848e-01
1.106485041189193726e+04,2.510199999999999931e-02,1.000000000000000000e+00,-4.424000000000000155e-01
1.122190087938308716e+04,-3.228700000000000320e-02,4.440299999999999803e-01,-1.000000000000000000e+00
1.140407943797111511e+04,-1.677700000000000025e-02,4.515339999999999909e-01,-1.000000000000000000e+00
1.147004062122106552e+04,-5.808399999999999674e-02,4.344470000000000276e-01,-1.000000000000000000e+00
1.177785955584049225e+04,-2.781600000000000183e-01,1.972949999999999982e-01,-1.000000000000000000e+00
1.196003813439607620e+04,-1.797400000000000109e-01,2.737249999999999961e-01,-1.000000000000000000e+00
1.202285831743478775e+04,-3.585010000000000141e-01,4.791700000000000126e-02,-1.000000000000000000e+00
1.218933180546760559e+04,-4.458340000000000081e-01,-6.072700000000000320e-02,-1.000000000000000000e+00
1.230869017106294632e+04,-4.698430000000000106e-01,-1.067290000000000044e-01,-1.000000000000000000e+00
1.258509901428222656e+04,-4.698430000000000106e-01,-1.067290000000000044e-01,-1.000000000000000000e+00
1.267618830853700638e+04,-4.748379999999999823e-01,-8.484800000000000675e-02,-1.000000000000000000e+00
1.279554667425155640e+04,-5.603690000000000060e-01,-2.335760000000000058e-01,-1.000000000000000000e+00
1.290548200947046280e+04,-4.061799999999999855e-01,-3.566099999999999826e-02,-1.000000000000000000e+00
1.350227385783195496e+04,-5.351110000000000033e-01,-1.955379999999999896e-01,-1.000000000000000000e+00
1.357137607115507126e+04,-5.070099999999999607e-01,-1.650419999999999943e-01,-1.000000000000000000e+00
1.361220919317007065e+04,-4.810699999999999976e-01,-1.529959999999999931e-01,-1.000000000000000000e+00
1.404252754366397858e+04,-4.961999999999999744e-01,-1.520509999999999917e-01,-1.000000000000000000e+00
1.406765562480688095e+04,-4.847130000000000050e-01,-1.330959999999999921e-01,-1.000000000000000000e+00
1.421842411190271378e+04,-4.964859999999999829e-01,-1.647270000000000123e-01,-1.000000000000000000e+00
1.432521842712163925e+04,-4.355200000000000182e-01,-1.013519999999999976e-01,-1.000000000000000000e+00
1.438175661975145340e+04,-4.398630000000000040e-01,-9.282999999999999585e-02,-1.000000000000000000e+00
1.443201276218891144e+04,-4.217910000000000270e-01,-8.908599999999999852e-02,-1.000000000000000000e+00
1.464246044212579727e+04,-4.513539999999999774e-01,-9.282999999999999585e-02,-1.000000000000000000e+00
1.470213962495326996e+04,-4.365330000000000044e-01,-7.443700000000000316e-02,-1.000000000000000000e+00
1.474297275686264038e+04,-4.852130000000000054e-01,-1.354339999999999988e-01,-1.000000000000000000e+00
1.491258728498220444e+04,-3.342700000000000116e-01,1.008860000000000035e-01,-1.000000000000000000e+00
1.491572828519344330e+04,-2.362130000000000063e-01,1.925109999999999877e-01,-1.000000000000000000e+00
1.499739453905820847e+04,-2.519970000000000265e-01,1.618970000000000131e-01,-1.000000000000000000e+00
1.513874000573158264e+04,-3.088759999999999839e-01,1.032170000000000032e-01,-1.000000000000000000e+00
1.529264949297904968e+04,-3.299770000000000203e-01,8.012099999999999778e-02,-1.000000000000000000e+00
1.531463655406236649e+04,8.073800000000000421e-02,1.000000000000000000e+00,-3.451060000000000239e-01
1.549681513279676437e+04,1.213270000000000043e-01,1.000000000000000000e+00,-3.120390000000000108e-01
1.571354481309652328e+04,2.972210000000000130e-01,1.000000000000000000e+00,-1.842419999999999891e-01
1.589886441195011139e+04,3.132409999999999917e-01,1.000000000000000000e+00,-1.203309999999999935e-01
1.596168460494279861e+04,2.923049999999999815e-01,1.000000000000000000e+00,-1.445230000000000126e-01
1.597738967561721802e+04,2.563469999999999915e-01,1.000000000000000000e+00,-2.345409999999999995e-01
1.604020986866950989e+04,2.435440000000000105e-01,1.000000000000000000e+00,-2.472719999999999918e-01
1.608732502090930939e+04,2.553570000000000007e-01,1.000000000000000000e+00,-2.424590000000000078e-01
1.614072219341993332e+04,4.644039999999999835e-01,1.000000000000000000e+00,1.199599999999999972e-02
1.646738722902536392e+04,5.268549999999999622e-01,1.000000000000000000e+00,1.020279999999999937e-01
1.688200055873394012e+04,4.868999999999999995e-01,1.000000000000000000e+00,1.142499999999999939e-02
1.703591005605459213e+04,4.385809999999999986e-01,1.000000000000000000e+00,-5.289800000000000058e-02
1.710501227939128876e+04,4.742000000000000104e-01,1.000000000000000000e+00,4.110599999999999671e-02
1.720866562426090240e+04,6.491860000000000408e-01,1.000000000000000000e+00,2.829220000000000068e-01
1.732488298982381821e+04,6.501940000000000497e-01,1.000000000000000000e+00,2.861199999999999855e-01
1.753533067971467972e+04,6.829800000000000315e-01,1.000000000000000000e+00,3.472700000000000231e-01
1.764840702521800995e+04,6.780979999999999785e-01,1.000000000000000000e+00,3.493290000000000006e-01
1.798135411101579666e+04,6.491860000000000408e-01,1.000000000000000000e+00,2.829220000000000068e-01
1.841795452177524567e+04,4.156449999999999867e-01,1.000000000000000000e+00,-4.545400000000000135e-02
1.845250563347339630e+04,3.824409999999999754e-01,1.000000000000000000e+00,-1.110820000000000002e-01
1.866295331352949142e+04,3.819520000000000137e-01,1.000000000000000000e+00,-1.010609999999999981e-01
1.900532344967126846e+04,1.690959999999999963e-01,1.000000000000000000e+00,-3.239500000000000157e-01
1.903359254103899002e+04,1.176900000000000029e-01,1.000000000000000000e+00,-3.867820000000000147e-01
1.907756667321920395e+04,-9.793799999999999728e-02,3.294529999999999959e-01,-1.000000000000000000e+00
1.933198850530385971e+04,-2.772060000000000080e-01,1.469000000000000028e-01,-1.000000000000000000e+00
1.954243618535995483e+04,-3.170200000000000101e-02,3.935449999999999782e-01,-1.000000000000000000e+00
1.965237156051397324e+04,-8.507000000000000672e-02,3.436489999999999823e-01,-1.000000000000000000e+00
1.973717884451150894e+04,1.979799999999999963e-02,1.000000000000000000e+00,-4.172440000000000038e-01
1.980314005762338638e+04,2.193700000000000164e-02,1.000000000000000000e+00,-4.190180000000000016e-01
1.987538328117132187e+04,-2.375349999999999961e-01,1.550779999999999936e-01,-1.000000000000000000e+00
1.988480632156133652e+04,-2.110009999999999941e-01,1.776919999999999888e-01,-1.000000000000000000e+00
2.001044671761989594e+04,-2.040780000000000094e-01,1.728280000000000094e-01,-1.000000000000000000e+00
2.025544552922248840e+04,-2.154729999999999979e-01,1.727730000000000099e-01,-1.000000000000000000e+00
2.037794492506980896e+04,-2.084010000000000029e-01,1.757080000000000031e-01,-1.000000000000000000e+00
2.077685322409868240e+04,-5.245799999999999769e-02,2.704039999999999777e-01,-9.999989999999999712e-01
2.088678859925270081e+04,3.190899999999999986e-02,7.613180000000000502e-01,-5.224879999999999525e-01
2.097473688346147537e+04,-1.667440000000000033e-01,1.992220000000000102e-01,-1.000000000000000000e+00
2.103127506619691849e+04,-4.594000000000000167e-02,2.843999999999999861e-01,-1.000000000000000000e+00
2.126999185752868652e+04,1.885969999999999869e-01,1.000000000000000000e+00,-1.665099999999999913e-01
2.137050419223308563e+04,-1.429920000000000080e-01,2.347450000000000092e-01,-1.000000000000000000e+00
2.139563228338956833e+04,-1.376950000000000118e-01,2.402990000000000126e-01,-1.000000000000000000e+00
2.147415752720832825e+04,-1.632290000000000130e-01,2.342359999999999998e-01,-1.000000000000000000e+00
2.150556763869524002e+04,-3.503189999999999915e-01,-1.378399999999999938e-02,-1.000000000000000000e+00
2.159979794317483902e+04,-3.759089999999999931e-01,-1.650799999999999837e-02,-1.000000000000000000e+00
2.161550299400091171e+04,-3.625510000000000121e-01,9.452999999999999597e-03,-1.000000000000000000e+00
2.177883554166555405e+04,-3.450280000000000014e-01,3.698699999999999904e-02,-1.000000000000000000e+00
2.179139957237243652e+04,-5.194199999999999928e-01,-1.926360000000000017e-01,-1.000000000000000000e+00
2.190133494752645493e+04,-3.799239999999999839e-01,-2.731700000000000100e-02,-1.000000000000000000e+00
2.194845009976625443e+04,-4.078189999999999871e-01,-5.532000000000000112e-02,-1.000000000000000000e+00
2.200498828256130219e+04,-3.199569999999999914e-01,7.341999999999999568e-03,-9.999989999999999712e-01
2.209293658661842346e+04,-5.664600000000000191e-02,3.175160000000000204e-01,-1.000000000000000000e+00
2.250126792609691620e+04,1.659499999999999864e-02,3.406609999999999916e-01,-9.999980000000000535e-01
2.252011398696899414e+04,6.045799999999999785e-02,9.999799999999999800e-01,-3.049720000000000208e-01
2.276825380879640579e+04,3.366979999999999973e-01,9.999989999999999712e-01,-4.169999999999999987e-04
2.307293181335926056e+04,3.382709999999999884e-01,9.999989999999999712e-01,-6.350000000000000392e-04
2.308235485374927521e+04,5.403489999999999682e-01,1.000000000000000000e+00,2.867469999999999741e-01
2.334934073644876480e+04,7.551369999999999472e-01,1.000000000000000000e+00,5.597999999999999643e-01
2.350639125388860703e+04,7.551369999999999472e-01,1.000000000000000000e+00,5.597999999999999643e-01
2.382049229884147644e+04,7.714889999999999803e-01,1.000000000000000000e+00,5.811779999999999724e-01
2.401837594830989838e+04,7.526770000000000405e-01,1.000000000000000000e+00,5.526200000000000001e-01
2.408747817158699036e+04,7.648700000000000498e-01,1.000000000000000000e+00,5.705770000000000008e-01
2.416286243516206741e+04,8.626260000000000039e-01,1.000000000000000000e+00,7.192929999999999602e-01
2.431363093233108521e+04,8.563530000000000308e-01,1.000000000000000000e+00,7.227670000000000483e-01
2.434818206387758255e+04,7.655189999999999495e-01,1.000000000000000000e+00,5.998019999999999463e-01
2.438587417578697205e+04,4.068169999999999842e-01,1.000000000000000000e+00,5.592500000000000249e-02
2.452093762218952179e+04,3.440409999999999857e-01,1.000000000000000000e+00,-2.347199999999999981e-02
2.452407862240076065e+04,9.073399999999999521e-02,9.999919999999999920e-01,-3.057540000000000258e-01
2.454920671355724335e+04,1.149489999999999956e-01,9.999890000000000168e-01,-2.692439999999999833e-01
2.456491178429126740e+04,2.289490000000000136e-01,9.999919999999999920e-01,-1.437730000000000119e-01
2.462459096723794937e+04,1.878199999999999870e-01,1.000000000000000000e+00,-1.964980000000000060e-01
2.468741118013858795e+04,2.774650000000000172e-01,9.999989999999999712e-01,-7.772199999999999942e-02
2.476593643391132355e+04,5.769379999999999509e-01,1.000000000000000000e+00,3.627389999999999781e-01
2.479420554518699646e+04,5.769379999999999509e-01,1.000000000000000000e+00,3.627389999999999781e-01
2.482561563670635223e+04,5.815989999999999771e-01,9.999989999999999712e-01,3.619310000000000027e-01
2.498894819444417953e+04,7.487470000000000514e-01,1.000000000000000000e+00,5.871809999999999530e-01
2.498894819444417953e+04,7.338780000000000303e-01,1.000000000000000000e+00,5.811779999999999724e-01
2.502978132641315460e+04,7.573239999999999972e-01,1.000000000000000000e+00,5.918299999999999672e-01
2.505490941756963730e+04,5.506140000000000478e-01,9.999989999999999712e-01,2.642900000000000249e-01
2.506747343826293945e+04,7.594579999999999664e-01,1.000000000000000000e+00,5.626489999999999547e-01
2.542868964546918869e+04,7.671519999999999451e-01,1.000000000000000000e+00,5.823679999999999968e-01
2.562657331478595734e+04,7.737730000000000441e-01,1.000000000000000000e+00,5.902830000000000021e-01
2.567997049731016159e+04,5.542479999999999629e-01,1.000000000000000000e+00,2.827520000000000033e-01
2.570195756840705872e+04,5.278420000000000334e-01,1.000000000000000000e+00,2.471500000000000086e-01
2.589355918759107590e+04,5.142640000000000544e-01,1.000000000000000000e+00,2.160239999999999938e-01
2.596580244100093842e+04,5.212740000000000151e-01,9.999980000000000535e-01,2.038059999999999872e-01
2.601605861335992813e+04,2.238690000000000124e-01,1.000000000000000000e+00,-1.560630000000000073e-01
2.601605861335992813e+04,2.238690000000000124e-01,1.000000000000000000e+00,-1.560630000000000073e-01
2.602548163384199142e+04,2.626220000000000221e-01,1.000000000000000000e+00,-8.519799999999999596e-02
2.630189055699110031e+04,2.851750000000000118e-01,1.000000000000000000e+00,-6.323399999999999854e-02
2.631759562766551971e+04,2.095549999999999913e-01,9.999989999999999712e-01,-1.835400000000000087e-01
2.642753098291158676e+04,2.107449999999999879e-01,9.999989999999999712e-01,-1.792509999999999937e-01
2.670393990606069565e+04,1.770559999999999912e-01,1.000000000000000000e+00,-2.232270000000000088e-01
2.726618080282211304e+04,1.674750000000000127e-01,1.000000000000000000e+00,-2.428889999999999938e-01
2.729759091430902481e+04,1.770559999999999912e-01,1.000000000000000000e+00,-2.232270000000000088e-01
2.732271898555755615e+04,7.023100000000000176e-02,1.000000000000000000e+00,-3.672860000000000014e-01
2.732271898555755615e+04,3.293499999999999761e-01,1.000000000000000000e+00,-1.514060000000000128e-01
2.743893638104200363e+04,7.073960000000000248e-01,1.000000000000000000e+00,4.511240000000000250e-01
2.754573074609041214e+04,5.754359999999999475e-01,1.000000000000000000e+00,2.838609999999999745e-01
2.772790935474634171e+04,7.227559999999999540e-01,1.000000000000000000e+00,4.721029999999999949e-01
2.786297280120849609e+04,7.227559999999999540e-01,1.000000000000000000e+00,4.721029999999999949e-01
2.788810089236497879e+04,7.169780000000000042e-01,1.000000000000000000e+00,4.774189999999999823e-01
2.791008796346187592e+04,7.425329999999999986e-01,1.000000000000000000e+00,5.279369999999999896e-01
2.812995870393514633e+04,7.235500000000000265e-01,1.000000000000000000e+00,4.799599999999999977e-01
2.815508677518367767e+04,6.695940000000000225e-01,1.000000000000000000e+00,4.008909999999999973e-01
2.831213729268312454e+04,6.551580000000000181e-01,1.000000000000000000e+00,3.567569999999999908e-01
2.834668842422962189e+04,6.468530000000000113e-01,1.000000000000000000e+00,3.606829999999999758e-01
2.858854623579978943e+04,4.345970000000000111e-01,9.999989999999999712e-01,5.525000000000000050e-02
2.866078945922851562e+04,4.194410000000000083e-01,1.000000000000000000e+00,6.332999999999999741e-02
2.867335350984334946e+04,3.459119999999999973e-01,1.000000000000000000e+00,-3.801800000000000318e-02
2.898117254453897476e+04,4.231619999999999826e-01,1.000000000000000000e+00,1.009430000000000049e-01
2.906597983849048615e+04,3.666860000000000119e-01,9.999989999999999712e-01,1.028699999999999927e-02
2.923559440660476685e+04,3.415019999999999722e-01,1.000000000000000000e+00,-2.756700000000000123e-02
2.925129944735765457e+04,7.666800000000000004e-02,9.999989999999999712e-01,-3.294019999999999726e-01
2.943976008629798889e+04,9.632499999999999396e-02,1.000000000000000000e+00,-3.457120000000000193e-01
2.947745221805572510e+04,1.344809999999999894e-01,1.000000000000000000e+00,-2.986670000000000158e-01
2.959681062376499176e+04,1.979799999999999963e-02,1.000000000000000000e+00,-4.172440000000000038e-01
2.962507971513271332e+04,1.345799999999999948e-02,1.000000000000000000e+00,-4.332690000000000152e-01
2.987321955686807632e+04,2.531789999999999874e-01,1.000000000000000000e+00,-2.605520000000000058e-01
3.008052625679969788e+04,2.727289999999999992e-01,1.000000000000000000e+00,-2.289319999999999966e-01
3.015276951020956039e+04,2.553730000000000167e-01,1.000000000000000000e+00,-2.742470000000000185e-01
3.038206328111886978e+04,1.606200000000000128e-01,1.000000000000000000e+00,-3.643410000000000259e-01
3.041975541287660599e+04,-3.613600000000000145e-02,4.204180000000000139e-01,-1.000000000000000000e+00
3.046687055522203445e+04,-6.566500000000000115e-02,3.956959999999999922e-01,-1.000000000000000000e+00
3.071815140706300735e+04,-3.304699999999999999e-02,4.229180000000000161e-01,-1.000000000000000000e+00
3.085321486353874207e+04,-9.032600000000000351e-02,3.762199999999999989e-01,-1.000000000000000000e+00
3.112334178632497787e+04,-1.299790000000000112e-01,3.611929999999999863e-01,-1.000000000000000000e+00
3.129609735465049744e+04,-1.503319999999999934e-01,3.247610000000000219e-01,-1.000000000000000000e+00
3.152853212571144104e+04,-3.385949999999999793e-01,1.504020000000000079e-01,-1.000000000000000000e+00
3.175782591658830643e+04,-3.220169999999999977e-01,1.564810000000000090e-01,-1.000000000000000000e+00
3.179865904855728149e+04,-1.407150000000000067e-01,3.324139999999999873e-01,-1.000000000000000000e+00
3.205308092063665390e+04,-9.380600000000000049e-02,3.742170000000000218e-01,-1.000000000000000000e+00
3.234519489455223083e+04,-1.096099999999999991e-01,3.857110000000000261e-01,-1.000000000000000000e+00
3.270327012151479721e+04,-1.569859999999999867e-01,3.357240000000000224e-01,-1.000000000000000000e+00
3.288544874024391174e+04,-1.400659999999999961e-01,3.601219999999999977e-01,-1.000000000000000000e+00
3.338172840392589569e+04,-1.199559999999999932e-01,3.541130000000000111e-01,-1.000000000000000000e+00
3.361102218478918076e+04,-9.314200000000000257e-02,4.026669999999999972e-01,-1.000000000000000000e+00
3.371153452956676483e+04,-3.038420000000000010e-01,1.819489999999999996e-01,-1.000000000000000000e+00
3.386544404685497284e+04,-3.316339999999999844e-01,1.553799999999999903e-01,-1.000000000000000000e+00
3.391884120953083038e+04,-1.407150000000000067e-01,3.513169999999999904e-01,-1.000000000000000000e+00
3.419839117276668549e+04,-1.499089999999999867e-01,3.500579999999999803e-01,-1.000000000000000000e+00
3.454076132905483246e+04,-1.807690000000000130e-01,3.047099999999999809e-01,-1.000000000000000000e+00
3.468838883608579636e+04,-1.592919999999999892e-01,3.343209999999999793e-01,-1.000000000000000000e+00
3.484858038365840912e+04,-1.288960000000000106e-01,3.831990000000000118e-01,-1.000000000000000000e+00
3.489569554591178894e+04,-1.519290000000000085e-01,3.269139999999999824e-01,-1.000000000000000000e+00
3.496479778915643692e+04,5.164599999999999747e-02,9.999989999999999712e-01,-4.457729999999999748e-01
3.506845113414525986e+04,2.557729999999999726e-01,1.000000000000000000e+00,-2.849670000000000258e-01
3.514697638791799545e+04,2.453589999999999938e-01,1.000000000000000000e+00,-3.007380000000000053e-01
3.532601400643587112e+04,2.887419999999999987e-01,1.000000000000000000e+00,-2.295810000000000073e-01
3.532601400643587112e+04,2.860509999999999997e-01,1.000000000000000000e+00,-2.141149999999999998e-01
3.541396230059862137e+04,3.271870000000000056e-01,1.000000000000000000e+00,-2.038419999999999954e-01
3.563383305108547211e+04,5.081200000000000300e-02,1.000000000000000000e+00,-4.228339999999999876e-01
3.571235832476615906e+04,4.946099999999999802e-02,1.000000000000000000e+00,-4.362619999999999831e-01
3.595735714650154114e+04,1.868059999999999998e-01,1.000000000000000000e+00,-2.919900000000000273e-01
3.625261214047670364e+04,1.614690000000000014e-01,1.000000000000000000e+00,-3.268309999999999826e-01
3.647562392109632492e+04,1.644079999999999986e-01,1.000000000000000000e+00,-3.190810000000000035e-01
3.656671321541070938e+04,2.081949999999999912e-01,1.000000000000000000e+00,-2.663619999999999877e-01
3.672376374298334122e+04,2.367049999999999987e-01,1.000000000000000000e+00,-2.310629999999999906e-01
3.686510921967029572e+04,3.801619999999999999e-01,9.999989999999999712e-01,-1.386199999999999932e-02
3.699703167593479156e+04,3.459690000000000265e-01,1.000000000000000000e+00,-8.129699999999999427e-02
3.702530076730251312e+04,5.514299999999999757e-01,1.000000000000000000e+00,1.595419999999999894e-01
3.729542769020795822e+04,5.514299999999999757e-01,1.000000000000000000e+00,1.595419999999999894e-01
3.738023498415946960e+04,5.672190000000000287e-01,1.000000000000000000e+00,1.833750000000000102e-01
3.756555462294816971e+04,5.467859999999999943e-01,1.000000000000000000e+00,1.384090000000000042e-01
3.773831022113561630e+04,5.732319999999999638e-01,1.000000000000000000e+00,1.848750000000000115e-01
3.783254053562879562e+04,6.184690000000000465e-01,1.000000000000000000e+00,2.657070000000000265e-01
3.801471915435791016e+04,5.550340000000000273e-01,1.000000000000000000e+00,1.484870000000000079e-01
3.810580845868587494e+04,5.662479999999999736e-01,1.000000000000000000e+00,1.840559999999999974e-01
3.812465451955795288e+04,5.898560000000000469e-01,1.000000000000000000e+00,2.298800000000000010e-01
3.816548766154050827e+04,7.501069999999999682e-01,1.000000000000000000e+00,4.960510000000000197e-01
3.830997415834665298e+04,7.811200000000000365e-01,1.000000000000000000e+00,5.642519999999999758e-01
3.838849941211938858e+04,7.689070000000000071e-01,1.000000000000000000e+00,5.290799999999999947e-01
3.862407521337270737e+04,7.740609999999999991e-01,1.000000000000000000e+00,5.457359999999999989e-01
3.862721623349189758e+04,6.184469999999999690e-01,9.999989999999999712e-01,2.986019999999999786e-01
3.892247123754024506e+04,7.859829999999999872e-01,1.000000000000000000e+00,5.681100000000000039e-01
3.923657231247425079e+04,6.573299999999999699e-01,1.000000000000000000e+00,3.729210000000000025e-01
3.930881556588411331e+04,6.695379999999999665e-01,1.000000000000000000e+00,3.873770000000000269e-01
3.947843014395236969e+04,4.431869999999999976e-01,9.999989999999999712e-01,7.318399999999999905e-02
3.961663460057973862e+04,5.586659999999999959e-01,1.000000000000000000e+00,2.298469999999999958e-01
3.966689078295230865e+04,5.399080000000000545e-01,1.000000000000000000e+00,2.274200000000000110e-01
3.988047950315475464e+04,2.888839999999999741e-01,9.999989999999999712e-01,-6.988800000000000567e-02
3.993073568552732468e+04,2.275619999999999865e-01,9.999989999999999712e-01,-1.370180000000000009e-01
3.995900477689504623e+04,2.154469999999999996e-01,1.000000000000000000e+00,-1.451919999999999877e-01
3.997785083776712418e+04,5.220329999999999693e-01,9.999980000000000535e-01,2.092499999999999916e-01
4.010349125379323959e+04,5.179759999999999920e-01,1.000000000000000000e+00,2.214500000000000079e-01
4.018515755760669708e+04,2.567059999999999897e-01,9.999989999999999712e-01,-1.128590000000000010e-01
4.053380974417924881e+04,2.515510000000000246e-01,9.999980000000000535e-01,-1.066570000000000018e-01
4.069086027175188065e+04,2.548309999999999742e-01,1.000000000000000000e+00,-9.141100000000000614e-02
4.075682150483131409e+04,-3.601000000000000034e-02,3.003600000000000159e-01,-1.000000000000000000e+00
4.082278272795677185e+04,-5.943000000000000366e-03,3.224380000000000024e-01,-9.999980000000000535e-01
4.091073103219270706e+04,-1.500800000000000051e-02,3.147900000000000142e-01,-1.000000000000000000e+00
4.108976865065097809e+04,7.533900000000000319e-02,7.174610000000000154e-01,-5.222510000000000208e-01
4.133162647217512131e+04,-1.019100000000000041e-02,3.330719999999999792e-01,-1.000000000000000000e+00
4.140386972552537918e+04,-3.622999999999999832e-02,3.158759999999999901e-01,-1.000000000000000000e+00
4.149181799989938736e+04,-7.796500000000000652e-02,2.961070000000000091e-01,-1.000000000000000000e+00
4.154521518242359161e+04,1.892399999999999985e-02,9.999890000000000168e-01,-3.586790000000000256e-01
4.176822696292400360e+04,-1.863430000000000086e-01,1.836689999999999989e-01,-1.000000000000000000e+00
4.198181567317247391e+04,-1.437440000000000107e-01,2.353600000000000136e-01,-1.000000000000000000e+00
4.198809772336483002e+04,-1.378439999999999943e-01,2.310439999999999994e-01,-1.000000000000000000e+00
4.199123872357606888e+04,-1.943840000000000012e-01,2.278570000000000040e-01,-1.000000000000000000e+00
4.199752074384689331e+04,-4.248359999999999914e-01,-3.917400000000000049e-02,-1.000000000000000000e+00
4.227392968702316284e+04,-5.040229999999999988e-01,-1.592689999999999939e-01,-1.000000000000000000e+00
4.241213417357206345e+04,-5.005819999999999714e-01,-1.541869999999999907e-01,-1.000000000000000000e+00
4.247809537678956985e+04,-4.755369999999999875e-01,-1.578170000000000128e-01,-1.000000000000000000e+00
4.256290268081426620e+04,-4.763000000000000012e-01,-1.562600000000000100e-01,-1.000000000000000000e+00
4.267912006634473801e+04,-4.341550000000000131e-01,-5.826900000000000135e-02,-1.000000000000000000e+00
4.271053018778562546e+04,-4.688610000000000277e-01,-1.117579999999999962e-01,-1.000000000000000000e+00
4.324764302331209183e+04,-4.135469999999999979e-01,-1.634999999999999995e-02,-1.000000000000000000e+00
4.334501434803009033e+04,-4.161400000000000099e-01,-3.566099999999999826e-02,-1.000000000000000000e+00
4.344238569265604019e+04,-3.360940000000000039e-01,1.038830000000000031e-01,-1.000000000000000000e+00
4.344866771292686462e+04,-3.008460000000000023e-01,1.246339999999999948e-01,-1.000000000000000000e+00
4.397949852818250656e+04,-3.110660000000000092e-01,1.476850000000000107e-01,-1.000000000000000000e+00
4.408001087301969528e+04,-6.967299999999999882e-02,3.956180000000000252e-01,-1.000000000000000000e+00
4.413969007575511932e+04,-3.605599999999999777e-02,4.168470000000000231e-01,-1.000000000000000000e+00
4.467366192114353180e+04,-6.113699999999999690e-02,3.971149999999999958e-01,-1.000000000000000000e+00
4.467994394147396088e+04,-2.489999999999999852e-02,4.201070000000000082e-01,-1.000000000000000000e+00
4.468622594183683395e+04,-1.386700000000000085e-02,4.549730000000000163e-01,-1.000000000000000000e+00
4.482443042838573456e+04,1.676880000000000037e-01,1.000000000000000000e+00,-3.696980000000000266e-01
4.489981468194723129e+04,3.993519999999999848e-01,1.000000000000000000e+00,-1.040729999999999988e-01
4.507257028019428253e+04,2.030109999999999970e-01,1.000000000000000000e+00,-3.255009999999999848e-01
4.550602978074550629e+04,4.231739999999999946e-01,1.000000000000000000e+00,-7.502000000000000335e-02
4.597718138325214386e+04,4.150260000000000060e-01,1.000000000000000000e+00,-9.995500000000000218e-02
4.624102628576755524e+04,4.150260000000000060e-01,1.000000000000000000e+00,-8.399800000000000322e-02
4.625044930624961853e+04,4.109599999999999920e-01,1.000000000000000000e+00,-9.223900000000000154e-02
4.636980772197246552e+04,4.226719999999999922e-01,1.000000000000000000e+00,-1.139050000000000062e-01
4.647974309718608856e+04,3.963389999999999969e-01,1.000000000000000000e+00,-1.039800000000000030e-01
4.685038236486911774e+04,3.767019999999999813e-01,1.000000000000000000e+00,-1.214220000000000022e-01
4.701999696284532547e+04,3.767019999999999813e-01,1.000000000000000000e+00,-1.214220000000000022e-01
4.733409804779291153e+04,4.159539999999999904e-01,1.000000000000000000e+00,-9.057300000000000073e-02
4.739063623052835464e+04,4.246059999999999834e-01,1.000000000000000000e+00,-8.447100000000000442e-02
4.757595587927103043e+04,4.281400000000000206e-01,1.000000000000000000e+00,-6.934300000000000186e-02
4.773614743691682816e+04,2.805279999999999996e-01,1.000000000000000000e+00,-2.195189999999999919e-01
4.797486424833536148e+04,4.367190000000000238e-01,1.000000000000000000e+00,-5.038299999999999723e-02
4.799685130935907364e+04,6.139719999999999622e-01,1.000000000000000000e+00,2.036320000000000074e-01
4.802512041074037552e+04,6.071990000000000443e-01,1.000000000000000000e+00,1.892909999999999870e-01
4.815390184694528580e+04,3.719169999999999976e-01,1.000000000000000000e+00,-1.358219999999999983e-01
4.834236251580715179e+04,3.187019999999999853e-01,1.000000000000000000e+00,-2.301340000000000052e-01
4.835178553628921509e+04,4.205400000000000249e-01,1.000000000000000000e+00,-1.094620000000000037e-01
4.837063160717487335e+04,4.548849999999999838e-01,1.000000000000000000e+00,-8.034399999999999875e-02
4.866274561101198196e+04,6.016639999999999766e-01,1.000000000000000000e+00,1.710349999999999926e-01
4.882921916902065277e+04,5.969649999999999679e-01,1.000000000000000000e+00,1.587490000000000012e-01
4.896114163529872894e+04,5.955289999999999750e-01,1.000000000000000000e+00,1.584750000000000048e-01
4.896428263545036316e+04,4.319270000000000054e-01,1.000000000000000000e+00,-9.341099999999999404e-02
4.920928148704767227e+04,4.179200000000000137e-01,1.000000000000000000e+00,-9.091899999999999982e-02
4.927210170006752014e+04,4.231739999999999946e-01,1.000000000000000000e+00,-7.502000000000000335e-02
4.929408876115083694e+04,4.516249999999999987e-01,1.000000000000000000e+00,-1.722800000000000026e-02
4.930665281170606613e+04,4.636959999999999971e-01,1.000000000000000000e+00,-7.218999999999999723e-03
4.957049773418903351e+04,3.720240000000000213e-01,1.000000000000000000e+00,-1.348799999999999999e-01
4.957992076468467712e+04,3.691949999999999954e-01,1.000000000000000000e+00,-1.412480000000000124e-01
4.971184322094917297e+04,3.515389999999999904e-01,1.000000000000000000e+00,-1.443810000000000093e-01
4.997254712337255478e+04,3.812059999999999893e-01,1.000000000000000000e+00,-1.335320000000000118e-01
5.083004306423664093e+04,5.388060000000000072e-01,1.000000000000000000e+00,4.179700000000000082e-02
5.083004306423664093e+04,5.527109999999999523e-01,1.000000000000000000e+00,7.323599999999999555e-02
5.104363180434703827e+04,5.468760000000000288e-01,1.000000000000000000e+00,5.825299999999999923e-02
5.137029692989587784e+04,5.287730000000000485e-01,1.000000000000000000e+00,2.037399999999999975e-02
5.141741209214925766e+04,5.168549999999999534e-01,1.000000000000000000e+00,1.440600000000000040e-02
5.160901375132799149e+04,5.693420000000000147e-01,1.000000000000000000e+00,1.064260000000000067e-01
5.181632046115398407e+04,5.878060000000000507e-01,1.000000000000000000e+00,1.565650000000000097e-01
5.187599967402219772e+04,5.809069999999999512e-01,1.000000000000000000e+00,1.581269999999999898e-01
5.201106314039230347e+04,5.832500000000000462e-01,1.000000000000000000e+00,1.524060000000000137e-01
5.204561427193880081e+04,4.029920000000000169e-01,1.000000000000000000e+00,-8.384700000000000486e-02
5.208958841413259506e+04,2.346100000000000130e-01,1.000000000000000000e+00,-2.871699999999999808e-01
5.235657432687282562e+04,1.691330000000000056e-01,1.000000000000000000e+00,-3.685950000000000060e-01
5.274920069557428360e+04,3.431130000000000013e-01,1.000000000000000000e+00,-1.901480000000000115e-01
5.285599506056308746e+04,3.378490000000000104e-01,1.000000000000000000e+00,-1.943689999999999862e-01
5.294708436501026154e+04,2.969729999999999870e-01,1.000000000000000000e+00,-2.350530000000000119e-01
5.317951917600631714e+04,3.399769999999999737e-01,1.000000000000000000e+00,-1.955580000000000096e-01
5.325490342962741852e+04,5.550599999999999978e-01,1.000000000000000000e+00,8.876000000000000556e-02
5.339310791617631912e+04,6.712700000000000333e-01,1.000000000000000000e+00,3.031499999999999750e-01
5.352817138260602951e+04,6.712700000000000333e-01,1.000000000000000000e+00,3.031499999999999750e-01
5.368836294025182724e+04,5.116600000000000037e-01,1.000000000000000000e+00,5.136199999999999793e-02
5.384227246749401093e+04,5.584900000000000420e-01,1.000000000000000000e+00,1.506240000000000079e-01
5.389566965007781982e+04,5.099209999999999576e-01,1.000000000000000000e+00,5.192900000000000293e-02
5.399618200486898422e+04,5.727889999999999926e-01,1.000000000000000000e+00,1.883930000000000049e-01
5.410611738014221191e+04,6.588619999999999477e-01,1.000000000000000000e+00,3.130129999999999857e-01
5.414380951189994812e+04,6.749460000000000459e-01,1.000000000000000000e+00,3.289050000000000029e-01
5.423803983640670776e+04,6.952589999999999604e-01,1.000000000000000000e+00,3.774830000000000130e-01
5.480028079307079315e+04,7.012690000000000312e-01,1.000000000000000000e+00,3.754129999999999967e-01
5.507354872620105743e+04,6.905630000000000379e-01,1.000000000000000000e+00,3.572509999999999852e-01
5.530598353719711304e+04,5.696860000000000257e-01,1.000000000000000000e+00,1.723619999999999874e-01
5.535309869939088821e+04,6.842470000000000496e-01,1.000000000000000000e+00,3.984710000000000196e-01
5.539707284158468246e+04,4.236730000000000218e-01,1.000000000000000000e+00,9.820000000000000170e-04
5.552585430765151978e+04,6.021599999999999869e-02,1.000000000000000000e+00,-4.239479999999999915e-01
5.554470035856962204e+04,1.158000000000000002e-01,1.000000000000000000e+00,-3.649399999999999866e-01
5.554470035856962204e+04,7.914100000000000301e-02,1.000000000000000000e+00,-4.027140000000000164e-01
5.557611047005653381e+04,1.244699999999999973e-01,1.000000000000000000e+00,-3.202809999999999824e-01
5.578027618974447250e+04,1.381950000000000123e-01,1.000000000000000000e+00,-3.003910000000000191e-01
5.586822447401285172e+04,-1.284099999999999964e-01,2.643090000000000162e-01,-1.000000000000000000e+00
5.595303176802396774e+04,-1.771409999999999929e-01,2.346749999999999947e-01,-1.000000000000000000e+00
5.626399184286594391e+04,-1.848839999999999928e-01,2.290750000000000008e-01,-1.000000000000000000e+00
5.634879913681745529e+04,-3.799379999999999979e-01,-2.595499999999999891e-02,-1.000000000000000000e+00
5.636136318743228912e+04,-3.703279999999999905e-01,-1.653100000000000055e-02,-1.000000000000000000e+00
5.642418340045213699e+04,-2.003669999999999896e-01,2.198180000000000134e-01,-1.000000000000000000e+00
5.649014462357759476e+04,-1.905989999999999907e-01,2.157989999999999908e-01,-9.999980000000000535e-01
5.661264406931400299e+04,-2.477290000000000048e-01,1.618110000000000104e-01,-1.000000000000000000e+00
5.666604123193025589e+04,-2.387819999999999943e-01,1.732180000000000109e-01,-1.000000000000000000e+00
5.684507886046171188e+04,-2.264589999999999936e-01,1.795499999999999874e-01,-1.000000000000000000e+00
5.735392263460159302e+04,-2.297609999999999930e-01,1.676239999999999952e-01,-1.000000000000000000e+00
5.759263947594165802e+04,-2.561499999999999888e-01,1.657140000000000002e-01,-1.000000000000000000e+00
5.768058778017759323e+04,-2.477290000000000048e-01,1.723520000000000052e-01,-1.000000000000000000e+00
5.782507426708936691e+04,-2.254379999999999995e-01,1.852320000000000078e-01,-1.000000000000000000e+00
5.793186864221096039e+04,-2.452249999999999985e-01,1.746890000000000109e-01,-1.000000000000000000e+00
5.806065007829666138e+04,-2.033050000000000135e-01,2.073919999999999930e-01,-1.000000000000000000e+00
5.833077701121568680e+04,-2.254079999999999973e-01,1.878499999999999892e-01,-1.000000000000000000e+00
5.834334108167886734e+04,-1.690629999999999911e-01,2.346749999999999947e-01,-1.000000000000000000e+00
5.836218713259696960e+04,-1.832610000000000072e-01,2.344160000000000132e-01,-1.000000000000000000e+00
5.836846915298700333e+04,-7.755599999999999994e-02,3.147039999999999837e-01,-1.000000000000000000e+00
5.856949385249614716e+04,-9.356299999999999339e-02,2.922190000000000065e-01,-1.000000000000000000e+00
5.867000619727373123e+04,-9.356299999999999339e-02,2.922190000000000065e-01,-1.000000000000000000e+00
5.923538816416263580e+04,-1.312820000000000098e-01,2.850949999999999873e-01,-1.000000000000000000e+00
5.947096397542953491e+04,-1.518660000000000010e-01,2.599179999999999824e-01,-1.000000000000000000e+00
5.947724600571393967e+04,1.889029999999999876e-01,1.000000000000000000e+00,-3.117739999999999956e-01
5.950551509708166122e+04,1.609009999999999885e-01,1.000000000000000000e+00,-3.458269999999999955e-01
5.966884767484664917e+04,1.873849999999999960e-01,1.000000000000000000e+00,-3.018089999999999939e-01
5.978820610046386719e+04,4.922500000000000209e-01,1.000000000000000000e+00,1.050200000000000022e-01
5.981333417177200317e+04,4.767600000000000171e-01,1.000000000000000000e+00,1.137250000000000066e-01
5.984788529336452484e+04,5.256049999999999889e-01,1.000000000000000000e+00,1.522060000000000080e-01
5.997352572935819626e+04,3.262229999999999852e-01,1.000000000000000000e+00,-1.570789999999999964e-01
5.998294877970218658e+04,1.239360000000000045e-01,1.000000000000000000e+00,-3.804779999999999829e-01
6.019339649975299835e+04,3.723569999999999935e-01,1.000000000000000000e+00,-1.126550000000000051e-01
6.022166560107469559e+04,4.569690000000000141e-01,1.000000000000000000e+00,-1.264299999999999972e-02
6.043525434130430222e+04,3.263789999999999747e-01,1.000000000000000000e+00,-1.514060000000000128e-01
6.050435657459497452e+04,5.013290000000000246e-01,1.000000000000000000e+00,3.894399999999999945e-02
6.052634366554021835e+04,4.767009999999999859e-01,1.000000000000000000e+00,-5.976999999999999674e-03
6.084672676092386246e+04,5.100559999999999539e-01,9.999989999999999712e-01,4.110599999999999671e-02
6.097550820702314377e+04,6.705699999999999994e-01,1.000000000000000000e+00,3.031499999999999750e-01
6.129275031214952469e+04,6.766579999999999817e-01,1.000000000000000000e+00,3.270580000000000154e-01
6.135242951500415802e+04,7.258590000000000320e-01,1.000000000000000000e+00,4.113339999999999774e-01
6.135557053506374359e+04,5.803409999999999958e-01,1.000000000000000000e+00,1.773019999999999874e-01
6.147806996095180511e+04,5.902739999999999654e-01,1.000000000000000000e+00,1.859399999999999942e-01
6.164140254867076874e+04,5.947869999999999546e-01,1.000000000000000000e+00,1.889879999999999893e-01
6.173249185299873352e+04,5.519530000000000269e-01,1.000000000000000000e+00,1.313259999999999983e-01
6.229787381994724274e+04,5.519530000000000269e-01,1.000000000000000000e+00,1.313259999999999983e-01
6.239210414445400238e+04,5.820689999999999475e-01,1.000000000000000000e+00,1.720649999999999957e-01
6.251460357028245926e+04,7.378430000000000266e-01,1.000000000000000000e+00,4.452019999999999866e-01
6.258056480342149734e+04,7.159990000000000521e-01,1.000000000000000000e+00,3.883869999999999822e-01
6.306428048640489578e+04,7.271589999999999998e-01,1.000000000000000000e+00,4.190459999999999741e-01
6.307998553723096848e+04,3.829960000000000031e-01,9.999989999999999712e-01,-1.139050000000000062e-01
6.335011248999834061e+04,3.911720000000000197e-01,1.000000000000000000e+00,-1.034889999999999977e-01
6.337838158136606216e+04,4.251170000000000226e-01,1.000000000000000000e+00,-7.286800000000000221e-02
6.348517595642805099e+04,3.902390000000000025e-01,1.000000000000000000e+00,-1.116020000000000068e-01
6.380555908167362213e+04,3.697389999999999843e-01,9.999989999999999712e-01,-1.403840000000000088e-01
6.381498211216926575e+04,3.946439999999999948e-01,1.000000000000000000e+00,-1.318219999999999947e-01
6.384011020332574844e+04,3.551090000000000080e-01,1.000000000000000000e+00,-1.487090000000000078e-01
6.386837929463386536e+04,3.265270000000000117e-01,1.000000000000000000e+00,-1.835400000000000087e-01
6.399087872058153152e+04,5.272829999999999462e-01,1.000000000000000000e+00,2.046600000000000155e-02
6.416677534884214401e+04,5.151069999999999816e-01,1.000000000000000000e+00,-1.386199999999999932e-02
6.422959556186199188e+04,5.145269999999999566e-01,1.000000000000000000e+00,-1.043499999999999983e-02
6.423587759214639664e+04,2.702709999999999835e-01,9.999980000000000535e-01,-2.745440000000000103e-01
6.428613375461101532e+04,3.658319999999999905e-01,1.000000000000000000e+00,-1.429320000000000035e-01
6.436465903830528259e+04,5.188490000000000046e-01,1.000000000000000000e+00,6.529300000000000381e-02
6.446831240320205688e+04,3.466020000000000212e-01,1.000000000000000000e+00,-1.820219999999999894e-01
6.518760389751195908e+04,3.658319999999999905e-01,1.000000000000000000e+00,-1.335320000000000118e-01
6.534779546511173248e+04,4.554840000000000000e-01,1.000000000000000000e+00,-2.209399999999999906e-02
6.542003871852159500e+04,4.472059999999999924e-01,1.000000000000000000e+00,-3.167199999999999876e-02
6.585978025937080383e+04,5.141160000000000174e-01,1.000000000000000000e+00,7.124800000000000577e-02
6.587548531019687653e+04,2.665029999999999899e-01,1.000000000000000000e+00,-2.419080000000000119e-01
6.609849709087610245e+04,3.006099999999999883e-01,1.000000000000000000e+00,-1.907439999999999969e-01
6.633093191182613373e+04,3.881689999999999863e-01,9.999989999999999712e-01,-1.059299999999999999e-02
6.658535378408432007e+04,3.881689999999999863e-01,9.999989999999999712e-01,-1.059299999999999999e-02
6.671099424993991852e+04,6.367270000000000429e-01,1.000000000000000000e+00,3.135859999999999759e-01
6.705336442625522614e+04,6.367270000000000429e-01,1.000000000000000000e+00,3.135859999999999759e-01
6.716015881139039993e+04,6.556710000000000038e-01,1.000000000000000000e+00,3.643339999999999912e-01
6.731720936876535416e+04,5.925529999999999964e-01,1.000000000000000000e+00,2.349229999999999929e-01
6.732349136918783188e+04,5.754249999999999643e-01,1.000000000000000000e+00,1.926289999999999947e-01
6.742086272370815277e+04,5.619499999999999496e-01,1.000000000000000000e+00,1.438899999999999901e-01
6.744599081492424011e+04,5.062079999999999913e-01,1.000000000000000000e+00,6.844300000000000384e-02
6.747740093636512756e+04,1.919899999999999940e-01,1.000000000000000000e+00,-3.091249999999999831e-01
6.749624698734283447e+04,2.435440000000000105e-01,1.000000000000000000e+00,-2.472719999999999918e-01
6.757477226108312607e+04,6.184469999999999690e-01,9.999989999999999712e-01,2.986019999999999786e-01
6.764073349416255951e+04,3.361620000000000164e-01,9.999989999999999712e-01,-5.255499999999999755e-02
6.764073349416255951e+04,3.160660000000000136e-01,1.000000000000000000e+00,-1.152360000000000051e-01
6.770983573752641678e+04,3.271470000000000211e-01,1.000000000000000000e+00,-7.377300000000000524e-02
6.772239977806806564e+04,3.283780000000000032e-01,1.000000000000000000e+00,-6.556599999999999928e-02
6.773182281845808029e+04,3.291229999999999989e-01,1.000000000000000000e+00,-3.604199999999999765e-02
6.782605315297842026e+04,1.636229999999999907e-01,1.000000000000000000e+00,-2.589369999999999727e-01
6.782605315297842026e+04,1.357019999999999893e-01,1.000000000000000000e+00,-2.760059999999999736e-01
6.787945032560825348e+04,1.697460000000000080e-01,1.000000000000000000e+00,-2.435940000000000050e-01
6.814957727837562561e+04,-3.601000000000000034e-02,3.003600000000000159e-01,-1.000000000000000000e+00
6.826265366387367249e+04,3.432999999999999854e-03,9.999879999999999880e-01,-3.671679999999999944e-01
6.852021657603979111e+04,2.888830000000000009e-01,9.999980000000000535e-01,-7.519599999999999895e-02
6.876521544760465622e+04,3.029259999999999731e-01,1.000000000000000000e+00,-6.402399999999999758e-02
6.894111204612255096e+04,3.007110000000000061e-01,9.999980000000000535e-01,-7.352499999999999314e-02
6.898194519799947739e+04,4.929080000000000128e-01,1.000000000000000000e+00,1.355099999999999916e-01
6.919239293807744980e+04,4.766099999999999781e-01,1.000000000000000000e+00,1.052769999999999956e-01
6.935886652594804764e+04,3.944239999999999968e-01,9.999989999999999712e-01,-8.418000000000000135e-03
6.961328841805458069e+04,3.944239999999999968e-01,9.999989999999999712e-01,-8.418000000000000135e-03
6.969181368184089661e+04,3.880239999999999800e-01,9.999989999999999712e-01,-1.822800000000000115e-02
6.973264684367179871e+04,5.891790000000000083e-01,1.000000000000000000e+00,2.201519999999999866e-01
6.995565860444307327e+04,6.523259999999999614e-01,1.000000000000000000e+00,3.213670000000000138e-01
7.045507935816049576e+04,4.710099999999999842e-01,1.000000000000000000e+00,-6.747000000000000393e-03
7.049905352020263672e+04,3.269299999999999984e-01,1.000000000000000000e+00,-2.238630000000000064e-01
7.070007822978496552e+04,9.212199999999999556e-02,9.999980000000000535e-01,-3.938400000000000234e-01
7.086969281786680222e+04,9.212199999999999556e-02,9.999989999999999712e-01,-4.020409999999999817e-01
7.093251304084062576e+04,9.687400000000000178e-02,9.999980000000000535e-01,-4.121480000000000143e-01
7.107385853761434555e+04,1.413810000000000067e-01,1.000000000000000000e+00,-3.620760000000000089e-01
7.118379393279552460e+04,8.985799999999999343e-02,1.000000000000000000e+00,-3.987229999999999941e-01
7.131885740923881531e+04,1.461480000000000001e-01,1.000000000000000000e+00,-3.645749999999999824e-01
7.140366469329595566e+04,2.037549999999999917e-01,1.000000000000000000e+00,-3.132530000000000037e-01
7.151674109870195389e+04,3.235489999999999755e-01,1.000000000000000000e+00,-2.064239999999999964e-01
7.183398320382833481e+04,2.968899999999999872e-01,1.000000000000000000e+00,-2.388939999999999952e-01
7.184340625417232513e+04,3.311600000000000099e-01,1.000000000000000000e+00,-1.877359999999999862e-01
7.184654725438356400e+04,4.768549999999999733e-01,1.000000000000000000e+00,-5.386400000000000216e-02
7.205071298402547836e+04,4.893319999999999892e-01,1.000000000000000000e+00,-9.790999999999999356e-03
7.209468712615966797e+04,4.751460000000000128e-01,1.000000000000000000e+00,-2.642900000000000110e-02
7.319718199867010117e+04,3.122849999999999793e-01,1.000000000000000000e+00,-2.228050000000000030e-01
7.323173312032222748e+04,1.361330000000000040e-01,1.000000000000000000e+00,-3.883150000000000213e-01
7.351128311359882355e+04,4.076350000000000251e-01,1.000000000000000000e+00,-9.514499999999999347e-02
7.355839827585220337e+04,3.805780000000000274e-01,1.000000000000000000e+00,-1.438139999999999974e-01
7.363378253942728043e+04,3.739660000000000206e-01,1.000000000000000000e+00,-1.397950000000000026e-01
7.371544884324073792e+04,4.771750000000000158e-01,1.000000000000000000e+00,-4.763699999999999879e-02
7.390705051243305206e+04,4.830499999999999794e-01,1.000000000000000000e+00,-2.078999999999999945e-02
7.401384488749504089e+04,4.751460000000000128e-01,1.000000000000000000e+00,-2.642900000000000110e-02
7.403897297865152359e+04,4.893319999999999892e-01,1.000000000000000000e+00,-9.790999999999999356e-03
7.474884149241447449e+04,4.696699999999999764e-01,1.000000000000000000e+00,-4.111800000000000177e-02
7.487762293857336044e+04,2.806290000000000173e-01,1.000000000000000000e+00,-2.501289999999999902e-01
7.490275100982189178e+04,2.871349999999999736e-01,1.000000000000000000e+00,-2.569620000000000237e-01
7.528909537822008133e+04,1.342220000000000080e-01,1.000000000000000000e+00,-3.947479999999999878e-01
7.552467120939493179e+04,-7.013099999999999890e-02,4.477410000000000001e-01,-1.000000000000000000e+00
7.570999087816476822e+04,-1.266960000000000031e-01,4.095110000000000139e-01,-1.000000000000000000e+00
7.572569592899084091e+04,-1.239439999999999986e-01,4.223680000000000212e-01,-1.000000000000000000e+00
7.582306728351116180e+04,-1.411000000000000032e-01,3.970279999999999920e-01,-1.000000000000000000e+00
7.591729760801792145e+04,-1.671650000000000080e-01,3.049729999999999941e-01,-1.000000000000000000e+00
7.618114254063367844e+04,-4.749999999999999990e-04,4.834609999999999741e-01,-1.000000000000000000e+00
7.630050096631050110e+04,2.178869999999999973e-01,1.000000000000000000e+00,-3.321319999999999828e-01
7.685960094290971756e+04,1.903169999999999862e-01,1.000000000000000000e+00,-3.409789999999999766e-01
7.714543293654918671e+04,1.468700000000000040e-02,9.999980000000000535e-01,-4.738850000000000007e-01
7.716742002755403519e+04,2.465600000000000083e-02,9.999980000000000535e-01,-4.646150000000000002e-01
7.720825316947698593e+04,-1.257699999999999964e-02,4.671839999999999882e-01,-1.000000000000000000e+00
7.739671382850408554e+04,-5.885499999999999760e-02,4.295910000000000006e-01,-1.000000000000000000e+00
7.743440597021579742e+04,-7.750300000000000245e-02,4.323089999999999988e-01,-1.000000000000000000e+00
7.757261044687032700e+04,-5.018899999999999750e-02,4.484779999999999878e-01,-1.000000000000000000e+00
7.797151887577772141e+04,-4.909100000000000269e-02,4.494079999999999742e-01,-1.000000000000000000e+00
7.813485144358873367e+04,-6.652600000000000180e-02,4.323089999999999988e-01,-1.000000000000000000e+00
7.918709016370773315e+04,-2.587320000000000175e-01,2.150600000000000012e-01,-1.000000000000000000e+00
7.923734634608030319e+04,-3.222820000000000129e-01,1.476850000000000107e-01,-1.000000000000000000e+00
7.931273060971498489e+04,-4.481149999999999856e-01,-5.804600000000000037e-02,-1.000000000000000000e+00
7.945407610642910004e+04,-3.668919999999999959e-01,6.723899999999999322e-02,-1.000000000000000000e+00
7.950119129860401154e+04,-1.398409999999999931e-01,3.345629999999999993e-01,-1.000000000000000000e+00
7.953888342040777206e+04,-1.688910000000000133e-01,3.158710000000000129e-01,-1.000000000000000000e+00
7.954202444046735764e+04,-1.400659999999999961e-01,3.601219999999999977e-01,-1.000000000000000000e+00
7.964253679531812668e+04,-1.741189999999999960e-01,3.220950000000000202e-01,-1.000000000000000000e+00
7.975561318075656891e+04,-1.388860000000000094e-01,3.377899999999999792e-01,-1.000000000000000000e+00
7.990324069780111313e+04,-1.703280000000000072e-01,2.756850000000000134e-01,-1.000000000000000000e+00
8.009170136678218842e+04,-1.489350000000000118e-01,2.905920000000000170e-01,-1.000000000000000000e+00
8.039637946122884750e+04,-1.456429999999999947e-01,3.205080000000000151e-01,-1.000000000000000000e+00
8.054714798843860626e+04,-1.182969999999999994e-01,3.299579999999999735e-01,-1.000000000000000000e+00
8.068849348515272141e+04,1.264109999999999956e-01,9.999989999999999712e-01,-3.655340000000000256e-01
8.082041596138477325e+04,-1.899220000000000075e-01,2.545970000000000177e-01,-1.000000000000000000e+00
8.083926203227043152e+04,7.894800000000000428e-02,1.000000000000000000e+00,-4.022399999999999864e-01
8.090208225524425507e+04,3.275270000000000126e-01,1.000000000000000000e+00,-1.780740000000000101e-01
8.109368392443656921e+04,5.082689999999999708e-01,1.000000000000000000e+00,5.420500000000000318e-02
8.137009291756153107e+04,5.193029999999999591e-01,1.000000000000000000e+00,7.751700000000000257e-02
8.155541256642341614e+04,5.169850000000000279e-01,1.000000000000000000e+00,6.902700000000000502e-02
8.197002604609727859e+04,5.305579999999999741e-01,1.000000000000000000e+00,8.748400000000000620e-02
8.214278166431188583e+04,4.385430000000000161e-01,9.999989999999999712e-01,-5.639199999999999768e-02
8.225585805970430374e+04,4.421930000000000027e-01,9.999989999999999712e-01,-5.623000000000000220e-02
8.226842209041118622e+04,4.248009999999999842e-01,1.000000000000000000e+00,-7.676900000000000390e-02
8.234066537368297577e+04,6.078160000000000229e-01,1.000000000000000000e+00,1.892759999999999998e-01
8.236265242487192154e+04,5.904150000000000231e-01,1.000000000000000000e+00,1.675300000000000122e-01
8.257310018479824066e+04,6.491770000000000040e-01,1.000000000000000000e+00,2.596669999999999812e-01
8.260765130645036697e+04,6.947950000000000514e-01,1.000000000000000000e+00,3.645920000000000272e-01
8.278354793483018875e+04,7.339649999999999785e-01,1.000000000000000000e+00,4.362800000000000011e-01
8.281495804631710052e+04,7.245599999999999818e-01,1.000000000000000000e+00,4.082520000000000038e-01
8.339604513388872147e+04,7.000859999999999861e-01,1.000000000000000000e+00,3.718790000000000151e-01
8.355309568142890930e+04,7.071070000000000411e-01,1.000000000000000000e+00,3.797119999999999940e-01
8.376982545173168182e+04,8.146879999999999677e-01,1.000000000000000000e+00,5.798839999999999550e-01
8.386405578631162643e+04,8.223369999999999846e-01,1.000000000000000000e+00,5.909240000000000048e-01
8.392059397900104523e+04,8.658550000000000413e-01,1.000000000000000000e+00,6.842030000000000056e-01
8.402424735391139984e+04,9.015609999999999458e-01,1.000000000000000000e+00,7.822200000000000264e-01
8.445770690447092056e+04,8.914680000000000382e-01,1.000000000000000000e+00,7.467570000000000041e-01
8.454879621881246567e+04,9.200380000000000225e-01,1.000000000000000000e+00,8.206069999999999753e-01
8.461161645174026489e+04,9.111409999999999787e-01,1.000000000000000000e+00,7.998220000000000329e-01
8.480007713079452515e+04,9.067439999999999944e-01,1.000000000000000000e+00,7.860829999999999762e-01
8.491315353614091873e+04,9.067439999999999944e-01,1.000000000000000000e+00,7.860829999999999762e-01
8.509847318494319916e+04,8.987990000000000146e-01,1.000000000000000000e+00,7.782130000000000436e-01
8.510789622539281845e+04,8.954109999999999570e-01,1.000000000000000000e+00,7.617209999999999814e-01
8.520212655001878738e+04,9.002310000000000034e-01,1.000000000000000000e+00,7.800500000000000211e-01
8.537174116802215576e+04,8.842600000000000460e-01,1.000000000000000000e+00,7.268829999999999458e-01
8.547539453297853470e+04,8.648050000000000459e-01,1.000000000000000000e+00,6.817699999999999871e-01
8.557276586765050888e+04,8.688200000000000367e-01,1.000000000000000000e+00,6.933759999999999923e-01
8.561674002969264984e+04,8.954990000000000450e-01,1.000000000000000000e+00,7.560879999999999823e-01
8.567956025266647339e+04,8.863820000000000032e-01,1.000000000000000000e+00,7.395030000000000214e-01
8.587116194176673889e+04,8.923510000000000053e-01,1.000000000000000000e+00,7.509799999999999809e-01
8.596225127607584000e+04,8.981639999999999624e-01,1.000000000000000000e+00,7.606490000000000196e-01
8.623866025924682617e+04,8.981639999999999624e-01,1.000000000000000000e+00,7.606490000000000196e-01
8.630148048228025436e+04,8.235770000000000035e-01,1.000000000000000000e+00,5.775280000000000413e-01
8.649936419165134430e+04,8.683419999999999472e-01,1.000000000000000000e+00,6.929530000000000411e-01
8.657160743510723114e+04,8.692389999999999839e-01,1.000000000000000000e+00,6.940840000000000343e-01
8.661244057708978653e+04,8.034099999999999575e-01,1.000000000000000000e+00,5.236969999999999681e-01
8.678519620531797409e+04,8.242329999999999934e-01,1.000000000000000000e+00,5.699650000000000549e-01
8.686686250907182693e+04,8.119840000000000391e-01,1.000000000000000000e+00,5.508739999999999748e-01
8.697365687423944473e+04,8.203869999999999774e-01,1.000000000000000000e+00,5.775919999999999943e-01
8.724064282697439194e+04,7.299130000000000340e-01,1.000000000000000000e+00,4.126870000000000260e-01
8.753275687086582184e+04,7.350170000000000314e-01,1.000000000000000000e+00,4.247270000000000212e-01
8.792538328957557678e+04,7.492159999999999931e-01,1.000000000000000000e+00,4.537780000000000147e-01
8.812954900926351547e+04,7.682550000000000212e-01,1.000000000000000000e+00,5.063980000000000148e-01
8.832429170858860016e+04,7.613750000000000240e-01,1.000000000000000000e+00,4.911889999999999867e-01
8.839653497195243835e+04,7.457599999999999785e-01,1.000000000000000000e+00,4.545440000000000036e-01
8.842794508343935013e+04,7.263340000000000352e-01,1.000000000000000000e+00,3.916100000000000136e-01
8.849704732680320740e+04,7.606020000000000003e-01,1.000000000000000000e+00,4.677990000000000204e-01
8.937024844831228256e+04,7.357110000000000039e-01,1.000000000000000000e+00,4.170329999999999870e-01
8.937024844831228256e+04,7.744820000000000038e-01,1.000000000000000000e+00,5.141900000000000359e-01
8.945505576235055923e+04,6.827309999999999768e-01,1.000000000000000000e+00,3.273039999999999838e-01
8.962152934026718140e+04,5.294200000000000017e-01,1.000000000000000000e+00,1.180090000000000028e-01
8.971890070492029190e+04,5.382540000000000102e-01,1.000000000000000000e+00,1.295520000000000005e-01
8.976915689718723297e+04,5.294200000000000017e-01,1.000000000000000000e+00,1.180090000000000028e-01
8.983511813032627106e+04,5.799020000000000286e-01,1.000000000000000000e+00,1.971789999999999932e-01
8.987909228253364563e+04,3.446170000000000067e-01,1.000000000000000000e+00,-1.355770000000000031e-01
8.993877149534225464e+04,8.229200000000000403e-02,1.000000000000000000e+00,-3.989349999999999841e-01
9.007383498179912567e+04,-1.765519999999999867e-01,2.220109999999999861e-01,-1.000000000000000000e+00
9.016492431610822678e+04,-1.520469999999999877e-01,2.634500000000000175e-01,-1.000000000000000000e+00
9.025287261039018631e+04,1.989600000000000049e-02,9.999970000000000248e-01,-3.960600000000000231e-01
9.032511589366197586e+04,-1.839500000000000163e-02,3.492810000000000081e-01,-9.999980000000000535e-01
9.054184566402435303e+04,-1.839500000000000163e-02,3.492810000000000081e-01,-9.999980000000000535e-01
9.069261420118808746e+04,5.043999999999999873e-03,1.000000000000000000e+00,-3.876720000000000166e-01
9.081825465720891953e+04,-3.953700000000000270e-02,3.365070000000000006e-01,-1.000000000000000000e+00
9.083081870776414871e+04,-6.624800000000000133e-02,3.267959999999999754e-01,-1.000000000000000000e+00
9.086222879934310913e+04,-1.913040000000000018e-01,1.320439999999999947e-01,-1.000000000000000000e+00
9.099415128558874130e+04,-2.890340000000000131e-01,2.587599999999999970e-02,-9.999989999999999712e-01
9.106011251872777939e+04,-2.878200000000000203e-01,4.161200000000000315e-02,-1.000000000000000000e+00
9.107267654937505722e+04,-2.601269999999999971e-01,5.902199999999999808e-02,-1.000000000000000000e+00
9.113235578215122223e+04,-2.906500000000000195e-01,4.155899999999999872e-02,-1.000000000000000000e+00
9.130825241047143936e+04,-2.345849999999999880e-01,1.174319999999999947e-01,-1.000000000000000000e+00
9.139620072466135025e+04,-3.345549999999999913e-01,3.922000000000000139e-03,-9.999989999999999712e-01
9.194587770080566406e+04,-1.128549999999999970e-01,2.552200000000000024e-01,-1.000000000000000000e+00
9.199927489340305328e+04,-1.260040000000000049e-01,2.737140000000000128e-01,-1.000000000000000000e+00
9.212805635952949524e+04,-1.157310000000000005e-01,2.709619999999999806e-01,-1.000000000000000000e+00
9.214690241050720215e+04,-3.104140000000000232e-01,5.368699999999999861e-02,-1.000000000000000000e+00
9.239190130215883255e+04,-3.243309999999999804e-01,2.156599999999999837e-02,-1.000000000000000000e+00
9.255209287977218628e+04,-2.976280000000000037e-01,6.935099999999999598e-02,-1.000000000000000000e+00
9.273113052821159363e+04,-2.906500000000000195e-01,4.155899999999999872e-02,-1.000000000000000000e+00
9.292587323749065399e+04,-3.390070000000000028e-01,-6.399000000000000174e-03,-9.999989999999999712e-01
9.327138446396589279e+04,-5.511930000000000440e-01,-2.424820000000000031e-01,-1.000000000000000000e+00
9.338131986916065216e+04,-5.475489999999999524e-01,-2.373270000000000102e-01,-1.000000000000000000e+00
9.350067828488349915e+04,-3.569840000000000235e-01,-1.142100000000000060e-02,-1.000000000000000000e+00
9.357606254851818085e+04,-2.003449999999999953e-01,2.022430000000000061e-01,-1.000000000000000000e+00
9.370798503476381302e+04,-1.770859999999999934e-01,2.290520000000000056e-01,-1.000000000000000000e+00
9.376452324742078781e+04,-3.707349999999999812e-01,-1.712899999999999839e-02,-1.000000000000000000e+00
9.395926594662666321e+04,-5.476130000000000164e-01,-2.299289999999999945e-01,-1.000000000000000000e+00
9.400324009883403778e+04,-3.939380000000000104e-01,-4.208699999999999941e-02,-1.000000000000000000e+00
9.424823899042606354e+04,-1.787300000000000000e-01,2.319299999999999973e-01,-1.000000000000000000e+00
9.434561032509803772e+04,2.034920000000000062e-01,1.000000000000000000e+00,-2.168009999999999937e-01
9.438016144675016403e+04,1.916059999999999985e-01,1.000000000000000000e+00,-2.460749999999999882e-01
9.440843054807186127e+04,-3.467900000000000149e-02,3.810069999999999846e-01,-1.000000000000000000e+00
9.454977607476711273e+04,-7.917499999999999538e-02,3.449829999999999841e-01,-1.000000000000000000e+00
9.460945527768135071e+04,-2.131770000000000054e-01,2.119330000000000103e-01,-1.000000000000000000e+00
9.504919686859846115e+04,-2.636379999999999835e-01,1.397150000000000059e-01,-1.000000000000000000e+00
9.515599125361442566e+04,-2.360279999999999878e-01,1.767489999999999895e-01,-1.000000000000000000e+00
9.516541428411006927e+04,-2.293900000000000106e-01,1.789360000000000117e-01,-1.000000000000000000e+00
9.518426035499572754e+04,1.597210000000000019e-01,1.000000000000000000e+00,-2.841480000000000117e-01
9.539784912514686584e+04,1.877979999999999927e-01,1.000000000000000000e+00,-2.424050000000000094e-01
9.559259182441234589e+04,2.404050000000000076e-01,9.999989999999999712e-01,-1.955510000000000026e-01
9.567425811833143234e+04,5.383989999999999609e-01,1.000000000000000000e+00,2.052279999999999938e-01
9.582188564532995224e+04,5.281850000000000156e-01,1.000000000000000000e+00,1.797360000000000069e-01
9.586585981738567352e+04,4.735539999999999750e-01,1.000000000000000000e+00,1.010429999999999939e-01
9.592239801013469696e+04,5.286089999999999955e-01,1.000000000000000000e+00,1.999209999999999876e-01
9.605117947626113892e+04,2.875820000000000043e-01,9.999989999999999712e-01,-1.026450000000000001e-01
9.624278115540742874e+04,2.951340000000000074e-01,9.999980000000000535e-01,-6.832699999999999885e-02
9.683015028333663940e+04,6.217700000000000310e-02,9.999900000000000455e-01,-2.949209999999999887e-01
9.692438062781095505e+04,-1.093689999999999940e-01,2.547740000000000005e-01,-1.000000000000000000e+00
9.720078962099552155e+04,-1.386940000000000117e-01,2.432070000000000065e-01,-1.000000000000000000e+00
9.731386602634191513e+04,-1.227400000000000019e-01,2.358429999999999971e-01,-1.000000000000000000e+00
9.744578851258754730e+04,-1.102500000000000008e-01,2.416649999999999909e-01,-1.000000000000000000e+00
9.765309526240825653e+04,5.474480000000000457e-01,7.002030000000000198e-01,4.128390000000000115e-01
9.766251829290390015e+04,5.973840000000000261e-01,7.595509999999999762e-01,4.811389999999999834e-01
9.775988964754343033e+04,5.834890000000000354e-01,7.496340000000000225e-01,4.622709999999999875e-01
9.783213290107250214e+04,5.687069999999999625e-01,7.408609999999999918e-01,4.444960000000000022e-01
9.784783797174692154e+04,5.534430000000000183e-01,7.160459999999999603e-01,4.107629999999999892e-01
9.791065818470716476e+04,5.365389999999999882e-01,7.067689999999999806e-01,3.928369999999999918e-01
9.798604246824979782e+04,5.963359999999999772e-01,7.700329999999999675e-01,4.666520000000000112e-01
9.807713179266452789e+04,6.619739999999999513e-01,8.297120000000000051e-01,5.407060000000000199e-01
9.832841268461942673e+04,6.468399999999999705e-01,8.168570000000000553e-01,5.176399999999999890e-01
9.837552785688638687e+04,6.318759999999999932e-01,8.138480000000000159e-01,5.024570000000000425e-01
9.838180987721681595e+04,6.153469999999999773e-01,7.979230000000000489e-01,4.739639999999999964e-01
9.875244923472404480e+04,5.956350000000000255e-01,7.910089999999999621e-01,4.532309999999999950e-01
9.889693575167655945e+04,5.744409999999999794e-01,7.809629999999999628e-01,4.275200000000000111e-01
9.890635879206657410e+04,5.512019999999999698e-01,7.703870000000000440e-01,4.002169999999999894e-01
9.893148687332868576e+04,6.440169999999999506e-01,8.522920000000000496e-01,5.055060000000000109e-01
9.905712732928991318e+04,6.222210000000000241e-01,8.418350000000000000e-01,4.754289999999999905e-01
