# Time,Median,Upper Error,Lower Error
1.440382270038127899e+03,-7.339459999999999873e-01,-6.101659999999999862e-01,-9.123090000000000366e-01
1.528331604599952698e+03,-7.500809999999999977e-01,-6.337139999999999995e-01,-9.189929999999999488e-01
1.559742086231708527e+03,-7.632370000000000543e-01,-6.528119999999999479e-01,-9.232609999999999983e-01
1.572306276977062225e+03,-7.754510000000000014e-01,-6.734320000000000306e-01,-9.303960000000000008e-01
1.619421999394893646e+03,-6.880039999999999489e-01,-5.618769999999999598e-01,-8.596019999999999772e-01
1.669678751945495605e+03,-7.028400000000000203e-01,-5.877489999999999659e-01,-8.723170000000000091e-01
1.776474367439746857e+03,-6.267580000000000373e-01,-4.978099999999999747e-01,-8.053940000000000543e-01
1.817307979583740234e+03,-6.423229999999999773e-01,-5.191339999999999844e-01,-8.152740000000000542e-01
1.908398354351520538e+03,-6.570880000000000054e-01,-5.359760000000000080e-01,-8.214580000000000215e-01
1.942949866056442261e+03,-6.721430000000000460e-01,-5.657079999999999886e-01,-8.473880000000000301e-01
1.958655106902122498e+03,-6.882420000000000204e-01,-5.690119999999999623e-01,-8.470619999999999816e-01
2.043463371336460114e+03,-6.255530000000000257e-01,-4.956619999999999915e-01,-7.917490000000000361e-01
2.074873842954635620e+03,-5.682139999999999969e-01,-4.320640000000000036e-01,-7.407780000000000475e-01
2.194233619153499603e+03,-5.833720000000000017e-01,-4.509900000000000020e-01,-7.505370000000000097e-01
2.216220950305461884e+03,-6.062830000000000163e-01,-4.773299999999999765e-01,-7.631940000000000390e-01
2.244490361690521240e+03,-6.191079999999999917e-01,-4.927469999999999906e-01,-7.708469999999999489e-01
2.260195592522621155e+03,-6.824940000000000451e-01,-5.701509999999999634e-01,-8.297280000000000211e-01
2.385837449014186859e+03,-6.824940000000000451e-01,-5.701509999999999634e-01,-8.297280000000000211e-01
2.439235241889953613e+03,-6.824940000000000451e-01,-5.701509999999999634e-01,-8.297280000000000211e-01
2.583723359286785126e+03,-6.824940000000000451e-01,-5.701509999999999634e-01,-8.297280000000000211e-01
2.602569630265235901e+03,-6.824940000000000451e-01,-5.701509999999999634e-01,-8.297280000000000211e-01
2.668531593620777130e+03,-6.824940000000000451e-01,-5.701509999999999634e-01,-8.297280000000000211e-01
2.913533156394958496e+03,-6.191079999999999917e-01,-4.927469999999999906e-01,-7.708469999999999489e-01
2.982636160016059875e+03,-5.552899999999999503e-01,-4.210760000000000058e-01,-7.151939999999999964e-01
3.051739153504371643e+03,-5.552899999999999503e-01,-4.210760000000000058e-01,-7.151939999999999964e-01
3.127124237477779388e+03,-5.552899999999999503e-01,-4.210760000000000058e-01,-7.151939999999999964e-01
3.158534678995609283e+03,-5.552899999999999503e-01,-4.210760000000000058e-01,-7.151939999999999964e-01
3.164816779494285583e+03,-5.535980000000000345e-01,-4.188160000000000216e-01,-7.155319999999999458e-01
3.249624993801116943e+03,-5.535980000000000345e-01,-4.188160000000000216e-01,-7.155319999999999458e-01
3.409818272113800049e+03,-5.535980000000000345e-01,-4.188160000000000216e-01,-7.155319999999999458e-01
3.431805583238601685e+03,-6.170670000000000321e-01,-5.074480000000000102e-01,-7.874020000000000463e-01
3.466357075095176697e+03,-6.815189999999999859e-01,-5.810260000000000424e-01,-8.385880000000000001e-01
3.526036918163299561e+03,-6.815189999999999859e-01,-5.810260000000000424e-01,-8.385880000000000001e-01
3.541742139041423798e+03,-6.815189999999999859e-01,-5.810260000000000424e-01,-8.385880000000000001e-01
3.557447359740734100e+03,-6.170670000000000321e-01,-5.074480000000000102e-01,-7.874020000000000463e-01
3.573152590572834015e+03,-6.170670000000000321e-01,-5.074480000000000102e-01,-7.874020000000000463e-01
3.585716761231422424e+03,-6.143610000000000460e-01,-4.878129999999999966e-01,-7.671660000000000146e-01
3.598280941843986511e+03,-6.143610000000000460e-01,-4.878129999999999966e-01,-7.671660000000000146e-01
3.617127202868461609e+03,-6.797569999999999446e-01,-5.794569999999999999e-01,-8.371180000000000287e-01
3.626550343334674835e+03,-6.170670000000000321e-01,-5.074480000000000102e-01,-7.874020000000000463e-01
3.642255554139614105e+03,-6.170219999999999594e-01,-4.927599999999999758e-01,-7.725760000000000405e-01
3.645396604299545288e+03,-5.535980000000000345e-01,-4.188160000000000216e-01,-7.155319999999999458e-01
3.749051059663295746e+03,-5.505409999999999471e-01,-4.190619999999999901e-01,-7.158259999999999623e-01
3.758474190175533295e+03,-6.132349999999999746e-01,-4.866710000000000202e-01,-7.668589999999999574e-01
3.837000294268131256e+03,-6.108860000000000401e-01,-4.878199999999999759e-01,-7.669280000000000541e-01
3.893539087176322937e+03,-6.108860000000000401e-01,-4.878199999999999759e-01,-7.669280000000000541e-01
3.928090568959712982e+03,-5.437389999999999723e-01,-4.173379999999999868e-01,-7.098959999999999715e-01
3.984629351854324341e+03,-5.437389999999999723e-01,-4.173379999999999868e-01,-7.098959999999999715e-01
3.990911442101001740e+03,-5.437389999999999723e-01,-4.173379999999999868e-01,-7.098959999999999715e-01
4.006616662979125977e+03,-5.437389999999999723e-01,-4.173379999999999868e-01,-7.098959999999999715e-01
4.091424837350845337e+03,-4.832960000000000034e-01,-3.297289999999999943e-01,-6.390249999999999542e-01
4.113412148475646973e+03,-4.177049999999999930e-01,-2.627140000000000031e-01,-5.844260000000000010e-01
4.242194925189018250e+03,-4.177049999999999930e-01,-2.627140000000000031e-01,-5.844260000000000010e-01
4.254759095847606659e+03,-3.523899999999999810e-01,-1.935860000000000081e-01,-5.237020000000000008e-01
4.257900146067142487e+03,-4.158709999999999907e-01,-2.550129999999999897e-01,-5.768849999999999811e-01
4.399247093379497528e+03,-4.817420000000000035e-01,-3.478870000000000018e-01,-6.566870000000000207e-01
4.474632127285003662e+03,-4.817420000000000035e-01,-3.478870000000000018e-01,-6.566870000000000207e-01
4.477773167431354523e+03,-4.176110000000000100e-01,-2.614119999999999777e-01,-5.839550000000000018e-01
4.524888809859752655e+03,-4.176110000000000100e-01,-2.614119999999999777e-01,-5.839550000000000018e-01
4.568863412082195282e+03,-4.158709999999999907e-01,-2.550129999999999897e-01,-5.768849999999999811e-01
4.575145492434501648e+03,-4.158709999999999907e-01,-2.550129999999999897e-01,-5.768849999999999811e-01
4.722774510085582733e+03,-4.158709999999999907e-01,-2.550129999999999897e-01,-5.768849999999999811e-01
4.741620761156082153e+03,-4.158709999999999907e-01,-2.550129999999999897e-01,-5.768849999999999811e-01
4.744761801183223724e+03,-4.158709999999999907e-01,-2.550129999999999897e-01,-5.768849999999999811e-01
4.810723694622516632e+03,-4.158709999999999907e-01,-2.550129999999999897e-01,-5.768849999999999811e-01
4.857839337050914764e+03,-3.508060000000000067e-01,-1.928529999999999966e-01,-5.234060000000000379e-01
4.867262467563152313e+03,-4.158709999999999907e-01,-2.550129999999999897e-01,-5.768849999999999811e-01
5.014891455233097076e+03,-4.158709999999999907e-01,-2.550129999999999897e-01,-5.768849999999999811e-01
5.030596665978431702e+03,-4.774689999999999768e-01,-3.332530000000000214e-01,-6.372259999999999591e-01
5.153097312331199646e+03,-4.774689999999999768e-01,-3.332530000000000214e-01,-6.372259999999999591e-01
5.156238352537155151e+03,-4.774689999999999768e-01,-3.332530000000000214e-01,-6.372259999999999591e-01
5.206495025217533112e+03,-4.774689999999999768e-01,-3.332530000000000214e-01,-6.372259999999999591e-01
5.250469617426395416e+03,-4.779419999999999780e-01,-3.305969999999999742e-01,-6.372259999999999591e-01
5.310149410545825958e+03,-4.779419999999999780e-01,-3.305969999999999742e-01,-6.372259999999999591e-01
5.341559822142124176e+03,-4.779419999999999780e-01,-3.305969999999999742e-01,-6.372259999999999591e-01
5.354123992741107941e+03,-4.779419999999999780e-01,-3.305969999999999742e-01,-6.372259999999999591e-01
5.420085876226425171e+03,-4.808209999999999984e-01,-3.439749999999999752e-01,-6.548019999999999952e-01
5.476624619126319885e+03,-4.808209999999999984e-01,-3.439749999999999752e-01,-6.548019999999999952e-01
5.548868572890758514e+03,-4.726029999999999953e-01,-3.401460000000000039e-01,-6.486469999999999736e-01
5.721625851750373840e+03,-4.082180000000000253e-01,-2.743849999999999900e-01,-5.940999999999999615e-01
5.724766902029514313e+03,-4.082180000000000253e-01,-2.743849999999999900e-01,-5.940999999999999615e-01
5.743613143026828766e+03,-3.449599999999999889e-01,-2.030409999999999993e-01,-5.330740000000000478e-01
5.784446685075759888e+03,-4.122480000000000033e-01,-2.718749999999999778e-01,-5.927299999999999791e-01
5.803292926132678986e+03,-4.765400000000000191e-01,-3.423329999999999984e-01,-6.516170000000000018e-01
5.859831669032573700e+03,-4.765400000000000191e-01,-3.423329999999999984e-01,-6.516170000000000018e-01
5.875536879897117615e+03,-5.402740000000000320e-01,-4.107739999999999725e-01,-7.063369999999999926e-01
5.919511452078819275e+03,-4.751969999999999805e-01,-3.225729999999999986e-01,-6.250830000000000553e-01
5.944639783382415771e+03,-4.751969999999999805e-01,-3.225729999999999986e-01,-6.250830000000000553e-01
5.998037476181983948e+03,-4.118149999999999866e-01,-2.607630000000000225e-01,-5.755770000000000053e-01
6.051435168981552124e+03,-4.118149999999999866e-01,-2.607630000000000225e-01,-5.755770000000000053e-01
6.129961193025112152e+03,-4.118149999999999866e-01,-2.607630000000000225e-01,-5.755770000000000053e-01
6.145666393876075745e+03,-4.118149999999999866e-01,-2.607630000000000225e-01,-5.755770000000000053e-01
6.230474498212337494e+03,-3.474160000000000026e-01,-2.000659999999999938e-01,-5.242210000000000480e-01
6.261884899795055389e+03,-3.474160000000000026e-01,-2.000659999999999938e-01,-5.242210000000000480e-01
6.280731150746345520e+03,-2.841090000000000004e-01,-1.418770000000000031e-01,-4.741339999999999999e-01
6.293295311510562897e+03,-2.204160000000000008e-01,-6.089100000000000068e-02,-4.001339999999999897e-01
6.412654847681522369e+03,-1.574639999999999929e-01,-6.478000000000000251e-03,-3.481099999999999750e-01
6.466052540421485901e+03,-1.574639999999999929e-01,-6.478000000000000251e-03,-3.481099999999999750e-01
6.503745022356510162e+03,-1.574639999999999929e-01,-6.478000000000000251e-03,-3.481099999999999750e-01
6.522591263294219971e+03,-1.574639999999999929e-01,-6.478000000000000251e-03,-3.481099999999999750e-01
6.547719584643840790e+03,-1.574639999999999929e-01,-6.478000000000000251e-03,-3.481099999999999750e-01
6.563424785375595093e+03,-1.600080000000000113e-01,-1.145400000000000064e-02,-3.601139999999999897e-01
6.616822468221187592e+03,-1.600080000000000113e-01,-1.145400000000000064e-02,-3.601139999999999897e-01
6.651373909950256348e+03,-2.241470000000000129e-01,-7.236499999999999877e-02,-4.162049999999999916e-01
6.736181994438171387e+03,-1.600080000000000113e-01,-1.145400000000000064e-02,-3.601139999999999897e-01
6.767592396080493927e+03,-2.214180000000000037e-01,-4.511099999999999832e-02,-4.002180000000000182e-01
6.783297596871852875e+03,-2.214889999999999914e-01,-4.979700000000000099e-02,-4.012129999999999863e-01
6.880669831931591034e+03,-1.582570000000000088e-01,1.973600000000000007e-02,-3.369489999999999985e-01
6.921503354012966156e+03,-2.214889999999999914e-01,-4.979700000000000099e-02,-4.012129999999999863e-01
7.022016629219055176e+03,-1.582570000000000088e-01,1.973600000000000007e-02,-3.369489999999999985e-01
7.037721830070018768e+03,-2.214889999999999914e-01,-4.979700000000000099e-02,-4.012129999999999863e-01
7.094260543048381805e+03,-2.214889999999999914e-01,-4.979700000000000099e-02,-4.012129999999999863e-01
7.113106773853302002e+03,-2.214889999999999914e-01,-4.979700000000000099e-02,-4.012129999999999863e-01
7.153940296173095703e+03,-2.865690000000000182e-01,-1.140970000000000040e-01,-4.593960000000000266e-01
7.238748360455036163e+03,-2.918689999999999896e-01,-1.389960000000000084e-01,-4.819100000000000050e-01
7.285863952934741974e+03,-2.918689999999999896e-01,-1.389960000000000084e-01,-4.819100000000000050e-01
7.380095127820968628e+03,-2.918689999999999896e-01,-1.389960000000000084e-01,-4.819100000000000050e-01
7.468044232368469238e+03,-2.918689999999999896e-01,-1.389960000000000084e-01,-4.819100000000000050e-01
7.524582935214042664e+03,-3.557460000000000067e-01,-1.991209999999999924e-01,-5.322230000000000016e-01
7.534006055772304535e+03,-3.523899999999999810e-01,-1.935860000000000081e-01,-5.237020000000000008e-01
7.665929692566394806e+03,-4.177049999999999930e-01,-2.627140000000000031e-01,-5.844260000000000010e-01
7.757019827365875244e+03,-4.134979999999999767e-01,-2.633389999999999898e-01,-5.812460000000000404e-01
7.866956182956695557e+03,-4.177049999999999930e-01,-2.627140000000000031e-01,-5.844260000000000010e-01
7.923494885981082916e+03,-4.158709999999999907e-01,-2.550129999999999897e-01,-5.768849999999999811e-01
7.932918006360530853e+03,-4.817420000000000035e-01,-3.478870000000000018e-01,-6.566870000000000207e-01
7.939200076758861542e+03,-4.158709999999999907e-01,-2.550129999999999897e-01,-5.768849999999999811e-01
7.989456699311733246e+03,-4.817420000000000035e-01,-3.478870000000000018e-01,-6.566870000000000207e-01
8.030290201485157013e+03,-5.488290000000000113e-01,-4.174809999999999910e-01,-7.106909999999999616e-01
8.118239276051521301e+03,-6.112600000000000255e-01,-4.885039999999999938e-01,-7.669540000000000246e-01
8.155931747913360596e+03,-6.757459999999999578e-01,-5.744850000000000234e-01,-8.345059999999999700e-01
8.162213818252086639e+03,-6.757459999999999578e-01,-5.744850000000000234e-01,-8.345059999999999700e-01
8.247021862745285034e+03,-6.106740000000000501e-01,-4.879439999999999888e-01,-7.693769999999999776e-01
8.303560545563697815e+03,-6.106740000000000501e-01,-4.879439999999999888e-01,-7.693769999999999776e-01
8.438625192642211914e+03,-6.112600000000000255e-01,-4.885039999999999938e-01,-7.669540000000000246e-01
8.457471423685550690e+03,-6.112600000000000255e-01,-4.885039999999999938e-01,-7.669540000000000246e-01
8.523433227002620697e+03,-5.482010000000000494e-01,-4.171480000000000188e-01,-7.106909999999999616e-01
8.535997377693653107e+03,-5.482010000000000494e-01,-4.171480000000000188e-01,-7.106909999999999616e-01
8.576830869734287262e+03,-5.493299999999999850e-01,-4.184510000000000174e-01,-7.132549999999999724e-01
8.658497863948345184e+03,-5.488290000000000113e-01,-4.174809999999999910e-01,-7.106909999999999616e-01
8.677344085037708282e+03,-5.488290000000000113e-01,-4.174809999999999910e-01,-7.106909999999999616e-01
8.752728998839855194e+03,-5.474090000000000344e-01,-4.161190000000000166e-01,-7.109860000000000069e-01
8.759011079251766205e+03,-5.474090000000000344e-01,-4.161190000000000166e-01,-7.109860000000000069e-01
8.834395983099937439e+03,-4.817350000000000243e-01,-3.354130000000000167e-01,-6.448610000000000175e-01
8.865806364774703979e+03,-5.474090000000000344e-01,-4.161190000000000166e-01,-7.109860000000000069e-01
9.076255885660648346e+03,-5.474090000000000344e-01,-4.161190000000000166e-01,-7.109860000000000069e-01
9.079396925866603851e+03,-5.474090000000000344e-01,-4.161190000000000166e-01,-7.109860000000000069e-01
9.135935598671436310e+03,-4.817420000000000035e-01,-3.478870000000000018e-01,-6.566870000000000207e-01
9.151640789568424225e+03,-4.817420000000000035e-01,-3.478870000000000018e-01,-6.566870000000000207e-01
9.164204940199851990e+03,-4.178189999999999960e-01,-2.625790000000000068e-01,-5.813169999999999726e-01
9.186192201375961304e+03,-3.518009999999999748e-01,-1.858499999999999874e-01,-5.152900000000000258e-01
9.333820959031581879e+03,-3.518009999999999748e-01,-1.858499999999999874e-01,-5.152900000000000258e-01
9.380936521410942078e+03,-2.843209999999999904e-01,-1.238589999999999969e-01,-4.641319999999999890e-01
9.409205852925777435e+03,-2.843209999999999904e-01,-1.238589999999999969e-01,-4.641319999999999890e-01
9.415487923264503479e+03,-2.843209999999999904e-01,-1.238589999999999969e-01,-4.641319999999999890e-01
9.443757264673709869e+03,-2.219760000000000066e-01,-5.362600000000000006e-02,-4.013269999999999893e-01
9.509719048142433167e+03,-2.273529999999999995e-01,-7.850100000000000133e-02,-4.273649999999999949e-01
9.572539791285991669e+03,-2.273529999999999995e-01,-7.850100000000000133e-02,-4.273649999999999949e-01
9.610232233345508575e+03,-2.918689999999999896e-01,-1.389960000000000084e-01,-4.819100000000000050e-01
9.625937414050102234e+03,-2.273529999999999995e-01,-7.850100000000000133e-02,-4.273649999999999949e-01
9.632219494521617889e+03,-1.624049999999999938e-01,-9.806000000000000480e-03,-3.637489999999999890e-01
9.720168528974056244e+03,-1.624049999999999938e-01,-9.806000000000000480e-03,-3.637489999999999890e-01
9.839527935147285461e+03,-9.709500000000000075e-02,9.535299999999999332e-02,-2.691290000000000071e-01
9.845810005545616150e+03,-9.709500000000000075e-02,9.535299999999999332e-02,-2.691290000000000071e-01
9.905489708542823792e+03,-9.709500000000000075e-02,9.535299999999999332e-02,-2.691290000000000071e-01
9.980874592423439026e+03,-3.118200000000000138e-02,1.519300000000000095e-01,-2.152119999999999866e-01
1.000286184364557266e+04,3.269799999999999790e-02,2.136780000000000068e-01,-1.527479999999999949e-01
1.006882361704111099e+04,3.269799999999999790e-02,2.136780000000000068e-01,-1.527479999999999949e-01
1.014106746083498001e+04,-3.221600000000000158e-02,1.354690000000000061e-01,-2.182070000000000121e-01
1.021331130456924438e+04,-3.118200000000000138e-02,1.519300000000000095e-01,-2.152119999999999866e-01
1.028241410809755325e+04,-3.118200000000000138e-02,1.519300000000000095e-01,-2.152119999999999866e-01
1.032324758017063141e+04,-2.632599999999999871e-02,1.502050000000000052e-01,-2.050319999999999920e-01
1.041119659471511841e+04,-2.632599999999999871e-02,1.502050000000000052e-01,-2.050319999999999920e-01
1.042690177559852600e+04,3.592200000000000254e-02,2.029030000000000000e-01,-1.484570000000000056e-01
1.044888903677463531e+04,-2.814399999999999888e-02,1.296769999999999867e-01,-2.202020000000000088e-01
1.045203006696701050e+04,-9.215900000000000480e-02,6.333700000000000441e-02,-2.865880000000000094e-01
1.053997908145189285e+04,-2.814399999999999888e-02,1.296769999999999867e-01,-2.202020000000000088e-01
1.060594084489345551e+04,-2.814399999999999888e-02,1.296769999999999867e-01,-2.202020000000000088e-01
1.061536395537853241e+04,-2.814399999999999888e-02,1.296769999999999867e-01,-2.202020000000000088e-01
1.062164602571725845e+04,-9.215900000000000480e-02,6.333700000000000441e-02,-2.865880000000000094e-01
1.063106913620233536e+04,-9.215900000000000480e-02,6.333700000000000441e-02,-2.865880000000000094e-01
1.076613369315862656e+04,-1.536599999999999910e-01,-2.247999999999999998e-03,-3.537879999999999914e-01
1.077869783389568329e+04,-2.202689999999999926e-01,-7.968600000000000683e-02,-4.243279999999999830e-01
1.084151855701208115e+04,-2.202689999999999926e-01,-7.968600000000000683e-02,-4.243279999999999830e-01
1.087292890876531601e+04,-2.840559999999999752e-01,-1.426810000000000023e-01,-4.810260000000000091e-01
1.100485242557525635e+04,-2.185620000000000063e-01,-5.623899999999999733e-02,-4.012129999999999863e-01
1.126869942927360535e+04,-2.827259999999999773e-01,-1.218569999999999931e-01,-4.596450000000000258e-01
1.130639185124635696e+04,-2.827259999999999773e-01,-1.218569999999999931e-01,-4.596450000000000258e-01
1.141632809692621231e+04,-2.185620000000000063e-01,-5.623899999999999733e-02,-4.012129999999999863e-01
1.159536711615324020e+04,-2.185620000000000063e-01,-5.623899999999999733e-02,-4.012129999999999863e-01
1.177126509529352188e+04,-2.185620000000000063e-01,-5.623899999999999733e-02,-4.012129999999999863e-01
1.182152166777849197e+04,-2.843209999999999904e-01,-1.238589999999999969e-01,-4.641319999999999890e-01
1.184036787879467010e+04,-3.518009999999999748e-01,-1.964349999999999985e-01,-5.287100000000000133e-01
1.195030410450696945e+04,-3.503609999999999780e-01,-1.857620000000000104e-01,-5.152280000000000193e-01
1.198171445614099503e+04,-4.158220000000000249e-01,-2.631220000000000225e-01,-5.813169999999999726e-01
1.200370169728994370e+04,-3.503609999999999780e-01,-1.857620000000000104e-01,-5.152280000000000193e-01
1.201626583790779114e+04,-4.158220000000000249e-01,-2.631220000000000225e-01,-5.813169999999999726e-01
1.207280447089672089e+04,-4.801750000000000185e-01,-3.389820000000000055e-01,-6.464100000000000401e-01
1.207594551104307175e+04,-5.466020000000000323e-01,-4.167850000000000166e-01,-7.112119999999999553e-01
1.212306103354692459e+04,-5.466020000000000323e-01,-4.167850000000000166e-01,-7.112119999999999553e-01
1.220786897784471512e+04,-5.466020000000000323e-01,-4.167850000000000166e-01,-7.112119999999999553e-01
1.228325381171703339e+04,-5.482010000000000494e-01,-4.171480000000000188e-01,-7.106909999999999616e-01
1.234607451498508453e+04,-5.482010000000000494e-01,-4.171480000000000188e-01,-7.106909999999999616e-01
1.253139556455612183e+04,-4.858750000000000013e-01,-3.306780000000000275e-01,-6.405049999999999910e-01
1.260992142868041992e+04,-5.493299999999999850e-01,-4.184510000000000174e-01,-7.132549999999999724e-01
1.264761384063959122e+04,-6.127869999999999706e-01,-4.882909999999999751e-01,-7.669540000000000246e-01
1.276383211666345596e+04,-5.482010000000000494e-01,-4.171480000000000188e-01,-7.106909999999999616e-01
1.281722970944643021e+04,-4.819089999999999763e-01,-3.389820000000000055e-01,-6.453839999999999577e-01
1.319415382897853851e+04,-4.819089999999999763e-01,-3.389820000000000055e-01,-6.453839999999999577e-01
1.321300002992153168e+04,-4.882059999999999733e-01,-3.376930000000000209e-01,-6.481170000000000542e-01
1.325069244182109833e+04,-4.882059999999999733e-01,-3.376930000000000209e-01,-6.481170000000000542e-01
1.332921829599142075e+04,-4.217910000000000270e-01,-2.628210000000000268e-01,-5.850379999999999470e-01
1.335748760735988617e+04,-4.217910000000000270e-01,-2.628210000000000268e-01,-5.850379999999999470e-01
1.339203897929191589e+04,-4.217910000000000270e-01,-2.628210000000000268e-01,-5.850379999999999470e-01
1.347056482332944870e+04,-4.158220000000000249e-01,-2.631220000000000225e-01,-5.813169999999999726e-01
1.348627000409364700e+04,-4.158220000000000249e-01,-2.631220000000000225e-01,-5.813169999999999726e-01
1.352082137590646744e+04,-4.158220000000000249e-01,-2.631220000000000225e-01,-5.813169999999999726e-01
1.354280860704183578e+04,-4.804309999999999969e-01,-3.438669999999999782e-01,-6.552459999999999951e-01
1.355851377791166306e+04,-4.804309999999999969e-01,-3.438669999999999782e-01,-6.552459999999999951e-01
1.357421894866228104e+04,-5.471420000000000172e-01,-4.184590000000000254e-01,-7.148820000000000174e-01
1.360562929034233093e+04,-6.106740000000000501e-01,-4.879439999999999888e-01,-7.693769999999999776e-01
1.376582201862335205e+04,-6.106740000000000501e-01,-4.879439999999999888e-01,-7.693769999999999776e-01
1.409248952549695969e+04,-6.106740000000000501e-01,-4.879439999999999888e-01,-7.693769999999999776e-01
1.414902812838554382e+04,-6.116030000000000078e-01,-4.900950000000000029e-01,-7.669540000000000246e-01
1.425582326400279999e+04,-6.084319999999999729e-01,-4.926760000000000028e-01,-7.669580000000000286e-01
1.428095153528451920e+04,-6.132349999999999746e-01,-4.866710000000000202e-01,-7.668589999999999574e-01
1.436890046983957291e+04,-6.132349999999999746e-01,-4.866710000000000202e-01,-7.668589999999999574e-01
1.447255457514524460e+04,-6.742129999999999512e-01,-5.714900000000000535e-01,-8.287339999999999707e-01
1.447569560533761978e+04,-6.742129999999999512e-01,-5.714900000000000535e-01,-8.287339999999999707e-01
1.453223420816659927e+04,-6.742129999999999512e-01,-5.714900000000000535e-01,-8.287339999999999707e-01
1.453851626867055893e+04,-6.742129999999999512e-01,-5.714900000000000535e-01,-8.287339999999999707e-01
1.455422143942117691e+04,-6.742129999999999512e-01,-5.714900000000000535e-01,-8.287339999999999707e-01
1.463274726355075836e+04,-6.742129999999999512e-01,-5.714900000000000535e-01,-8.287339999999999707e-01
1.465159346449375153e+04,-7.398850000000000149e-01,-6.425610000000000488e-01,-8.777239999999999487e-01
1.495313265007734299e+04,-7.398850000000000149e-01,-6.425610000000000488e-01,-8.777239999999999487e-01
1.502223537367582321e+04,-8.037539999999999685e-01,-7.223190000000000444e-01,-9.272810000000000219e-01
1.508505603688955307e+04,-8.040960000000000329e-01,-7.254950000000000010e-01,-9.277079999999999771e-01
1.512274842894077301e+04,-7.415249999999999897e-01,-6.425610000000000488e-01,-8.749710000000000543e-01
1.515101773029565811e+04,-8.010410000000000030e-01,-7.225869999999999793e-01,-9.242019999999999680e-01
1.519813322275876999e+04,-8.040960000000000329e-01,-7.254950000000000010e-01,-9.277079999999999771e-01
1.532063349908590317e+04,-8.726660000000000528e-01,-8.094999999999999973e-01,-9.710349999999999815e-01
1.532691556942462921e+04,-8.715779999999999639e-01,-8.094479999999999453e-01,-9.732579999999999565e-01
1.540544138360023499e+04,-8.715779999999999639e-01,-8.094479999999999453e-01,-9.732579999999999565e-01
1.546197997647523880e+04,-9.364540000000000086e-01,-9.008140000000000036e-01,-1.000000000000000000e+00
1.547454410707950592e+04,-9.364540000000000086e-01,-9.008140000000000036e-01,-1.000000000000000000e+00
1.549653133821487427e+04,-8.715779999999999639e-01,-8.094479999999999453e-01,-9.732579999999999565e-01
1.571640361964702606e+04,-8.040960000000000329e-01,-7.254950000000000010e-01,-9.277079999999999771e-01
1.574781394129991531e+04,-8.040960000000000329e-01,-7.254950000000000010e-01,-9.277079999999999771e-01
1.582005769497156143e+04,-8.067069999999999519e-01,-7.224899999999999656e-01,-9.277079999999999771e-01
1.583576286572217941e+04,-8.067069999999999519e-01,-7.224899999999999656e-01,-9.277079999999999771e-01
1.586717318749427795e+04,-8.067069999999999519e-01,-7.224899999999999656e-01,-9.277079999999999771e-01
1.605249409699440002e+04,-7.470630000000000326e-01,-6.473119999999999985e-01,-8.824379999999999447e-01
1.607448132818937302e+04,-6.813829999999999609e-01,-5.784869999999999735e-01,-8.381159999999999721e-01
1.611531474030017853e+04,-6.813829999999999609e-01,-5.784869999999999735e-01,-8.381159999999999721e-01
1.618441746377944946e+04,-6.854839999999999822e-01,-5.786769999999999969e-01,-8.395169999999999577e-01
1.621582777553796768e+04,-6.200870000000000548e-01,-5.102780000000000094e-01,-7.922259999999999858e-01
1.623781500655412674e+04,-6.200870000000000548e-01,-5.102780000000000094e-01,-7.922259999999999858e-01
1.633832803189754486e+04,-6.228270000000000195e-01,-5.108489999999999975e-01,-7.933160000000000212e-01
1.634461010217666626e+04,-6.228270000000000195e-01,-5.108489999999999975e-01,-7.933160000000000212e-01
1.640428971529006958e+04,-5.617469999999999963e-01,-4.480259999999999798e-01,-7.456990000000000007e-01
1.641057177561521530e+04,-5.617469999999999963e-01,-4.480259999999999798e-01,-7.456990000000000007e-01
1.663044402694702148e+04,-5.617469999999999963e-01,-4.480259999999999798e-01,-7.456990000000000007e-01
1.664929021805524826e+04,-4.958509999999999862e-01,-3.751889999999999947e-01,-6.878870000000000262e-01
1.673409808224439621e+04,-4.323819999999999886e-01,-2.948660000000000170e-01,-6.190520000000000467e-01
1.675608531343936920e+04,-3.663460000000000050e-01,-2.308199999999999974e-01,-5.646780000000000133e-01
1.676550840401649475e+04,-3.663460000000000050e-01,-2.308199999999999974e-01,-5.646780000000000133e-01
1.681262388640642166e+04,-3.663460000000000050e-01,-2.308199999999999974e-01,-5.646780000000000133e-01
1.697595754480361938e+04,-2.995970000000000022e-01,-1.367869999999999919e-01,-4.819100000000000050e-01
1.699166270565986633e+04,-3.023429999999999729e-01,-1.374730000000000119e-01,-4.800280000000000102e-01
1.706704746955633163e+04,-3.680769999999999875e-01,-2.122729999999999895e-01,-5.452780000000000404e-01
1.722095802754163742e+04,-2.985999999999999766e-01,-1.376749999999999918e-01,-4.818799999999999750e-01
1.725550936937332153e+04,-3.630639999999999978e-01,-2.267409999999999981e-01,-5.606480000000000352e-01
1.734345826393365860e+04,-2.951949999999999852e-01,-1.376749999999999918e-01,-4.817049999999999943e-01
1.735288135445117950e+04,-2.313500000000000001e-01,-7.237399999999999389e-02,-4.225119999999999987e-01
1.740941992729902267e+04,-2.313070000000000126e-01,-8.961700000000000221e-02,-4.399319999999999897e-01
1.741570198762416840e+04,-2.313070000000000126e-01,-8.961700000000000221e-02,-4.399319999999999897e-01
1.744397126913070679e+04,-2.313070000000000126e-01,-8.961700000000000221e-02,-4.399319999999999897e-01
1.758217666625976562e+04,-2.313070000000000126e-01,-8.961700000000000221e-02,-4.399319999999999897e-01
1.785230537027120590e+04,-2.946440000000000170e-01,-1.372289999999999899e-01,-4.822609999999999952e-01
1.795595940572023392e+04,-3.011199999999999988e-01,-1.564820000000000100e-01,-5.010999999999999899e-01
1.797166456645727158e+04,-2.995019999999999905e-01,-1.576670000000000016e-01,-5.008519999999999639e-01
1.799051074737310410e+04,-2.995019999999999905e-01,-1.576670000000000016e-01,-5.008519999999999639e-01
1.803448518973588943e+04,-2.995019999999999905e-01,-1.576670000000000016e-01,-5.008519999999999639e-01
1.808788272249698639e+04,-3.650309999999999944e-01,-2.267409999999999981e-01,-5.606480000000000352e-01
1.809416478276252747e+04,-3.650309999999999944e-01,-2.267409999999999981e-01,-5.606480000000000352e-01
1.834858831596374512e+04,-3.650309999999999944e-01,-2.267409999999999981e-01,-5.606480000000000352e-01
1.842711409002542496e+04,-3.630639999999999978e-01,-2.267409999999999981e-01,-5.606480000000000352e-01
1.843967821073532104e+04,-4.286670000000000202e-01,-2.954209999999999892e-01,-6.190520000000000467e-01
1.852762708532810211e+04,-4.279709999999999903e-01,-2.866349999999999731e-01,-6.108050000000000423e-01
1.866897347265481949e+04,-4.271519999999999762e-01,-2.948299999999999810e-01,-6.190820000000000212e-01
1.867839657306671143e+04,-4.271519999999999762e-01,-2.948299999999999810e-01,-6.190820000000000212e-01
1.869410172390937805e+04,-4.882059999999999733e-01,-3.376930000000000209e-01,-6.481170000000000542e-01
1.874435822647809982e+04,-4.217910000000000270e-01,-2.628210000000000268e-01,-5.850379999999999470e-01
1.883858915138244629e+04,-3.553419999999999912e-01,-1.965520000000000045e-01,-5.298850000000000504e-01
1.900192275983095169e+04,-3.553419999999999912e-01,-1.965520000000000045e-01,-5.298850000000000504e-01
1.900506378000974655e+04,-4.217910000000000270e-01,-2.628210000000000268e-01,-5.850379999999999470e-01
1.900820482015609741e+04,-4.882059999999999733e-01,-3.376930000000000209e-01,-6.481170000000000542e-01
1.903647409164905548e+04,-4.217910000000000270e-01,-2.628210000000000268e-01,-5.850379999999999470e-01
1.904589718216657639e+04,-4.217910000000000270e-01,-2.628210000000000268e-01,-5.850379999999999470e-01
1.905217924249172211e+04,-4.882059999999999733e-01,-3.376930000000000209e-01,-6.481170000000000542e-01
1.911814089578390121e+04,-4.882059999999999733e-01,-3.376930000000000209e-01,-6.481170000000000542e-01
1.930032067531347275e+04,-4.882059999999999733e-01,-3.376930000000000209e-01,-6.481170000000000542e-01
1.934429510754346848e+04,-4.881989999999999941e-01,-3.389820000000000055e-01,-6.500270000000000215e-01
1.946679530394077301e+04,-4.881989999999999941e-01,-3.389820000000000055e-01,-6.500270000000000215e-01
1.950448767584562302e+04,-5.522660000000000347e-01,-4.132890000000000175e-01,-7.086430000000000229e-01
1.954218003773689270e+04,-5.522660000000000347e-01,-4.132890000000000175e-01,-7.086430000000000229e-01
1.954532106792926788e+04,-4.860900000000000221e-01,-3.295230000000000103e-01,-6.420839999999999881e-01
1.955788518863916397e+04,-4.860900000000000221e-01,-3.295230000000000103e-01,-6.420839999999999881e-01
1.966468023413419724e+04,-4.860900000000000221e-01,-3.295230000000000103e-01,-6.420839999999999881e-01
1.984686000359058380e+04,-5.503749999999999476e-01,-4.193410000000000193e-01,-7.151359999999999939e-01
1.986570618456602097e+04,-5.503749999999999476e-01,-4.193410000000000193e-01,-7.151359999999999939e-01
1.988455236560106277e+04,-5.404170000000000362e-01,-4.097919999999999896e-01,-7.015109999999999957e-01
1.989711648619174957e+04,-5.404170000000000362e-01,-4.097919999999999896e-01,-7.015109999999999957e-01
1.990339854657649994e+04,-5.404170000000000362e-01,-4.097919999999999896e-01,-7.015109999999999957e-01
2.004788594400882721e+04,-5.404170000000000362e-01,-4.097919999999999896e-01,-7.015109999999999957e-01
2.017666819065809250e+04,-4.753569999999999740e-01,-3.376759999999999762e-01,-6.434670000000000112e-01
2.019237334144115448e+04,-4.753569999999999740e-01,-3.376759999999999762e-01,-6.434670000000000112e-01
2.020179643195867538e+04,-4.745400000000000174e-01,-3.399809999999999777e-01,-6.500209999999999599e-01
2.025205291461944580e+04,-4.112509999999999777e-01,-2.731390000000000207e-01,-5.913829999999999920e-01
2.027089909553527832e+04,-4.112509999999999777e-01,-2.731390000000000207e-01,-5.913829999999999920e-01
2.030230939716100693e+04,-4.122480000000000033e-01,-2.718749999999999778e-01,-5.927299999999999791e-01
2.031487351775169373e+04,-3.479389999999999983e-01,-2.045230000000000103e-01,-5.336490000000000400e-01
2.039968133229017258e+04,-3.479389999999999983e-01,-2.045230000000000103e-01,-5.336490000000000400e-01
2.046250194543600082e+04,-3.479389999999999983e-01,-2.045230000000000103e-01,-5.336490000000000400e-01
2.060384829288721085e+04,-3.449599999999999889e-01,-2.030409999999999993e-01,-5.330740000000000478e-01
2.084884863549470901e+04,-3.479389999999999983e-01,-2.045230000000000103e-01,-5.336490000000000400e-01
2.091481026893854141e+04,-4.122480000000000033e-01,-2.718749999999999778e-01,-5.927299999999999791e-01
2.092109232926368713e+04,-4.122480000000000033e-01,-2.718749999999999778e-01,-5.927299999999999791e-01
2.101532322406768799e+04,-4.122480000000000033e-01,-2.718749999999999778e-01,-5.927299999999999791e-01
2.107814382737874985e+04,-4.765400000000000191e-01,-3.423329999999999984e-01,-6.516170000000000018e-01
2.117237472230195999e+04,-4.765400000000000191e-01,-3.423329999999999984e-01,-6.516170000000000018e-01
2.120692604410648346e+04,-4.811810000000000254e-01,-3.396299999999999875e-01,-6.547460000000000502e-01
2.144564431643486023e+04,-4.811810000000000254e-01,-3.396299999999999875e-01,-6.547460000000000502e-01
2.145192637670040131e+04,-4.152739999999999765e-01,-2.691140000000000199e-01,-5.982950000000000212e-01
2.154615727162361145e+04,-4.811810000000000254e-01,-3.396299999999999875e-01,-6.547460000000000502e-01
2.155872139227390289e+04,-4.811810000000000254e-01,-3.396299999999999875e-01,-6.547460000000000502e-01
2.160583683472871780e+04,-4.811810000000000254e-01,-3.396299999999999875e-01,-6.547460000000000502e-01
2.168122154861688614e+04,-5.459589999999999721e-01,-4.152959999999999985e-01,-7.152009999999999756e-01
2.174404214185476303e+04,-6.094819999999999682e-01,-4.856790000000000274e-01,-7.679859999999999465e-01
2.179115757435560226e+04,-6.094819999999999682e-01,-4.856790000000000274e-01,-7.679859999999999465e-01
2.180372170490026474e+04,-6.099250000000000504e-01,-4.861929999999999863e-01,-7.678620000000000445e-01
2.182884993624687195e+04,-6.099250000000000504e-01,-4.861929999999999863e-01,-7.678620000000000445e-01
2.183199096643924713e+04,-6.099250000000000504e-01,-4.861929999999999863e-01,-7.678620000000000445e-01
2.199218347477912903e+04,-5.457889999999999686e-01,-4.190729999999999733e-01,-7.152009999999999756e-01
2.200474759536981583e+04,-5.457889999999999686e-01,-4.190729999999999733e-01,-7.152009999999999756e-01
2.202673479658365250e+04,-4.808209999999999984e-01,-3.439749999999999752e-01,-6.548019999999999952e-01
2.213352980208396912e+04,-4.808209999999999984e-01,-3.439749999999999752e-01,-6.548019999999999952e-01
2.255756877398490906e+04,-5.457889999999999686e-01,-4.190729999999999733e-01,-7.152009999999999756e-01
2.267378685003519058e+04,-6.099250000000000504e-01,-4.861929999999999863e-01,-7.678620000000000445e-01
2.274917155396938324e+04,-5.459589999999999721e-01,-4.152959999999999985e-01,-7.152009999999999756e-01
2.291564610260725021e+04,-6.094819999999999682e-01,-4.856790000000000274e-01,-7.679859999999999465e-01
2.292821022319793701e+04,-6.094819999999999682e-01,-4.856790000000000274e-01,-7.679859999999999465e-01
2.296904359531402588e+04,-5.437389999999999723e-01,-4.173379999999999868e-01,-7.098959999999999715e-01
2.297532565563917160e+04,-6.086859999999999493e-01,-4.908009999999999873e-01,-7.675710000000000033e-01
2.298160771596431732e+04,-5.436389999999999834e-01,-4.190619999999999901e-01,-7.098959999999999715e-01
2.305385138970613480e+04,-5.436389999999999834e-01,-4.190619999999999901e-01,-7.098959999999999715e-01
2.307583859086036682e+04,-6.045399999999999663e-01,-4.885059999999999958e-01,-7.685769999999999547e-01
2.320147974741458893e+04,-6.045399999999999663e-01,-4.885059999999999958e-01,-7.685769999999999547e-01
2.326430033069849014e+04,-6.046160000000000423e-01,-4.752970000000000250e-01,-7.547970000000000512e-01
2.333340297418832779e+04,-6.046160000000000423e-01,-4.752970000000000250e-01,-7.547970000000000512e-01
2.333968503457307816e+04,-5.392930000000000224e-01,-4.055779999999999941e-01,-7.016480000000000494e-01
2.336795428603887558e+04,-5.392930000000000224e-01,-4.055779999999999941e-01,-7.016480000000000494e-01
2.347474927151203156e+04,-5.392930000000000224e-01,-4.055779999999999941e-01,-7.016480000000000494e-01
2.349045442241430283e+04,-4.745400000000000174e-01,-3.399809999999999777e-01,-6.500209999999999599e-01
2.370090336322784424e+04,-4.745400000000000174e-01,-3.399809999999999777e-01,-6.500209999999999599e-01
2.377000599682331085e+04,-4.745400000000000174e-01,-3.399809999999999777e-01,-6.500209999999999599e-01
2.383282657015323639e+04,-4.103870000000000018e-01,-2.686149999999999927e-01,-5.903519999999999879e-01
2.396160875672101974e+04,-4.091659999999999742e-01,-2.681990000000000207e-01,-5.909029999999999561e-01
2.400244212883710861e+04,-4.091659999999999742e-01,-2.681990000000000207e-01,-5.909029999999999561e-01
2.407154476249217987e+04,-4.091659999999999742e-01,-2.681990000000000207e-01,-5.909029999999999561e-01
2.408410887306928635e+04,-4.086139999999999772e-01,-2.593110000000000137e-01,-5.821960000000000468e-01
2.428513471347093582e+04,-4.086139999999999772e-01,-2.593110000000000137e-01,-5.821960000000000468e-01
2.437308351808786392e+04,-4.091659999999999742e-01,-2.681990000000000207e-01,-5.909029999999999561e-01
2.450500671482086182e+04,-4.091659999999999742e-01,-2.681990000000000207e-01,-5.909029999999999561e-01
2.451757082563638687e+04,-3.447899999999999854e-01,-1.996829999999999994e-01,-5.320810000000000262e-01
2.459295550954341888e+04,-3.447899999999999854e-01,-1.996829999999999994e-01,-5.320810000000000262e-01
2.459923757976293564e+04,-3.447899999999999854e-01,-1.996829999999999994e-01,-5.320810000000000262e-01
2.472801974648237228e+04,-3.437990000000000212e-01,-1.980540000000000078e-01,-5.312029999999999808e-01
2.481282751089334488e+04,-3.437990000000000212e-01,-1.980540000000000078e-01,-5.312029999999999808e-01
2.487878911429643631e+04,-3.437990000000000212e-01,-1.980540000000000078e-01,-5.312029999999999808e-01
2.491334042614698410e+04,-3.437990000000000212e-01,-1.980540000000000078e-01,-5.312029999999999808e-01
2.492904556685686111e+04,-3.437990000000000212e-01,-1.980540000000000078e-01,-5.312029999999999808e-01
2.494789173781871796e+04,-2.803749999999999853e-01,-1.339859999999999940e-01,-4.757819999999999827e-01
2.495731482833623886e+04,-2.803749999999999853e-01,-1.339859999999999940e-01,-4.757819999999999827e-01
2.502955848205089569e+04,-3.459459999999999757e-01,-2.010750000000000037e-01,-5.325600000000000334e-01
2.510494315600395203e+04,-3.459459999999999757e-01,-2.010750000000000037e-01,-5.325600000000000334e-01
2.513007138729095459e+04,-4.134979999999999767e-01,-2.633389999999999898e-01,-5.812460000000000404e-01
2.515519960862398148e+04,-4.177049999999999930e-01,-2.627140000000000031e-01,-5.844260000000000010e-01
2.516776372927427292e+04,-3.523899999999999810e-01,-1.935860000000000081e-01,-5.237020000000000008e-01
2.518346886014938354e+04,-4.177049999999999930e-01,-2.627140000000000031e-01,-5.844260000000000010e-01
2.524314841312170029e+04,-3.557460000000000067e-01,-1.991209999999999924e-01,-5.322230000000000016e-01
2.533737925803661346e+04,-3.557460000000000067e-01,-1.991209999999999924e-01,-5.322230000000000016e-01
2.542532805258035660e+04,-4.212500000000000133e-01,-2.672910000000000008e-01,-5.915859999999999452e-01
2.545045627391338348e+04,-4.212500000000000133e-01,-2.672910000000000008e-01,-5.915859999999999452e-01
2.547558450520038605e+04,-4.212500000000000133e-01,-2.672910000000000008e-01,-5.915859999999999452e-01
2.548814861583709717e+04,-4.865979999999999750e-01,-3.478740000000000165e-01,-6.594189999999999774e-01
2.555096917915344238e+04,-4.865979999999999750e-01,-3.478740000000000165e-01,-6.594189999999999774e-01
2.556039226955175400e+04,-4.865979999999999750e-01,-3.478740000000000165e-01,-6.594189999999999774e-01
2.559808461141586304e+04,-4.832960000000000034e-01,-3.297289999999999943e-01,-6.390249999999999542e-01
2.562007180267572403e+04,-4.865979999999999750e-01,-3.478740000000000165e-01,-6.594189999999999774e-01
2.564520002400875092e+04,-4.865979999999999750e-01,-3.478740000000000165e-01,-6.594189999999999774e-01
2.576770013028383255e+04,-4.865979999999999750e-01,-3.478740000000000165e-01,-6.594189999999999774e-01
2.595930284023284912e+04,-4.879830000000000001e-01,-3.553290000000000060e-01,-6.651510000000000478e-01
2.617917481166124344e+04,-4.879830000000000001e-01,-3.553290000000000060e-01,-6.651510000000000478e-01
2.624513640499114990e+04,-4.879830000000000001e-01,-3.553290000000000060e-01,-6.651510000000000478e-01
2.624827742522954941e+04,-4.879830000000000001e-01,-3.553290000000000060e-01,-6.651510000000000478e-01
2.628282873702049255e+04,-5.529420000000000446e-01,-4.210139999999999993e-01,-7.146069999999999922e-01
2.639590574288368225e+04,-5.529420000000000446e-01,-4.210139999999999993e-01,-7.146069999999999922e-01
2.640846985352039337e+04,-5.550589999999999691e-01,-4.190729999999999733e-01,-7.128370000000000539e-01
2.646500835651159286e+04,-6.191079999999999917e-01,-4.927469999999999906e-01,-7.708469999999999489e-01
2.667231620711088181e+04,-5.552899999999999503e-01,-4.210760000000000058e-01,-7.151939999999999964e-01
2.667545722728967667e+04,-5.550589999999999691e-01,-4.190729999999999733e-01,-7.128370000000000539e-01
2.668488030785322189e+04,-5.550589999999999691e-01,-4.190729999999999733e-01,-7.128370000000000539e-01
2.677597012251615524e+04,-6.170219999999999594e-01,-4.927599999999999758e-01,-7.725760000000000405e-01
2.682308554494380951e+04,-6.170219999999999594e-01,-4.927599999999999758e-01,-7.725760000000000405e-01
2.696757282239198685e+04,-6.170219999999999594e-01,-4.927599999999999758e-01,-7.725760000000000405e-01
2.699584207385778427e+04,-5.531500000000000306e-01,-4.184910000000000019e-01,-7.139750000000000263e-01
2.709635495913028717e+04,-5.523599999999999621e-01,-3.949079999999999813e-01,-6.933169999999999611e-01
2.724398326677083969e+04,-5.503749999999999476e-01,-4.193410000000000193e-01,-7.151359999999999939e-01
2.725654736751317978e+04,-5.531500000000000306e-01,-4.184910000000000019e-01,-7.139750000000000263e-01
2.726597045791149139e+04,-5.531500000000000306e-01,-4.184910000000000019e-01,-7.139750000000000263e-01
2.728795764905214310e+04,-5.531500000000000306e-01,-4.184910000000000019e-01,-7.139750000000000263e-01
2.731936793065071106e+04,-5.562859999999999472e-01,-4.219769999999999910e-01,-7.204009999999999581e-01
2.748270136916637421e+04,-5.562859999999999472e-01,-4.219769999999999910e-01,-7.204009999999999581e-01
2.759263733488321304e+04,-5.523599999999999621e-01,-3.949079999999999813e-01,-6.933169999999999611e-01
2.761462453597784042e+04,-5.523599999999999621e-01,-3.949079999999999813e-01,-6.933169999999999611e-01
2.772456049168109894e+04,-5.560580000000000522e-01,-4.132890000000000175e-01,-7.096930000000000183e-01
2.814231715339422226e+04,-4.911070000000000157e-01,-3.404889999999999861e-01,-6.513200000000000101e-01
2.841244550740718842e+04,-4.257989999999999831e-01,-2.758479999999999821e-01,-5.994140000000000024e-01
2.848468914109468460e+04,-4.911070000000000157e-01,-3.404889999999999861e-01,-6.513200000000000101e-01
2.851609942269325256e+04,-5.522660000000000347e-01,-4.132890000000000175e-01,-7.086430000000000229e-01
2.856007380491495132e+04,-5.560580000000000522e-01,-4.132890000000000175e-01,-7.096930000000000183e-01
2.875167646491527557e+04,-5.560580000000000522e-01,-4.132890000000000175e-01,-7.096930000000000183e-01
2.883648420929908752e+04,-5.588039999999999674e-01,-4.118769999999999931e-01,-7.106569999999999832e-01
2.912231768411397934e+04,-4.936420000000000252e-01,-3.385850000000000248e-01,-6.518730000000000357e-01
2.920084336817264557e+04,-4.957570000000000032e-01,-3.404889999999999861e-01,-6.548349999999999449e-01
2.926994596177339554e+04,-4.935080000000000022e-01,-3.405340000000000034e-01,-6.548349999999999449e-01
2.937045882695913315e+04,-4.279709999999999903e-01,-2.866349999999999731e-01,-6.108050000000000423e-01
2.956206148684024811e+04,-4.278859999999999886e-01,-2.833169999999999855e-01,-6.085230000000000361e-01
2.982904878079891205e+04,-4.945559999999999956e-01,-3.559820000000000206e-01,-6.720000000000000417e-01
2.992013856542110443e+04,-4.925080000000000013e-01,-3.408780000000000143e-01,-6.548349999999999449e-01
2.992956165587902069e+04,-4.925080000000000013e-01,-3.408780000000000143e-01,-6.548349999999999449e-01
2.999866423946619034e+04,-4.925080000000000013e-01,-3.408780000000000143e-01,-6.548349999999999449e-01
3.003007452106475830e+04,-4.278859999999999886e-01,-2.833169999999999855e-01,-6.085230000000000361e-01
3.005834376251697540e+04,-4.278859999999999886e-01,-2.833169999999999855e-01,-6.085230000000000361e-01
3.008033094376325607e+04,-3.623580000000000134e-01,-2.181680000000000008e-01,-5.510260000000000158e-01
3.016827969831228256e+04,-4.279709999999999903e-01,-2.866349999999999731e-01,-6.108050000000000423e-01
3.029392076486349106e+04,-4.279709999999999903e-01,-2.866349999999999731e-01,-6.108050000000000423e-01
3.035360028785467148e+04,-4.279709999999999903e-01,-2.866349999999999731e-01,-6.108050000000000423e-01
3.038501054954528809e+04,-4.243270000000000097e-01,-2.650620000000000198e-01,-5.883089999999999709e-01
3.057661318939924240e+04,-4.243270000000000097e-01,-2.650620000000000198e-01,-5.883089999999999709e-01
3.063943372267484665e+04,-4.243270000000000097e-01,-2.650620000000000198e-01,-5.883089999999999709e-01
3.064571578299999237e+04,-4.892159999999999842e-01,-3.404159999999999964e-01,-6.519279999999999520e-01
3.070539529609680176e+04,-4.274609999999999799e-01,-2.952649999999999997e-01,-6.190890000000000004e-01
3.077135685950517654e+04,-4.304850000000000065e-01,-2.833169999999999855e-01,-6.087409999999999766e-01
3.091584408706426620e+04,-3.678879999999999928e-01,-2.252109999999999945e-01,-5.575539999999999941e-01
3.095667743909358978e+04,-3.019970000000000154e-01,-1.564820000000000100e-01,-4.982300000000000062e-01
3.096295947945117950e+04,-3.019970000000000154e-01,-1.564820000000000100e-01,-4.982300000000000062e-01
3.103834413331747055e+04,-2.997630000000000017e-01,-1.510930000000000051e-01,-4.953299999999999925e-01
3.106033131450414658e+04,-3.662460000000000160e-01,-2.256970000000000087e-01,-5.603029999999999955e-01
3.106661337476968765e+04,-4.327639999999999820e-01,-2.955030000000000157e-01,-6.214480000000000004e-01
3.110744671690464020e+04,-4.330590000000000273e-01,-2.935220000000000051e-01,-6.192800000000000527e-01
3.112001082760095596e+04,-4.330590000000000273e-01,-2.935220000000000051e-01,-6.192800000000000527e-01
3.113257493817806244e+04,-4.302949999999999831e-01,-2.936219999999999941e-01,-6.190890000000000004e-01
3.117654930055141449e+04,-4.302949999999999831e-01,-2.936219999999999941e-01,-6.190890000000000004e-01
3.122680572319030762e+04,-4.278859999999999886e-01,-2.833169999999999855e-01,-6.085230000000000361e-01
3.124251086390018463e+04,-4.945559999999999956e-01,-3.559820000000000206e-01,-6.720000000000000417e-01
3.137129296064376831e+04,-4.945559999999999956e-01,-3.559820000000000206e-01,-6.720000000000000417e-01
3.156289558047056198e+04,-4.947980000000000156e-01,-3.574499999999999900e-01,-6.726739999999999942e-01
3.171680588847398758e+04,-5.616809999999999858e-01,-4.391909999999999981e-01,-7.415829999999999922e-01
3.206860085672140121e+04,-5.591129999999999711e-01,-4.359979999999999967e-01,-7.382180000000000408e-01
3.208430599749088287e+04,-4.923500000000000099e-01,-3.385850000000000248e-01,-6.518730000000000357e-01
3.219738294345140457e+04,-4.905260000000000176e-01,-3.327649999999999775e-01,-6.482090000000000352e-01
3.221622910439968109e+04,-4.905260000000000176e-01,-3.327649999999999775e-01,-6.482090000000000352e-01
3.223193423521518707e+04,-5.573489999999999833e-01,-4.121650000000000036e-01,-7.123230000000000395e-01
3.236385734206438065e+04,-6.206690000000000262e-01,-5.107429999999999470e-01,-7.963289999999999536e-01
3.245494711667299271e+04,-5.592559999999999754e-01,-4.356019999999999892e-01,-7.389569999999999750e-01
3.246751120740175247e+04,-5.592559999999999754e-01,-4.356019999999999892e-01,-7.389569999999999750e-01
3.261513946503400803e+04,-5.592559999999999754e-01,-4.356019999999999892e-01,-7.389569999999999750e-01
3.273763948136568069e+04,-5.592559999999999754e-01,-4.356019999999999892e-01,-7.389569999999999750e-01
3.275648564231395721e+04,-6.223589999999999955e-01,-5.095340000000000424e-01,-7.971620000000000372e-01
3.282244719582796097e+04,-5.592559999999999754e-01,-4.356019999999999892e-01,-7.389569999999999750e-01
3.306116519808769226e+04,-5.579960000000000475e-01,-4.130770000000000275e-01,-7.161859999999999893e-01
3.310199853026866913e+04,-4.925080000000000013e-01,-3.408780000000000143e-01,-6.548349999999999449e-01
3.328103701961040497e+04,-4.910809999999999897e-01,-3.396330000000000182e-01,-6.518119999999999470e-01
3.329360114014148712e+04,-4.883580000000000143e-01,-3.389820000000000055e-01,-6.480550000000000477e-01
3.332501139181852341e+04,-4.892159999999999842e-01,-3.404159999999999964e-01,-6.519279999999999520e-01
3.334071653258800507e+04,-4.819089999999999763e-01,-3.389820000000000055e-01,-6.453839999999999577e-01
3.335956268364191055e+04,-5.482010000000000494e-01,-4.171480000000000188e-01,-7.106909999999999616e-01
3.344437039798498154e+04,-4.882059999999999733e-01,-3.376930000000000209e-01,-6.481170000000000542e-01
3.357943451499938965e+04,-4.882059999999999733e-01,-3.376930000000000209e-01,-6.481170000000000542e-01
3.367052427965402603e+04,-4.882059999999999733e-01,-3.376930000000000209e-01,-6.481170000000000542e-01
3.377731916517019272e+04,-4.882059999999999733e-01,-3.376930000000000209e-01,-6.481170000000000542e-01
3.400347304695844650e+04,-4.899319999999999786e-01,-3.396330000000000182e-01,-6.505549999999999944e-01
3.401289612740278244e+04,-4.243270000000000097e-01,-2.650620000000000198e-01,-5.883089999999999709e-01
3.402860125827789307e+04,-4.243270000000000097e-01,-2.650620000000000198e-01,-5.883089999999999709e-01
3.403488330858945847e+04,-4.243270000000000097e-01,-2.650620000000000198e-01,-5.883089999999999709e-01
3.435840898537635803e+04,-4.243270000000000097e-01,-2.650620000000000198e-01,-5.883089999999999709e-01
3.438039616650342941e+04,-4.257989999999999831e-01,-2.758479999999999821e-01,-5.994140000000000024e-01
3.445578080034255981e+04,-4.239729999999999888e-01,-2.554159999999999764e-01,-5.810370000000000257e-01
3.449975515270233154e+04,-4.239729999999999888e-01,-2.554159999999999764e-01,-5.810370000000000257e-01
3.461911414885520935e+04,-4.239729999999999888e-01,-2.554159999999999764e-01,-5.810370000000000257e-01
3.471648594391345978e+04,-3.587529999999999886e-01,-2.145120000000000082e-01,-5.500720000000000054e-01
3.476674236649274826e+04,-4.239729999999999888e-01,-2.554159999999999764e-01,-5.810370000000000257e-01
3.494263981562852859e+04,-4.259629999999999805e-01,-2.539129999999999998e-01,-5.810110000000000552e-01
3.496148597657680511e+04,-4.259629999999999805e-01,-2.539129999999999998e-01,-5.810110000000000552e-01
3.498347314774990082e+04,-4.315459999999999852e-01,-2.954689999999999817e-01,-6.215309999999999446e-01
3.499603725838661194e+04,-4.301820000000000088e-01,-2.875650000000000150e-01,-6.089639999999999498e-01
3.533212702578306198e+04,-4.911960000000000215e-01,-3.388200000000000101e-01,-6.494900000000000118e-01
3.546405011260509491e+04,-5.559260000000000312e-01,-4.041219999999999812e-01,-6.983979999999999633e-01
3.547661421322822571e+04,-5.588980000000000059e-01,-4.021509999999999807e-01,-6.980880000000000418e-01
3.553315267622470856e+04,-4.946340000000000181e-01,-3.263699999999999934e-01,-6.374419999999999531e-01
3.557712703841924667e+04,-4.293130000000000002e-01,-2.556780000000000164e-01,-5.814550000000000551e-01
3.568392191392183304e+04,-4.293130000000000002e-01,-2.556780000000000164e-01,-5.814550000000000551e-01
3.569648601472377777e+04,-4.253299999999999859e-01,-2.690449999999999786e-01,-5.928269999999999929e-01
3.581270397067070007e+04,-4.911960000000000215e-01,-3.388200000000000101e-01,-6.494900000000000118e-01
3.584411422234773636e+04,-4.947469999999999923e-01,-3.478609999999999758e-01,-6.564609999999999612e-01
3.585039627265930176e+04,-4.947469999999999923e-01,-3.478609999999999758e-01,-6.564609999999999612e-01
3.598231935942173004e+04,-5.550589999999999691e-01,-4.190729999999999733e-01,-7.128370000000000539e-01
3.615821678858995438e+04,-6.176719999999999988e-01,-4.934100000000000152e-01,-7.708199999999999497e-01
3.622731936210393906e+04,-6.170219999999999594e-01,-4.927599999999999758e-01,-7.725760000000000405e-01
3.623988345289230347e+04,-6.815189999999999859e-01,-5.810260000000000424e-01,-8.385880000000000001e-01
3.627129371440410614e+04,-6.815189999999999859e-01,-5.810260000000000424e-01,-8.385880000000000001e-01
3.633725525784492493e+04,-6.170670000000000321e-01,-5.074480000000000102e-01,-7.874020000000000463e-01
3.645347320389747620e+04,-5.531500000000000306e-01,-4.184910000000000019e-01,-7.139750000000000263e-01
3.679898602175712585e+04,-4.865979999999999750e-01,-3.478740000000000165e-01,-6.594189999999999774e-01
3.709110138690471649e+04,-5.505409999999999471e-01,-4.190619999999999901e-01,-7.158259999999999623e-01
3.723558856439590454e+04,-5.505409999999999471e-01,-4.190619999999999901e-01,-7.158259999999999623e-01
3.737693471169471741e+04,-5.505409999999999471e-01,-4.190619999999999901e-01,-7.158259999999999623e-01
3.748058854711055756e+04,-5.488290000000000113e-01,-4.174809999999999910e-01,-7.106909999999999616e-01
3.784808851617574692e+04,-5.493299999999999850e-01,-4.184510000000000174e-01,-7.132549999999999724e-01
3.799885774397850037e+04,-5.493299999999999850e-01,-4.184510000000000174e-01,-7.132549999999999724e-01
3.811507567989826202e+04,-5.493299999999999850e-01,-4.184510000000000174e-01,-7.132549999999999724e-01
3.820302439445257187e+04,-5.493299999999999850e-01,-4.184510000000000174e-01,-7.132549999999999724e-01
3.822501156568527222e+04,-5.493299999999999850e-01,-4.184510000000000174e-01,-7.132549999999999724e-01
3.835693463242053986e+04,-5.522660000000000347e-01,-4.132890000000000175e-01,-7.086430000000000229e-01
3.836321668279170990e+04,-4.830740000000000034e-01,-3.354110000000000147e-01,-6.437979999999999814e-01
3.838834488409757614e+04,-4.830740000000000034e-01,-3.354110000000000147e-01,-6.437979999999999814e-01
3.841347308540344238e+04,-4.178189999999999960e-01,-2.625790000000000068e-01,-5.813169999999999726e-01
3.859879358500242233e+04,-4.178189999999999960e-01,-2.625790000000000068e-01,-5.813169999999999726e-01
3.874328073251247406e+04,-3.518009999999999748e-01,-1.858499999999999874e-01,-5.152900000000000258e-01
3.875898586338758469e+04,-3.518009999999999748e-01,-1.858499999999999874e-01,-5.152900000000000258e-01
3.888462686985731125e+04,-3.567379999999999995e-01,-1.857620000000000104e-01,-5.197770000000000445e-01
3.923328066790103912e+04,-4.212989999999999791e-01,-2.554830000000000156e-01,-5.782310000000000505e-01
3.953481908345222473e+04,-4.212989999999999791e-01,-2.554830000000000156e-01,-5.782310000000000505e-01
3.984578055965900421e+04,-4.860900000000000221e-01,-3.295230000000000103e-01,-6.420839999999999881e-01
4.004366514986753464e+04,-4.881989999999999941e-01,-3.389820000000000055e-01,-6.500270000000000215e-01
4.010648564314842224e+04,-4.881989999999999941e-01,-3.389820000000000055e-01,-6.500270000000000215e-01
4.025411382079124451e+04,-4.860900000000000221e-01,-3.295230000000000103e-01,-6.420839999999999881e-01
4.040802404874563217e+04,-5.522660000000000347e-01,-4.132890000000000175e-01,-7.086430000000000229e-01
4.052424197471141815e+04,-5.522660000000000347e-01,-4.132890000000000175e-01,-7.086430000000000229e-01
4.060590862894058228e+04,-4.881989999999999941e-01,-3.389820000000000055e-01,-6.500270000000000215e-01
4.072526756519079208e+04,-4.830740000000000034e-01,-3.354110000000000147e-01,-6.437979999999999814e-01
4.094199829638004303e+04,-4.830740000000000034e-01,-3.354110000000000147e-01,-6.437979999999999814e-01
4.103308801114559174e+04,-4.167489999999999806e-01,-2.637010000000000187e-01,-5.812140000000000084e-01
4.157334428906440735e+04,-4.167489999999999806e-01,-2.637010000000000187e-01,-5.812140000000000084e-01
4.166757503390312195e+04,-4.214589999999999725e-01,-2.625790000000000068e-01,-5.852579999999999449e-01
4.212616464775800705e+04,-4.882059999999999733e-01,-3.376930000000000209e-01,-6.481170000000000542e-01
4.227065178525447845e+04,-4.882059999999999733e-01,-3.376930000000000209e-01,-6.481170000000000542e-01
4.230520306694507599e+04,-4.882059999999999733e-01,-3.376930000000000209e-01,-6.481170000000000542e-01
4.245911327493190765e+04,-4.198600000000000110e-01,-2.650620000000000198e-01,-5.880450000000000399e-01
4.278263881170749664e+04,-4.239919999999999800e-01,-2.862520000000000064e-01,-6.097709999999999519e-01
4.292398492902517319e+04,-4.186119999999999841e-01,-2.628210000000000268e-01,-5.853699999999999459e-01
4.294911311048269272e+04,-3.531050000000000022e-01,-1.969569999999999932e-01,-5.297739999999999672e-01
4.306847205656766891e+04,-3.551190000000000180e-01,-2.183769999999999878e-01,-5.510260000000000158e-01
4.322238226455450058e+04,-3.531960000000000099e-01,-2.179530000000000078e-01,-5.513850000000000140e-01
4.350507446920871735e+04,-4.326780000000000070e-01,-2.835529999999999995e-01,-6.088459999999999983e-01
4.353334370058774948e+04,-3.622150000000000092e-01,-2.184210000000000040e-01,-5.511829999999999785e-01
4.370295902937650681e+04,-4.281880000000000130e-01,-2.835529999999999995e-01,-6.080290000000000417e-01
4.375635644215345383e+04,-3.639760000000000217e-01,-2.151079999999999937e-01,-5.510260000000000158e-01
4.386315127766132355e+04,-4.317030000000000034e-01,-2.833999999999999853e-01,-6.100119999999999987e-01
4.409244606959819794e+04,-3.639760000000000217e-01,-2.151079999999999937e-01,-5.510260000000000158e-01
4.433744597232341766e+04,-3.639760000000000217e-01,-2.151079999999999937e-01,-5.510260000000000158e-01
4.438142032456398010e+04,-2.965369999999999950e-01,-1.493619999999999948e-01,-4.963850000000000207e-01
4.443481773734092712e+04,-2.341169999999999918e-01,-6.797899999999999776e-02,-4.222460000000000102e-01
4.449449719047546387e+04,-2.341169999999999918e-01,-6.797899999999999776e-02,-4.222460000000000102e-01
4.612154783469438553e+04,-2.341169999999999918e-01,-6.797899999999999776e-02,-4.222460000000000102e-01
4.661468864035606384e+04,-2.324150000000000105e-01,-6.614100000000000534e-02,-4.221829999999999750e-01
4.732456011706590652e+04,-2.341169999999999918e-01,-6.797899999999999776e-02,-4.222460000000000102e-01
4.822603403377532959e+04,-1.671310000000000018e-01,-1.978500000000000050e-02,-3.805999999999999939e-01
4.895789266157150269e+04,-1.694370000000000043e-01,-1.968599999999999864e-02,-3.802059999999999884e-01
5.148013487231731415e+04,-1.724009999999999987e-01,-1.968599999999999864e-02,-3.797880000000000145e-01
5.185077568149566650e+04,-1.720760000000000067e-01,-1.977399999999999991e-02,-3.811530000000000196e-01
5.186333978217840195e+04,-2.372829999999999939e-01,-6.787200000000000177e-02,-4.226260000000000017e-01
5.199526278895139694e+04,-2.393450000000000022e-01,-8.421599999999999919e-02,-4.409830000000000139e-01
5.213660885632038116e+04,-2.393450000000000022e-01,-8.421599999999999919e-02,-4.409830000000000139e-01
5.213974987649917603e+04,-3.043770000000000087e-01,-1.508549999999999891e-01,-4.979109999999999925e-01
5.221199343025684357e+04,-3.710200000000000164e-01,-2.250080000000000136e-01,-5.623080000000000300e-01
5.224340365195274353e+04,-3.708029999999999937e-01,-2.088369999999999949e-01,-5.488560000000000105e-01
5.265173676294088364e+04,-3.053469999999999795e-01,-1.488430000000000031e-01,-5.001440000000000330e-01
5.286846739423274994e+04,-3.044149999999999912e-01,-1.487179999999999891e-01,-5.002969999999999917e-01
5.288103149485588074e+04,-2.397990000000000121e-01,-6.363800000000000012e-02,-4.221829999999999750e-01
5.331449276739358902e+04,-2.405710000000000071e-01,-6.316199999999999593e-02,-4.226559999999999762e-01
5.343071065330505371e+04,-2.380369999999999986e-01,-6.467699999999999838e-02,-4.229700000000000126e-01
5.343699268376827240e+04,-1.698860000000000092e-01,6.876000000000000167e-03,-3.581090000000000106e-01
5.361917207312583923e+04,-2.367809999999999915e-01,-6.326299999999999979e-02,-4.221829999999999750e-01
5.365058230477571487e+04,-2.420869999999999966e-01,-8.759200000000000319e-02,-4.427220000000000044e-01
5.390186419785022736e+04,-2.436629999999999907e-01,-8.800499999999999989e-02,-4.421109999999999762e-01
5.393641544967889786e+04,-2.341969999999999885e-01,-7.734299999999999509e-02,-4.270880000000000232e-01
5.425679988610744476e+04,-3.025070000000000259e-01,-1.507809999999999984e-01,-4.929769999999999985e-01
5.426308192640542984e+04,-3.025070000000000259e-01,-1.507809999999999984e-01,-4.929769999999999985e-01
5.428821010780334473e+04,-3.689379999999999882e-01,-2.242689999999999961e-01,-5.563179999999999792e-01
5.439500491333007812e+04,-3.689379999999999882e-01,-2.242689999999999961e-01,-5.563179999999999792e-01
5.516769673341512680e+04,-4.363110000000000044e-01,-2.833169999999999855e-01,-6.070020000000000415e-01
5.549750421047210693e+04,-4.363110000000000044e-01,-2.833169999999999855e-01,-6.070020000000000415e-01
5.571423484158515930e+04,-5.016519999999999868e-01,-3.607380000000000031e-01,-6.743630000000000457e-01
5.631731137281656265e+04,-5.656050000000000244e-01,-4.366079999999999961e-01,-7.348949999999999649e-01
5.648692664170265198e+04,-4.984609999999999874e-01,-3.619660000000000100e-01,-6.730310000000000459e-01
5.652461891371011734e+04,-5.656050000000000244e-01,-4.366079999999999961e-01,-7.348949999999999649e-01
5.684500332021713257e+04,-4.973270000000000191e-01,-3.656079999999999885e-01,-6.750420000000000309e-01
5.745122085171937943e+04,-4.311360000000000192e-01,-2.876830000000000220e-01,-6.088759999999999728e-01
5.757057974779605865e+04,-4.311360000000000192e-01,-2.876830000000000220e-01,-6.088759999999999728e-01
5.787211800348758698e+04,-4.275889999999999969e-01,-2.878220000000000223e-01,-6.110409999999999453e-01
5.796320768809318542e+04,-4.300340000000000273e-01,-2.956860000000000044e-01,-6.190499999999999892e-01
5.862282261234521866e+04,-3.597659999999999747e-01,-2.200570000000000026e-01,-5.512390000000000345e-01
5.890865574717521667e+04,-3.597659999999999747e-01,-2.200570000000000026e-01,-5.512390000000000345e-01
5.901545054268836975e+04,-3.602520000000000167e-01,-2.192999999999999949e-01,-5.515999999999999792e-01
5.909711714696884155e+04,-3.602520000000000167e-01,-2.192999999999999949e-01,-5.515999999999999792e-01
5.954628350019454956e+04,-2.935090000000000199e-01,-1.543829999999999925e-01,-4.956079999999999930e-01
5.958083476191759109e+04,-2.935090000000000199e-01,-1.543829999999999925e-01,-4.956079999999999930e-01
5.972218081927299500e+04,-3.606750000000000234e-01,-2.217300000000000104e-01,-5.564160000000000217e-01
5.972532183945178986e+04,-3.612679999999999780e-01,-2.252109999999999945e-01,-5.593920000000000003e-01
5.973474489998817444e+04,-3.587529999999999886e-01,-1.969569999999999932e-01,-5.298850000000000504e-01
6.004570622599124908e+04,-4.217910000000000270e-01,-2.628210000000000268e-01,-5.850379999999999470e-01
6.005198827630281448e+04,-4.882059999999999733e-01,-3.376930000000000209e-01,-6.481170000000000542e-01
6.040378288459777832e+04,-4.892159999999999842e-01,-3.404159999999999964e-01,-6.519279999999999520e-01
6.046032130759954453e+04,-4.882059999999999733e-01,-3.376930000000000209e-01,-6.481170000000000542e-01
6.072102625101804733e+04,-4.882059999999999733e-01,-3.376930000000000209e-01,-6.481170000000000542e-01
6.083096206665039062e+04,-4.214589999999999725e-01,-2.625790000000000068e-01,-5.852579999999999449e-01
6.087807741916179657e+04,-4.178189999999999960e-01,-2.625790000000000068e-01,-5.813169999999999726e-01
6.089064151978492737e+04,-4.214589999999999725e-01,-2.625790000000000068e-01,-5.852579999999999449e-01
6.091891072124242783e+04,-4.236770000000000258e-01,-2.681520000000000015e-01,-5.920450000000000434e-01
6.093775686216354370e+04,-4.236770000000000258e-01,-2.681520000000000015e-01,-5.920450000000000434e-01
6.122044896686077118e+04,-4.236770000000000258e-01,-2.681520000000000015e-01,-5.920450000000000434e-01
6.123615407770872116e+04,-4.212989999999999791e-01,-2.554830000000000156e-01,-5.782310000000000505e-01
6.131153864163160324e+04,-4.212989999999999791e-01,-2.554830000000000156e-01,-5.782310000000000505e-01
6.132724376237392426e+04,-4.212989999999999791e-01,-2.554830000000000156e-01,-5.782310000000000505e-01
6.135865398406982422e+04,-3.606690000000000174e-01,-1.982790000000000108e-01,-5.298239999999999617e-01
6.136179501420259476e+04,-2.959820000000000229e-01,-1.389960000000000084e-01,-4.798419999999999908e-01
6.149057697093486786e+04,-2.959820000000000229e-01,-1.389960000000000084e-01,-4.798419999999999908e-01
6.176698702520132065e+04,-2.313070000000000126e-01,-8.143300000000000538e-02,-4.273750000000000049e-01
6.183923055893182755e+04,-2.249750000000000083e-01,-4.481500000000000067e-02,-3.952700000000000102e-01
6.208423039162158966e+04,-2.249750000000000083e-01,-4.481500000000000067e-02,-3.952700000000000102e-01
6.221301233828067780e+04,-2.913569999999999771e-01,-1.220210000000000045e-01,-4.673559999999999937e-01
6.229153791242837906e+04,-2.913569999999999771e-01,-1.220210000000000045e-01,-4.673559999999999937e-01
6.244230704015493393e+04,-2.914510000000000156e-01,-1.255370000000000097e-01,-4.683530000000000193e-01
6.255852489626407623e+04,-2.914510000000000156e-01,-1.255370000000000097e-01,-4.683530000000000193e-01
6.269672993338108063e+04,-2.914510000000000156e-01,-1.255370000000000097e-01,-4.683530000000000193e-01
6.274070424562692642e+04,-2.238989999999999869e-01,-6.877999999999999392e-02,-4.167690000000000006e-01
6.292602462524175644e+04,-1.599710000000000021e-01,-1.162400000000000065e-02,-3.645639999999999992e-01
6.303910147106647491e+04,-1.617020000000000124e-01,1.436699999999999956e-02,-3.382249999999999979e-01
6.310506296443939209e+04,-1.627570000000000128e-01,-1.167200000000000008e-02,-3.636460000000000248e-01
6.327467821329832077e+04,-1.656749999999999889e-01,1.352800000000000009e-02,-3.394199999999999995e-01
6.331551151537895203e+04,-2.293290000000000051e-01,-6.490500000000000436e-02,-4.128390000000000115e-01
6.338775505912303925e+04,-2.293290000000000051e-01,-6.490500000000000436e-02,-4.128390000000000115e-01
6.370185737544298172e+04,-2.293290000000000051e-01,-6.490500000000000436e-02,-4.128390000000000115e-01
6.381179318124055862e+04,-2.293290000000000051e-01,-6.490500000000000436e-02,-4.128390000000000115e-01
6.385576751345396042e+04,-2.255070000000000130e-01,-6.877999999999999392e-02,-4.160570000000000102e-01
6.386519059383869171e+04,-2.914510000000000156e-01,-1.255370000000000097e-01,-4.683530000000000193e-01
6.391230592638254166e+04,-2.914510000000000156e-01,-1.255370000000000097e-01,-4.683530000000000193e-01
6.417929292011260986e+04,-2.914510000000000156e-01,-1.255370000000000097e-01,-4.683530000000000193e-01
6.421384417194128036e+04,-2.923970000000000180e-01,-1.261269999999999891e-01,-4.683800000000000185e-01
6.428294668555259705e+04,-2.255070000000000130e-01,-6.877999999999999392e-02,-4.160570000000000102e-01
6.437717737048864365e+04,-2.255070000000000130e-01,-6.877999999999999392e-02,-4.160570000000000102e-01
6.438974147105216980e+04,-1.617020000000000124e-01,1.436699999999999956e-02,-3.382249999999999979e-01
6.442743374305963516e+04,-1.627570000000000128e-01,-1.167200000000000008e-02,-3.636460000000000248e-01
6.444627988398075104e+04,-1.628960000000000130e-01,-1.167200000000000008e-02,-3.636460000000000248e-01
6.451852342778444290e+04,-1.628960000000000130e-01,-1.167200000000000008e-02,-3.636460000000000248e-01
6.453736956870555878e+04,-2.272369999999999945e-01,-6.889099999999999391e-02,-4.160570000000000102e-01
6.459076696145534515e+04,-2.943979999999999930e-01,-1.576670000000000016e-01,-5.000980000000000425e-01
6.464730537438392639e+04,-3.600639999999999952e-01,-1.960040000000000115e-01,-5.298850000000000504e-01
6.481692063313722610e+04,-4.257989999999999831e-01,-2.758479999999999821e-01,-5.994140000000000024e-01
6.483890779429674149e+04,-4.257989999999999831e-01,-2.758479999999999821e-01,-5.994140000000000024e-01
6.488916416698694229e+04,-4.885229999999999850e-01,-3.306780000000000275e-01,-6.448779999999999513e-01
6.492057439857721329e+04,-5.523599999999999621e-01,-3.949079999999999813e-01,-6.933169999999999611e-01
6.500852305316925049e+04,-5.523599999999999621e-01,-3.949079999999999813e-01,-6.933169999999999611e-01
6.511845885884761810e+04,-4.885229999999999850e-01,-3.306780000000000275e-01,-6.448779999999999513e-01
6.512474090915918350e+04,-4.947469999999999923e-01,-3.478609999999999758e-01,-6.564609999999999612e-01
6.513102294951677322e+04,-5.562859999999999472e-01,-4.219769999999999910e-01,-7.204009999999999581e-01
6.517499727183580399e+04,-5.562859999999999472e-01,-4.219769999999999910e-01,-7.204009999999999581e-01
6.522211263418197632e+04,-6.170219999999999594e-01,-4.927599999999999758e-01,-7.725760000000000405e-01
6.544198425555229187e+04,-6.817929999999999824e-01,-5.817620000000000013e-01,-8.381189999999999474e-01
6.544826630586385727e+04,-6.853970000000000340e-01,-5.812899999999999734e-01,-8.395169999999999577e-01
6.551108676910400391e+04,-6.853970000000000340e-01,-5.812899999999999734e-01,-8.395169999999999577e-01
6.555820211160182953e+04,-6.797569999999999446e-01,-5.794569999999999999e-01,-8.371180000000000287e-01
6.561474052459001541e+04,-6.143610000000000460e-01,-4.878129999999999966e-01,-7.671660000000000146e-01
6.563044564545154572e+04,-6.143610000000000460e-01,-4.878129999999999966e-01,-7.671660000000000146e-01
6.565557382673025131e+04,-6.143610000000000460e-01,-4.878129999999999966e-01,-7.671660000000000146e-01
6.566813792729377747e+04,-5.504520000000000524e-01,-4.220900000000000207e-01,-7.169809999999999794e-01
6.567127895742654800e+04,-4.858750000000000013e-01,-3.306780000000000275e-01,-6.405049999999999910e-01
6.569640712881088257e+04,-4.197620000000000240e-01,-2.557539999999999814e-01,-5.777290000000000481e-01
6.574666351133584976e+04,-4.197620000000000240e-01,-2.557539999999999814e-01,-5.777290000000000481e-01
6.576550965231657028e+04,-4.858750000000000013e-01,-3.306780000000000275e-01,-6.405049999999999910e-01
6.593826592135429382e+04,-4.832960000000000034e-01,-3.297289999999999943e-01,-6.390249999999999542e-01
6.594140695142745972e+04,-5.472420000000000062e-01,-4.198169999999999957e-01,-7.149410000000000487e-01
6.608903503906726837e+04,-4.832960000000000034e-01,-3.297289999999999943e-01,-6.390249999999999542e-01
6.609217605930566788e+04,-4.858750000000000013e-01,-3.306780000000000275e-01,-6.405049999999999910e-01
6.620211187493801117e+04,-4.902699999999999836e-01,-3.435460000000000180e-01,-6.547460000000000502e-01
6.623666312670707703e+04,-4.257889999999999731e-01,-2.627470000000000083e-01,-5.838569999999999593e-01
6.626807335847616196e+04,-4.257889999999999731e-01,-2.627470000000000083e-01,-5.838569999999999593e-01
6.632461178129911423e+04,-4.257889999999999731e-01,-2.627470000000000083e-01,-5.838569999999999593e-01
6.635602200305461884e+04,-3.605979999999999741e-01,-2.028099999999999903e-01,-5.334470000000000045e-01
6.639057326471805573e+04,-2.959820000000000229e-01,-1.389960000000000084e-01,-4.798419999999999908e-01
6.646909883886575699e+04,-2.959820000000000229e-01,-1.389960000000000084e-01,-4.798419999999999908e-01
6.654762442290782928e+04,-3.606690000000000174e-01,-1.982790000000000108e-01,-5.298239999999999617e-01
6.655076545298099518e+04,-3.606690000000000174e-01,-1.982790000000000108e-01,-5.298239999999999617e-01
6.661672692644596100e+04,-2.959820000000000229e-01,-1.389960000000000084e-01,-4.798419999999999908e-01
6.670781661117076874e+04,-2.959820000000000229e-01,-1.389960000000000084e-01,-4.798419999999999908e-01
6.672352172201871872e+04,-2.959820000000000229e-01,-1.389960000000000084e-01,-4.798419999999999908e-01
6.675179092353582382e+04,-2.313070000000000126e-01,-8.143300000000000538e-02,-4.273750000000000049e-01
6.678320116513967514e+04,-1.643809999999999993e-01,1.166099999999999949e-02,-3.407229999999999981e-01
6.683345753765106201e+04,-1.643809999999999993e-01,1.166099999999999949e-02,-3.407229999999999981e-01
6.689941903102397919e+04,-1.643809999999999993e-01,1.166099999999999949e-02,-3.407229999999999981e-01
6.695909845423698425e+04,-1.679249999999999909e-01,-3.836000000000000000e-03,-3.538680000000000159e-01
6.700935483682155609e+04,-2.313070000000000126e-01,-8.143300000000000538e-02,-4.273750000000000049e-01
6.701249585700035095e+04,-2.313070000000000126e-01,-8.143300000000000538e-02,-4.273750000000000049e-01
6.702191892743110657e+04,-2.278840000000000032e-01,-7.400099999999999734e-02,-4.222380000000000022e-01
6.730146998196840286e+04,-2.933350000000000124e-01,-1.390369999999999939e-01,-4.816579999999999750e-01
6.731717510271072388e+04,-2.933350000000000124e-01,-1.390369999999999939e-01,-4.816579999999999750e-01
6.732345714312791824e+04,-2.933350000000000124e-01,-1.390369999999999939e-01,-4.816579999999999750e-01
6.734858533442020416e+04,-2.933350000000000124e-01,-1.390369999999999939e-01,-4.816579999999999750e-01
6.737999556601047516e+04,-3.575079999999999925e-01,-1.991209999999999924e-01,-5.325250000000000261e-01
6.743967500907182693e+04,-4.236770000000000258e-01,-2.681520000000000015e-01,-5.920450000000000434e-01
6.749621342206001282e+04,-4.236770000000000258e-01,-2.681520000000000015e-01,-5.920450000000000434e-01
6.751820059311389923e+04,-3.523899999999999810e-01,-1.935860000000000081e-01,-5.237020000000000008e-01
6.755903389519453049e+04,-3.523899999999999810e-01,-1.935860000000000081e-01,-5.237020000000000008e-01
6.760929025787115097e+04,-3.523899999999999810e-01,-1.935860000000000081e-01,-5.237020000000000008e-01
6.761557230824232101e+04,-4.177049999999999930e-01,-2.627140000000000031e-01,-5.844260000000000010e-01
6.785743109071254730e+04,-4.134979999999999767e-01,-2.633389999999999898e-01,-5.812460000000000404e-01
6.798621303743124008e+04,-4.164220000000000144e-01,-2.700029999999999930e-01,-5.942079999999999584e-01
6.830973842406272888e+04,-4.865979999999999750e-01,-3.478740000000000165e-01,-6.594189999999999774e-01
6.831602047443389893e+04,-4.865979999999999750e-01,-3.478740000000000165e-01,-6.594189999999999774e-01
6.840082808893918991e+04,-4.865979999999999750e-01,-3.478740000000000165e-01,-6.594189999999999774e-01
6.841025115936994553e+04,-5.505409999999999471e-01,-4.190619999999999901e-01,-7.158259999999999623e-01
6.842909730041027069e+04,-6.099250000000000504e-01,-4.861929999999999863e-01,-7.678620000000000445e-01
6.847307163262367249e+04,-5.437389999999999723e-01,-4.173379999999999868e-01,-7.098959999999999715e-01
6.851076391446590424e+04,-4.779419999999999780e-01,-3.305969999999999742e-01,-6.372259999999999591e-01
6.852018697500228882e+04,-4.779419999999999780e-01,-3.305969999999999742e-01,-6.372259999999999591e-01
6.855787925696372986e+04,-5.437389999999999723e-01,-4.173379999999999868e-01,-7.098959999999999715e-01
6.862069972026348114e+04,-5.437389999999999723e-01,-4.173379999999999868e-01,-7.098959999999999715e-01
6.885313543224334717e+04,-6.086859999999999493e-01,-4.908009999999999873e-01,-7.675710000000000033e-01
6.894736611723899841e+04,-6.717459999999999543e-01,-5.734839999999999938e-01,-8.266879999999999784e-01
6.898191737890243530e+04,-7.368519999999999515e-01,-6.368819999999999482e-01,-8.683870000000000200e-01
6.903531476181745529e+04,-7.368519999999999515e-01,-6.368819999999999482e-01,-8.683870000000000200e-01
6.909185318470001221e+04,-6.723649999999999904e-01,-5.733089999999999575e-01,-8.268640000000000434e-01
6.914210956722497940e+04,-6.086859999999999493e-01,-4.908009999999999873e-01,-7.675710000000000033e-01
6.916409671837091446e+04,-6.099250000000000504e-01,-4.861929999999999863e-01,-7.678620000000000445e-01
6.919864798021316528e+04,-6.132349999999999746e-01,-4.866710000000000202e-01,-7.668589999999999574e-01
6.930858378589153290e+04,-6.132349999999999746e-01,-4.866710000000000202e-01,-7.668589999999999574e-01
6.935255809825658798e+04,-6.132349999999999746e-01,-4.866710000000000202e-01,-7.668589999999999574e-01
6.953473744761943817e+04,-6.108860000000000401e-01,-4.878199999999999759e-01,-7.669280000000000541e-01
6.955672460877895355e+04,-6.108860000000000401e-01,-4.878199999999999759e-01,-7.669280000000000541e-01
6.959755791091918945e+04,-6.108860000000000401e-01,-4.878199999999999759e-01,-7.669280000000000541e-01
6.965095530366897583e+04,-6.108860000000000401e-01,-4.878199999999999759e-01,-7.669280000000000541e-01
6.967608349490165710e+04,-6.108860000000000401e-01,-4.878199999999999759e-01,-7.669280000000000541e-01
6.967922452503442764e+04,-6.108860000000000401e-01,-4.878199999999999759e-01,-7.669280000000000541e-01
6.968550655543804169e+04,-6.084319999999999729e-01,-4.926760000000000028e-01,-7.669580000000000286e-01
6.971691679704189301e+04,-6.075009999999999577e-01,-4.918000000000000149e-01,-7.671099999999999586e-01
6.985198078405857086e+04,-6.068310000000000093e-01,-4.906519999999999770e-01,-7.669580000000000286e-01
6.988339102566242218e+04,-5.423599999999999532e-01,-4.021739999999999760e-01,-6.939140000000000308e-01
6.989281408619880676e+04,-5.423599999999999532e-01,-4.021739999999999760e-01,-6.939140000000000308e-01
6.990223716658353806e+04,-4.753000000000000003e-01,-3.323249999999999815e-01,-6.372259999999999591e-01
6.993364738833904266e+04,-4.763850000000000029e-01,-3.353780000000000094e-01,-6.390109999999999957e-01
6.995877556961774826e+04,-4.753000000000000003e-01,-3.323249999999999815e-01,-6.372259999999999591e-01
6.997448069041967392e+04,-4.158100000000000129e-01,-2.531050000000000244e-01,-5.778900000000000148e-01
7.001845501261949539e+04,-4.152589999999999892e-01,-2.543050000000000033e-01,-5.779959999999999543e-01
7.002787808316946030e+04,-4.152589999999999892e-01,-2.543050000000000033e-01,-5.779959999999999543e-01
7.004672422420978546e+04,-4.804309999999999969e-01,-3.438669999999999782e-01,-6.552459999999999951e-01
7.010012161695957184e+04,-5.471420000000000172e-01,-4.167850000000000166e-01,-7.112119999999999553e-01
7.018178821116685867e+04,-4.790039999999999853e-01,-3.472540000000000071e-01,-6.566870000000000207e-01
7.025717277497053146e+04,-4.143020000000000036e-01,-2.601350000000000051e-01,-5.828999999999999737e-01
7.031371118795871735e+04,-4.143020000000000036e-01,-2.601350000000000051e-01,-5.828999999999999737e-01
7.048960848706960678e+04,-4.143020000000000036e-01,-2.601350000000000051e-01,-5.828999999999999737e-01
7.051787768858671188e+04,-4.143020000000000036e-01,-2.601350000000000051e-01,-5.828999999999999737e-01
7.053044177925586700e+04,-4.142350000000000199e-01,-2.625790000000000068e-01,-5.782159999999999522e-01
7.054300587981939316e+04,-4.142350000000000199e-01,-2.625790000000000068e-01,-5.782159999999999522e-01
7.057755713164806366e+04,-4.781050000000000022e-01,-3.404889999999999861e-01,-6.448610000000000175e-01
7.060582633310556412e+04,-5.487919999999999465e-01,-4.130770000000000275e-01,-7.088330000000000464e-01
7.066864680635929108e+04,-5.488220000000000320e-01,-4.088629999999999765e-01,-7.092819999999999681e-01
7.069063396751880646e+04,-4.825650000000000217e-01,-3.396850000000000147e-01,-6.517039999999999500e-01
7.077858261203765869e+04,-4.825650000000000217e-01,-3.396850000000000147e-01,-6.517039999999999500e-01
7.079742875307798386e+04,-4.825650000000000217e-01,-3.396850000000000147e-01,-6.517039999999999500e-01
7.084768511569499969e+04,-4.200150000000000272e-01,-2.835529999999999995e-01,-6.088459999999999983e-01
7.096390297174453735e+04,-3.531960000000000099e-01,-2.179530000000000078e-01,-5.513850000000000140e-01
7.108012083768844604e+04,-3.540499999999999758e-01,-2.179530000000000078e-01,-5.500909999999999966e-01
7.108954389822483063e+04,-3.540499999999999758e-01,-2.179530000000000078e-01,-5.500909999999999966e-01
7.108954389822483063e+04,-2.870469999999999966e-01,-1.401900000000000091e-01,-4.826059999999999794e-01
7.110839003914594650e+04,-2.207310000000000105e-01,-7.237399999999999389e-02,-4.207330000000000236e-01
7.111153106927871704e+04,-2.875840000000000063e-01,-1.536720000000000030e-01,-4.956079999999999930e-01
7.129056938850879669e+04,-2.904789999999999872e-01,-1.544399999999999940e-01,-4.966510000000000091e-01
7.146332565754652023e+04,-2.919209999999999861e-01,-1.562540000000000040e-01,-4.982710000000000194e-01
7.147274872797727585e+04,-2.919209999999999861e-01,-1.562540000000000040e-01,-4.982710000000000194e-01
7.173031262135505676e+04,-3.584780000000000189e-01,-2.183769999999999878e-01,-5.507379999999999498e-01
7.229255576050281525e+04,-3.584780000000000189e-01,-2.183769999999999878e-01,-5.507379999999999498e-01
7.237422236472368240e+04,-3.584780000000000189e-01,-2.183769999999999878e-01,-5.507379999999999498e-01
7.243390179789066315e+04,-3.551190000000000180e-01,-2.183769999999999878e-01,-5.510260000000000158e-01
7.246217100924253464e+04,-4.233430000000000248e-01,-2.957270000000000176e-01,-6.190890000000000004e-01
7.277313229537010193e+04,-4.224570000000000269e-01,-2.863620000000000054e-01,-6.109620000000000051e-01
7.282652968811988831e+04,-3.551190000000000180e-01,-2.183769999999999878e-01,-5.510260000000000158e-01
7.296787572550773621e+04,-3.551190000000000180e-01,-2.183769999999999878e-01,-5.510260000000000158e-01
7.297729879599809647e+04,-2.915030000000000121e-01,-1.572129999999999916e-01,-4.982710000000000194e-01
7.306210642033815384e+04,-3.536369999999999791e-01,-2.200940000000000119e-01,-5.512390000000000345e-01
7.307152950084209442e+04,-4.198600000000000110e-01,-2.876830000000000220e-01,-6.089639999999999498e-01
7.312492689359188080e+04,-4.198600000000000110e-01,-2.876830000000000220e-01,-6.089639999999999498e-01
7.312806791377067566e+04,-4.198600000000000110e-01,-2.876830000000000220e-01,-6.089639999999999498e-01
7.317518325620889664e+04,-4.198600000000000110e-01,-2.876830000000000220e-01,-6.089639999999999498e-01
7.318146530652046204e+04,-4.178810000000000024e-01,-2.625790000000000068e-01,-5.852850000000000552e-01
7.332281134384870529e+04,-4.178810000000000024e-01,-2.625790000000000068e-01,-5.852850000000000552e-01
7.336992668634653091e+04,-3.519579999999999931e-01,-1.965520000000000045e-01,-5.298850000000000504e-01
7.337306771641969681e+04,-3.482040000000000135e-01,-1.892900000000000138e-01,-5.171590000000000353e-01
7.383165709018707275e+04,-2.843209999999999904e-01,-1.238589999999999969e-01,-4.641319999999999890e-01
7.384422118085622787e+04,-2.843209999999999904e-01,-1.238589999999999969e-01,-4.641319999999999890e-01
7.387249038231372833e+04,-2.196410000000000029e-01,-5.327099999999999891e-02,-4.015210000000000168e-01
7.387877243268489838e+04,-2.196410000000000029e-01,-5.327099999999999891e-02,-4.015210000000000168e-01
7.389761857360601425e+04,-2.819099999999999939e-01,-1.427350000000000008e-01,-4.824309999999999987e-01
7.394787493628263474e+04,-3.437990000000000212e-01,-1.980540000000000078e-01,-5.312029999999999808e-01
7.396986210727691650e+04,-4.091659999999999742e-01,-2.681990000000000207e-01,-5.909029999999999561e-01
7.400127232903242111e+04,-4.091659999999999742e-01,-2.681990000000000207e-01,-5.909029999999999561e-01
7.409550302392244339e+04,-4.740210000000000257e-01,-3.338099999999999956e-01,-6.443060000000000453e-01
7.421172087997198105e+04,-4.740210000000000257e-01,-3.338099999999999956e-01,-6.443060000000000453e-01
7.425883623224496841e+04,-4.740210000000000257e-01,-3.338099999999999956e-01,-6.443060000000000453e-01
7.431223361515998840e+04,-4.740210000000000257e-01,-3.338099999999999956e-01,-6.443060000000000453e-01
7.446300273293256760e+04,-4.740210000000000257e-01,-3.338099999999999956e-01,-6.443060000000000453e-01
7.456037443804740906e+04,-5.392930000000000224e-01,-4.055779999999999941e-01,-7.016480000000000494e-01
7.461377185064554214e+04,-4.735099999999999865e-01,-3.286760000000000237e-01,-6.398019999999999818e-01
7.461691286087036133e+04,-4.723169999999999868e-01,-3.286470000000000224e-01,-6.391980000000000439e-01
7.463575900185108185e+04,-4.723169999999999868e-01,-3.286470000000000224e-01,-6.391980000000000439e-01
7.473313071691989899e+04,-4.086139999999999772e-01,-2.593110000000000137e-01,-5.821960000000000468e-01
7.475197685790061951e+04,-4.086139999999999772e-01,-2.593110000000000137e-01,-5.821960000000000468e-01
7.491216903614997864e+04,-3.447899999999999854e-01,-1.996829999999999994e-01,-5.320810000000000262e-01
7.516030985897779465e+04,-4.103870000000000018e-01,-2.686149999999999927e-01,-5.903519999999999879e-01
7.521056622165441513e+04,-3.459459999999999757e-01,-2.010750000000000037e-01,-5.325600000000000334e-01
7.521370725178718567e+04,-3.447899999999999854e-01,-1.996829999999999994e-01,-5.320810000000000262e-01
7.552152751773595810e+04,-2.805389999999999828e-01,-1.424380000000000090e-01,-4.829780000000000184e-01
7.570684787738323212e+04,-2.805389999999999828e-01,-1.424380000000000090e-01,-4.829780000000000184e-01
7.574139912921190262e+04,-2.782240000000000268e-01,-1.341239999999999932e-01,-4.747959999999999958e-01
7.577280936074256897e+04,-2.782240000000000268e-01,-1.341239999999999932e-01,-4.747959999999999958e-01
7.593614255928993225e+04,-2.782240000000000268e-01,-1.341239999999999932e-01,-4.747959999999999958e-01
7.594556563967466354e+04,-2.803749999999999853e-01,-1.339859999999999940e-01,-4.757819999999999827e-01
7.602095018362998962e+04,-2.803749999999999853e-01,-1.339859999999999940e-01,-4.757819999999999827e-01
7.612146292883157730e+04,-3.437990000000000212e-01,-1.980540000000000078e-01,-5.312029999999999808e-01
7.628165510714054108e+04,-3.437990000000000212e-01,-1.980540000000000078e-01,-5.312029999999999808e-01
7.629421919775009155e+04,-4.108439999999999870e-01,-2.637189999999999812e-01,-5.803359999999999630e-01
7.630364226830005646e+04,-4.749570000000000181e-01,-3.304400000000000115e-01,-6.350930000000000186e-01
7.636332170134782791e+04,-5.416509999999999936e-01,-4.021040000000000170e-01,-6.939140000000000308e-01
7.641043705379962921e+04,-5.416509999999999936e-01,-4.021040000000000170e-01,-6.939140000000000308e-01
7.642614216464757919e+04,-5.416509999999999936e-01,-4.021040000000000170e-01,-6.939140000000000308e-01
7.654550104081630707e+04,-5.427009999999999890e-01,-4.190619999999999901e-01,-7.106909999999999616e-01
7.657377024233341217e+04,-5.474090000000000344e-01,-4.161190000000000166e-01,-7.109860000000000069e-01
7.661460354441404343e+04,-5.474090000000000344e-01,-4.161190000000000166e-01,-7.109860000000000069e-01
7.668370605796575546e+04,-4.817350000000000243e-01,-3.354130000000000167e-01,-6.448610000000000175e-01
7.669312912845611572e+04,-5.474090000000000344e-01,-4.161190000000000166e-01,-7.109860000000000069e-01
7.670569321906566620e+04,-5.474090000000000344e-01,-4.161190000000000166e-01,-7.109860000000000069e-01
7.672768038022518158e+04,-5.474090000000000344e-01,-4.161190000000000166e-01,-7.109860000000000069e-01
7.679050084346532822e+04,-5.474090000000000344e-01,-4.161190000000000166e-01,-7.109860000000000069e-01
7.684389823621511459e+04,-5.474090000000000344e-01,-4.161190000000000166e-01,-7.109860000000000069e-01
7.687844949799776077e+04,-6.116030000000000078e-01,-4.900950000000000029e-01,-7.669540000000000246e-01
7.692870586061477661e+04,-6.742129999999999512e-01,-5.714900000000000535e-01,-8.287339999999999707e-01
7.693184689074754715e+04,-6.742129999999999512e-01,-5.714900000000000535e-01,-8.287339999999999707e-01
7.703235961610078812e+04,-7.398850000000000149e-01,-6.425610000000000488e-01,-8.777239999999999487e-01
7.712973133105039597e+04,-7.398850000000000149e-01,-6.425610000000000488e-01,-8.777239999999999487e-01
7.713915441149473190e+04,-8.053599999999999648e-01,-7.223190000000000444e-01,-9.286649999999999627e-01
7.722082100576162338e+04,-8.053599999999999648e-01,-7.223190000000000444e-01,-9.286649999999999627e-01
7.723338510644435883e+04,-8.739900000000000446e-01,-8.092549999999999466e-01,-9.741469999999999851e-01
7.723652611660957336e+04,-9.401469999999999549e-01,-9.037220000000000253e-01,-1.000000000000000000e+00
7.728992351937294006e+04,-9.853129999999999944e-01,-9.673829999999999929e-01,-1.000000000000000000e+00
7.746896181869506836e+04,-9.853129999999999944e-01,-9.673829999999999929e-01,-1.000000000000000000e+00
7.758203865456581116e+04,-9.850430000000000019e-01,-9.674960000000000226e-01,-1.000000000000000000e+00
7.760088479548692703e+04,-9.850430000000000019e-01,-9.674960000000000226e-01,-1.000000000000000000e+00
7.760402582561969757e+04,-9.850430000000000019e-01,-9.674960000000000226e-01,-1.000000000000000000e+00
7.768569241982698441e+04,-9.384630000000000472e-01,-9.014050000000000118e-01,-1.000000000000000000e+00
7.777678208464384079e+04,-9.384630000000000472e-01,-9.014050000000000118e-01,-1.000000000000000000e+00
7.779876925569772720e+04,-9.384630000000000472e-01,-9.014050000000000118e-01,-1.000000000000000000e+00
7.798094859516620636e+04,-9.384630000000000472e-01,-9.014050000000000118e-01,-1.000000000000000000e+00
7.798723064547777176e+04,-9.362690000000000179e-01,-8.989009999999999501e-01,-1.000000000000000000e+00
7.802492290753126144e+04,-9.315189999999999859e-01,-8.954739999999999922e-01,-1.000000000000000000e+00
7.807832030028104782e+04,-9.315189999999999859e-01,-8.954739999999999922e-01,-1.000000000000000000e+00
7.824479452884197235e+04,-9.320540000000000491e-01,-8.962919999999999776e-01,-1.000000000000000000e+00
7.825421760928630829e+04,-9.320540000000000491e-01,-8.962919999999999776e-01,-1.000000000000000000e+00
7.833902522373199463e+04,-9.320540000000000491e-01,-8.962919999999999776e-01,-1.000000000000000000e+00
7.838928158634901047e+04,-8.660060000000000535e-01,-8.013029999999999875e-01,-9.669440000000000257e-01
7.845838409984111786e+04,-8.646249999999999769e-01,-8.008610000000000451e-01,-9.640589999999999993e-01
7.847094819051027298e+04,-8.646249999999999769e-01,-8.008610000000000451e-01,-9.640589999999999993e-01
7.857146093571186066e+04,-7.980089999999999684e-01,-7.150779999999999914e-01,-9.163059999999999539e-01
7.862171729838848114e+04,-8.005290000000000461e-01,-7.215340000000000087e-01,-9.263230000000000075e-01
7.864998650979995728e+04,-8.005290000000000461e-01,-7.215340000000000087e-01,-9.263230000000000075e-01
7.865626855021715164e+04,-8.005290000000000461e-01,-7.215340000000000087e-01,-9.263230000000000075e-01
7.872223003357648849e+04,-8.005290000000000461e-01,-7.215340000000000087e-01,-9.263230000000000075e-01
7.883530686938762665e+04,-7.360280000000000156e-01,-6.423090000000000188e-01,-8.740930000000000089e-01
7.885101199018955231e+04,-7.360280000000000156e-01,-6.423090000000000188e-01,-8.740930000000000089e-01
7.889812732267379761e+04,-7.360280000000000156e-01,-6.423090000000000188e-01,-8.740930000000000089e-01
7.891069142335653305e+04,-7.360280000000000156e-01,-6.423090000000000188e-01,-8.740930000000000089e-01
7.899235802751779556e+04,-6.717459999999999543e-01,-5.734839999999999938e-01,-8.266879999999999784e-01
7.900806312847137451e+04,-6.099250000000000504e-01,-4.861929999999999863e-01,-7.678620000000000445e-01
7.901434518867731094e+04,-6.099250000000000504e-01,-4.861929999999999863e-01,-7.678620000000000445e-01
7.901748620885610580e+04,-6.086859999999999493e-01,-4.908009999999999873e-01,-7.675710000000000033e-01
7.902062723898887634e+04,-6.099250000000000504e-01,-4.861929999999999863e-01,-7.678620000000000445e-01
7.903633234983682632e+04,-6.099250000000000504e-01,-4.861929999999999863e-01,-7.678620000000000445e-01
7.908972974264621735e+04,-6.099250000000000504e-01,-4.861929999999999863e-01,-7.678620000000000445e-01
7.910543486338853836e+04,-6.099250000000000504e-01,-4.861929999999999863e-01,-7.678620000000000445e-01
7.911171689379215240e+04,-5.457889999999999686e-01,-4.190729999999999733e-01,-7.152009999999999756e-01
7.911485792392492294e+04,-4.779419999999999780e-01,-3.305969999999999742e-01,-6.372259999999999591e-01
7.915569121611118317e+04,-5.437389999999999723e-01,-4.173379999999999868e-01,-7.098959999999999715e-01
7.924363987058401108e+04,-5.436389999999999834e-01,-4.190619999999999901e-01,-7.098959999999999715e-01
7.928133214259147644e+04,-5.436389999999999834e-01,-4.190619999999999901e-01,-7.098959999999999715e-01
7.930646032387018204e+04,-5.488290000000000113e-01,-4.174809999999999910e-01,-7.106909999999999616e-01
7.937870385760068893e+04,-5.488290000000000113e-01,-4.174809999999999910e-01,-7.106909999999999616e-01
7.938812692815065384e+04,-5.488290000000000113e-01,-4.174809999999999910e-01,-7.106909999999999616e-01
7.941639613950252533e+04,-5.488290000000000113e-01,-4.174809999999999910e-01,-7.106909999999999616e-01
7.942581920999288559e+04,-5.436389999999999834e-01,-4.190619999999999901e-01,-7.098959999999999715e-01
7.949806273382902145e+04,-5.436389999999999834e-01,-4.190619999999999901e-01,-7.098959999999999715e-01
7.950748580425977707e+04,-5.436389999999999834e-01,-4.190619999999999901e-01,-7.098959999999999715e-01
7.953889603585004807e+04,-6.084319999999999729e-01,-4.926760000000000028e-01,-7.669580000000000286e-01
7.957972933799028397e+04,-6.084319999999999729e-01,-4.926760000000000028e-01,-7.669580000000000286e-01
7.962684468042850494e+04,-6.721829999999999750e-01,-5.606750000000000345e-01,-8.158499999999999641e-01
7.963940878105163574e+04,-7.370809999999999862e-01,-6.368819999999999482e-01,-8.690759999999999597e-01
7.967396003282070160e+04,-6.723649999999999904e-01,-5.733089999999999575e-01,-8.268640000000000434e-01
7.968338310331106186e+04,-6.723649999999999904e-01,-5.733089999999999575e-01,-8.268640000000000434e-01
7.977447276806831360e+04,-6.755949999999999456e-01,-5.732770000000000366e-01,-8.298910000000000453e-01
7.978075481843948364e+04,-6.116030000000000078e-01,-4.900950000000000029e-01,-7.669540000000000246e-01
8.002261359089612961e+04,-6.108860000000000401e-01,-4.878199999999999759e-01,-7.669280000000000541e-01
8.003203667140007019e+04,-6.108860000000000401e-01,-4.878199999999999759e-01,-7.669280000000000541e-01
8.004460075211524963e+04,-6.106740000000000501e-01,-4.879439999999999888e-01,-7.693769999999999776e-01
8.009799814486503601e+04,-6.106740000000000501e-01,-4.879439999999999888e-01,-7.693769999999999776e-01
8.020479293036460876e+04,-6.645699999999999941e-01,-5.600429999999999575e-01,-8.283829999999999805e-01
8.038697226983308792e+04,-7.229050000000000198e-01,-6.224399999999999933e-01,-8.728590000000000515e-01
8.042466455173492432e+04,-7.132420000000000426e-01,-6.110839999999999606e-01,-8.697089999999999543e-01
8.047492091441154480e+04,-7.025299999999999878e-01,-5.962730000000000530e-01,-8.622600000000000264e-01
8.049062602519989014e+04,-6.908739999999999881e-01,-5.808499999999999774e-01,-8.563979999999999926e-01
8.054402342790365219e+04,-6.787990000000000412e-01,-5.650190000000000490e-01,-8.510330000000000394e-01
8.066652332425117493e+04,-6.657779999999999809e-01,-5.508830000000000116e-01,-8.479980000000000295e-01
8.068222843515872955e+04,-6.513390000000000013e-01,-5.322149999999999936e-01,-8.410849999999999715e-01
8.070421560615301132e+04,-7.250229999999999730e-01,-6.089729999999999865e-01,-8.877000000000000446e-01
8.077017707973718643e+04,-8.120849999999999458e-01,-7.239299999999999624e-01,-9.596170000000000533e-01
8.077331810981035233e+04,-8.026290000000000369e-01,-7.100610000000000532e-01,-9.576999999999999957e-01
8.086126675432920456e+04,-7.838439999999999852e-01,-6.762930000000000330e-01,-9.371140000000000025e-01
8.091152311700582504e+04,-7.718920000000000226e-01,-6.626609999999999445e-01,-9.367119999999999891e-01
8.102774097305536270e+04,-7.580379999999999896e-01,-6.413400000000000212e-01,-9.330899999999999750e-01
8.104030507361888885e+04,-7.431520000000000348e-01,-6.187420000000000142e-01,-9.263580000000000148e-01
