# Time,Median,Upper Error,Lower Error
1.401511873304843903e+03,3.830299999999999816e-01,1.000000000000000000e+00,-1.269629999999999925e-01
1.404752873480319977e+03,4.075409999999999866e-01,1.000000000000000000e+00,-1.141999999999999960e-01
1.430680964708328247e+03,4.037939999999999863e-01,1.000000000000000000e+00,-1.147600000000000009e-01
1.446886005520820618e+03,3.959599999999999786e-01,1.000000000000000000e+00,-1.378290000000000071e-01
1.469573066592216492e+03,4.330330000000000013e-01,1.000000000000000000e+00,-1.065519999999999939e-01
1.508465178549289703e+03,3.579479999999999884e-01,1.000000000000000000e+00,-1.667240000000000111e-01
1.508465178549289703e+03,2.610549999999999815e-01,1.000000000000000000e+00,-2.933230000000000004e-01
1.531152219772338867e+03,2.829590000000000161e-01,1.000000000000000000e+00,-2.721839999999999815e-01
1.560321311175823212e+03,2.912870000000000181e-01,1.000000000000000000e+00,-2.553279999999999994e-01
1.615418463945388794e+03,2.900269999999999793e-01,1.000000000000000000e+00,-2.742470000000000185e-01
1.634864524841308594e+03,3.242909999999999959e-01,1.000000000000000000e+00,-2.367740000000000122e-01
1.699684708118438721e+03,3.521770000000000178e-01,1.000000000000000000e+00,-1.997919999999999974e-01
1.722371779203414917e+03,3.613709999999999978e-01,1.000000000000000000e+00,-1.964380000000000015e-01
1.745058840394020081e+03,2.900269999999999793e-01,1.000000000000000000e+00,-2.691439999999999944e-01
1.803397003352642059e+03,3.067239999999999966e-01,1.000000000000000000e+00,-2.453239999999999865e-01
1.809879023611545563e+03,3.314460000000000184e-01,1.000000000000000000e+00,-2.087910000000000044e-01
1.832566094756126404e+03,3.296819999999999751e-01,1.000000000000000000e+00,-2.091820000000000068e-01
1.877940236985683441e+03,3.290969999999999729e-01,1.000000000000000000e+00,-2.081969999999999932e-01
1.903868308305740356e+03,3.180769999999999986e-01,1.000000000000000000e+00,-2.214309999999999889e-01
1.913591348707675934e+03,4.016210000000000058e-01,1.000000000000000000e+00,-1.329329999999999956e-01
1.984893562257289886e+03,4.134419999999999762e-01,1.000000000000000000e+00,-1.202209999999999945e-01
2.001098603069782257e+03,3.251890000000000058e-01,1.000000000000000000e+00,-2.219069999999999931e-01
2.004339623212814331e+03,3.584439999999999849e-01,1.000000000000000000e+00,-1.871520000000000128e-01
2.039990744888782501e+03,3.425619999999999776e-01,1.000000000000000000e+00,-1.925630000000000119e-01
2.043231745123863220e+03,3.240899999999999892e-01,1.000000000000000000e+00,-2.405490000000000128e-01
2.059436795890331268e+03,3.143560000000000243e-01,1.000000000000000000e+00,-2.356070000000000109e-01
2.059436795890331268e+03,3.293470000000000009e-01,1.000000000000000000e+00,-2.107179999999999886e-01
2.065918816268444061e+03,3.253929999999999878e-01,1.000000000000000000e+00,-2.298669999999999880e-01
2.215005273640155792e+03,3.516650000000000054e-01,1.000000000000000000e+00,-1.913719999999999866e-01
2.221487303972244263e+03,3.555329999999999879e-01,1.000000000000000000e+00,-1.920060000000000100e-01
2.221487303972244263e+03,3.718659999999999743e-01,1.000000000000000000e+00,-1.745909999999999962e-01
2.302512548029422760e+03,2.821179999999999799e-01,1.000000000000000000e+00,-2.805250000000000243e-01
2.312235598444938660e+03,2.712669999999999804e-01,1.000000000000000000e+00,-2.930300000000000127e-01
2.325199629127979279e+03,2.738920000000000243e-01,1.000000000000000000e+00,-2.930300000000000127e-01
2.341404680013656616e+03,3.208969999999999878e-01,1.000000000000000000e+00,-2.273900000000000088e-01
2.344645680189132690e+03,3.466250000000000164e-01,1.000000000000000000e+00,-1.799209999999999976e-01
2.383537822008132935e+03,3.050300000000000233e-01,1.000000000000000000e+00,-2.533980000000000121e-01
2.406224893093109131e+03,3.614539999999999975e-01,1.000000000000000000e+00,-1.617419999999999969e-01
2.412706923484802246e+03,3.579570000000000252e-01,1.000000000000000000e+00,-1.617419999999999969e-01
2.496973177731037140e+03,3.362649999999999806e-01,1.000000000000000000e+00,-1.979329999999999978e-01
2.526142279148101807e+03,3.276049999999999796e-01,1.000000000000000000e+00,-2.214309999999999889e-01
2.526142279148101807e+03,4.219249999999999945e-01,1.000000000000000000e+00,-1.150629999999999986e-01
2.565034411072731018e+03,4.172000000000000153e-01,1.000000000000000000e+00,-1.210220000000000046e-01
2.590962512314319611e+03,3.910379999999999967e-01,1.000000000000000000e+00,-1.529280000000000084e-01
2.620131593763828278e+03,3.915739999999999776e-01,1.000000000000000000e+00,-1.529280000000000084e-01
2.623372613906860352e+03,4.941889999999999894e-01,1.000000000000000000e+00,-2.807300000000000073e-02
2.652541715323925018e+03,3.593210000000000015e-01,1.000000000000000000e+00,-1.627580000000000138e-01
2.671987776339054108e+03,3.577589999999999937e-01,1.000000000000000000e+00,-1.646620000000000028e-01
2.691433837354183197e+03,3.808059999999999778e-01,1.000000000000000000e+00,-1.452239999999999920e-01
2.704397887945175171e+03,3.833619999999999806e-01,1.000000000000000000e+00,-1.448730000000000018e-01
2.723843939006328583e+03,3.729149999999999965e-01,1.000000000000000000e+00,-1.605020000000000058e-01
2.782182151913642883e+03,3.825560000000000072e-01,1.000000000000000000e+00,-1.426070000000000115e-01
2.830797334194183350e+03,3.418240000000000167e-01,1.000000000000000000e+00,-1.972359999999999947e-01
2.843761364936828613e+03,4.472409999999999997e-01,1.000000000000000000e+00,-6.517399999999999582e-02
2.869689466118812561e+03,4.402929999999999899e-01,1.000000000000000000e+00,-7.536199999999999843e-02
2.895617547452449799e+03,3.553140000000000187e-01,1.000000000000000000e+00,-1.772179999999999866e-01
2.902099577784538269e+03,4.402159999999999962e-01,1.000000000000000000e+00,-8.429499999999999493e-02
2.911822588384151459e+03,4.317679999999999851e-01,1.000000000000000000e+00,-9.450999999999999679e-02
2.976642831563949585e+03,3.496049999999999991e-01,1.000000000000000000e+00,-2.006920000000000093e-01
2.983124851822853088e+03,3.848300000000000054e-01,1.000000000000000000e+00,-1.512370000000000103e-01
3.009052963018417358e+03,3.568500000000000005e-01,1.000000000000000000e+00,-1.907880000000000131e-01
3.067391165971755981e+03,3.844319999999999959e-01,1.000000000000000000e+00,-1.588710000000000122e-01
3.080355216622352600e+03,3.216200000000000170e-01,1.000000000000000000e+00,-2.242570000000000119e-01
3.116006328403949738e+03,4.132129999999999970e-01,1.000000000000000000e+00,-1.172919999999999935e-01
3.119247358560562134e+03,4.013109999999999733e-01,9.999989999999999712e-01,-1.357059999999999933e-01
3.141934439659118652e+03,4.212779999999999858e-01,9.999989999999999712e-01,-1.092019999999999935e-01
3.145175439834594727e+03,3.643170000000000019e-01,1.000000000000000000e+00,-1.800819999999999921e-01
3.177585561454296112e+03,3.435110000000000108e-01,1.000000000000000000e+00,-2.124590000000000090e-01
3.203513662755489349e+03,3.033069999999999933e-01,1.000000000000000000e+00,-2.536570000000000213e-01
3.226200753808021545e+03,3.473580000000000001e-01,1.000000000000000000e+00,-1.979329999999999978e-01
3.235923784375190735e+03,4.696049999999999947e-01,1.000000000000000000e+00,-3.707300000000000179e-02
3.248887815058231354e+03,4.861860000000000070e-01,1.000000000000000000e+00,-2.819199999999999831e-02
3.261851875662803650e+03,5.096260000000000234e-01,1.000000000000000000e+00,-8.486000000000000487e-03
3.268333895981311798e+03,5.086659999999999515e-01,1.000000000000000000e+00,7.986000000000000043e-03
3.271574916064739227e+03,3.963380000000000236e-01,1.000000000000000000e+00,-1.540999999999999870e-01
3.316949088275432587e+03,3.558660000000000156e-01,1.000000000000000000e+00,-2.064950000000000119e-01
3.326672128796577454e+03,3.315969999999999751e-01,1.000000000000000000e+00,-2.041149999999999909e-01
3.414179453194141388e+03,3.496489999999999876e-01,1.000000000000000000e+00,-2.061560000000000059e-01
3.417420453429222107e+03,3.977140000000000120e-01,1.000000000000000000e+00,-1.551389999999999991e-01
3.430384504020214081e+03,4.178419999999999912e-01,1.000000000000000000e+00,-1.075509999999999938e-01
3.430384504020214081e+03,4.004989999999999939e-01,1.000000000000000000e+00,-1.365490000000000037e-01
3.440107554435729980e+03,3.595430000000000015e-01,1.000000000000000000e+00,-1.777080000000000048e-01
3.449830594897270203e+03,3.977140000000000120e-01,1.000000000000000000e+00,-1.551389999999999991e-01
3.508168807864189148e+03,3.762210000000000276e-01,1.000000000000000000e+00,-1.948479999999999934e-01
3.511409808099269867e+03,4.328370000000000273e-01,1.000000000000000000e+00,-1.063550000000000051e-01
3.540578929483890533e+03,4.625119999999999787e-01,1.000000000000000000e+00,-5.956299999999999789e-02
3.553542980074882507e+03,4.874330000000000052e-01,1.000000000000000000e+00,-2.078999999999999945e-02
3.556784000217914581e+03,6.049160000000000093e-01,1.000000000000000000e+00,1.651499999999999913e-01
3.589194111943244934e+03,6.266000000000000458e-01,1.000000000000000000e+00,1.944660000000000000e-01
3.589194111943244934e+03,4.326369999999999938e-01,1.000000000000000000e+00,-9.253799999999999526e-02
3.657255375325679779e+03,5.444999999999999840e-01,1.000000000000000000e+00,3.741699999999999887e-02
3.670219435930252075e+03,3.952609999999999735e-01,1.000000000000000000e+00,-1.560920000000000085e-01
3.673460436105728149e+03,4.387739999999999974e-01,1.000000000000000000e+00,-1.131619999999999987e-01
3.692906527042388916e+03,4.389919999999999933e-01,1.000000000000000000e+00,-1.323070000000000079e-01
3.696147527277469635e+03,4.878790000000000071e-01,1.000000000000000000e+00,-8.200000000000000691e-03
3.699388557314872742e+03,4.745340000000000114e-01,1.000000000000000000e+00,-6.681800000000000239e-02
3.741521709501743317e+03,3.204370000000000274e-01,1.000000000000000000e+00,-2.103129999999999999e-01
3.757726760447025299e+03,3.068629999999999969e-01,1.000000000000000000e+00,-2.374529999999999974e-01
3.767449830710887909e+03,4.917719999999999869e-01,1.000000000000000000e+00,-4.269699999999999884e-02
3.767449830710887909e+03,4.723640000000000061e-01,1.000000000000000000e+00,-6.760800000000000143e-02
3.773931851029396057e+03,5.268960000000000310e-01,1.000000000000000000e+00,5.666600000000000109e-02
3.799859952330589294e+03,5.760349999999999637e-01,1.000000000000000000e+00,1.271700000000000053e-01
3.809582982838153839e+03,5.932859999999999800e-01,1.000000000000000000e+00,1.462859999999999994e-01
3.832270073950290680e+03,6.011889999999999734e-01,1.000000000000000000e+00,1.688540000000000041e-01
3.841993114471435547e+03,5.574059999999999571e-01,1.000000000000000000e+00,7.841399999999999759e-02
3.884126286506652832e+03,4.660670000000000091e-01,1.000000000000000000e+00,-7.896400000000000641e-02
3.910054387867450714e+03,5.399000000000000465e-01,1.000000000000000000e+00,2.753799999999999998e-02
3.955428560137748718e+03,5.918179999999999552e-01,1.000000000000000000e+00,1.278489999999999904e-01
3.968392630696296692e+03,4.282520000000000215e-01,9.999989999999999712e-01,-1.092019999999999935e-01
3.974874651074409485e+03,2.866420000000000079e-01,1.000000000000000000e+00,-2.813069999999999737e-01
4.026730843722820282e+03,4.244009999999999727e-01,9.999989999999999712e-01,-1.025810000000000055e-01
4.033212874054908752e+03,4.222870000000000235e-01,1.000000000000000000e+00,-1.057000000000000023e-01
4.039694904327392578e+03,4.040719999999999867e-01,1.000000000000000000e+00,-1.147600000000000009e-01
4.059141005158424377e+03,4.272279999999999966e-01,1.000000000000000000e+00,-9.226800000000000279e-02
4.068864045679569244e+03,4.371999999999999775e-01,1.000000000000000000e+00,-8.827500000000000624e-02
4.075346075952053070e+03,4.231039999999999801e-01,1.000000000000000000e+00,-1.065519999999999939e-01
4.081828086376190186e+03,3.388169999999999793e-01,1.000000000000000000e+00,-2.175719999999999876e-01
4.085069106519222260e+03,3.293470000000000009e-01,1.000000000000000000e+00,-2.279460000000000097e-01
4.098033157169818878e+03,3.419320000000000137e-01,1.000000000000000000e+00,-2.138649999999999995e-01
4.146648369550704956e+03,3.404139999999999944e-01,1.000000000000000000e+00,-2.080150000000000055e-01
4.201745592296123505e+03,2.436979999999999980e-01,1.000000000000000000e+00,-3.212409999999999988e-01
4.221191663324832916e+03,3.464260000000000117e-01,1.000000000000000000e+00,-1.921549999999999925e-01
4.221191663324832916e+03,3.555829999999999824e-01,1.000000000000000000e+00,-1.885409999999999864e-01
4.344350189387798309e+03,3.736129999999999729e-01,1.000000000000000000e+00,-1.587240000000000040e-01
4.350832219719886780e+03,4.134109999999999729e-01,1.000000000000000000e+00,-1.147600000000000009e-01
4.373519310832023621e+03,3.964340000000000086e-01,1.000000000000000000e+00,-1.287939999999999918e-01
4.383242351353168488e+03,3.933860000000000134e-01,1.000000000000000000e+00,-1.299210000000000087e-01
4.418893513023853302e+03,4.139959999999999751e-01,1.000000000000000000e+00,-1.146660000000000040e-01
4.454544654905796051e+03,3.666860000000000119e-01,1.000000000000000000e+00,-1.682339999999999947e-01
4.467508715510368347e+03,3.653930000000000233e-01,1.000000000000000000e+00,-1.682339999999999947e-01
4.499918847143650055e+03,3.838759999999999950e-01,1.000000000000000000e+00,-1.482700000000000129e-01
4.512882907748222351e+03,3.579570000000000252e-01,1.000000000000000000e+00,-1.718300000000000105e-01
4.542052039206027985e+03,3.727679999999999882e-01,1.000000000000000000e+00,-1.606370000000000020e-01
4.551775079667568207e+03,3.216419999999999835e-01,1.000000000000000000e+00,-2.273280000000000023e-01
4.587426241397857666e+03,1.732859999999999956e-01,1.000000000000000000e+00,-3.858530000000000015e-01
4.610113342583179474e+03,1.672190000000000065e-01,1.000000000000000000e+00,-3.876850000000000018e-01
4.623077383220195770e+03,1.332619999999999916e-01,1.000000000000000000e+00,-4.058350000000000013e-01
4.658728554964065552e+03,1.153750000000000053e-01,1.000000000000000000e+00,-4.238680000000000225e-01
4.681415646076202393e+03,1.300469999999999959e-01,1.000000000000000000e+00,-4.253060000000000174e-01
4.687897686421871185e+03,1.398830000000000073e-01,1.000000000000000000e+00,-4.221699999999999897e-01
4.733271888613700867e+03,6.791400000000000214e-02,1.000000000000000000e+00,-4.640509999999999913e-01
4.749476939558982849e+03,1.772549999999999959e-01,1.000000000000000000e+00,-3.761539999999999884e-01
4.765682020246982574e+03,4.681699999999999751e-02,1.000000000000000000e+00,-4.821610000000000062e-01
4.794851141810417175e+03,4.424000000000000155e-02,1.000000000000000000e+00,-4.821610000000000062e-01
4.811056212604045868e+03,2.898099999999999982e-02,1.000000000000000000e+00,-4.921650000000000191e-01
4.820779253065586090e+03,3.188499999999999668e-02,1.000000000000000000e+00,-4.907299999999999995e-01
4.853189394712448120e+03,-9.946599999999999886e-02,4.277889999999999748e-01,-1.000000000000000000e+00
4.862912445127964020e+03,-1.804890000000000105e-01,3.527000000000000135e-01,-1.000000000000000000e+00
4.895322596788406372e+03,-2.044690000000000119e-01,3.317100000000000048e-01,-1.000000000000000000e+00
5.018481152892112732e+03,-1.908590000000000009e-01,3.379249999999999754e-01,-1.000000000000000000e+00
5.021722173035144806e+03,-1.920389999999999875e-01,3.396009999999999862e-01,-1.000000000000000000e+00
5.080060435891151428e+03,-2.961730000000000196e-01,2.118130000000000013e-01,-1.000000000000000000e+00
5.099506526887416840e+03,-2.279849999999999932e-01,3.306740000000000235e-01,-1.000000000000000000e+00
5.212942052483558655e+03,-2.102690000000000115e-01,3.379249999999999754e-01,-1.000000000000000000e+00
5.235629143655300140e+03,-2.047569999999999946e-01,3.373010000000000175e-01,-1.000000000000000000e+00
5.258316254794597626e+03,-2.128170000000000062e-01,3.377029999999999754e-01,-1.000000000000000000e+00
5.264798285126686096e+03,-2.106790000000000052e-01,3.465300000000000047e-01,-1.000000000000000000e+00
5.281003365933895111e+03,-3.370460000000000123e-01,1.807729999999999893e-01,-1.000000000000000000e+00
5.281003365933895111e+03,-4.140590000000000104e-01,7.459399999999999364e-02,-1.000000000000000000e+00
5.310172497332096100e+03,-4.305629999999999735e-01,6.661799999999999666e-02,-1.000000000000000000e+00
5.329618588328361511e+03,-3.590740000000000043e-01,1.503269999999999884e-01,-1.000000000000000000e+00
5.332859608471393585e+03,-3.842999999999999750e-01,1.295459999999999945e-01,-1.000000000000000000e+00
5.339341638743877411e+03,-4.416359999999999730e-01,4.174499999999999739e-02,-1.000000000000000000e+00
5.339341638743877411e+03,-4.554010000000000002e-01,3.296099999999999725e-02,-1.000000000000000000e+00
5.355546719551086426e+03,-6.190170000000000394e-01,-2.366369999999999862e-01,-1.000000000000000000e+00
5.374992800593376160e+03,-4.047040000000000082e-01,1.006299999999999972e-01,-1.000000000000000000e+00
5.378233820676803589e+03,-3.848829999999999751e-01,1.253209999999999880e-01,-1.000000000000000000e+00
5.381474830925464630e+03,-3.840600000000000125e-01,1.057300000000000045e-01,-1.000000000000000000e+00
5.400920931816101074e+03,-4.054630000000000178e-01,1.026730000000000004e-01,-1.000000000000000000e+00
5.436572093665599823e+03,-4.224959999999999827e-01,7.309100000000000319e-02,-1.000000000000000000e+00
5.481946305871009827e+03,-4.121110000000000051e-01,3.696599999999999886e-02,-1.000000000000000000e+00
5.485187335968017578e+03,-4.126009999999999955e-01,3.826399999999999940e-02,-1.000000000000000000e+00
5.504633397102355957e+03,-2.345909999999999940e-01,2.706770000000000009e-01,-1.000000000000000000e+00
5.507874427199363708e+03,-4.340330000000000021e-01,4.857600000000000112e-02,-1.000000000000000000e+00
5.517597487568855286e+03,-2.531570000000000209e-01,2.441089999999999927e-01,-1.000000000000000000e+00
5.524079517900943756e+03,-4.348429999999999795e-01,4.857600000000000112e-02,-1.000000000000000000e+00
5.527320528149604797e+03,-4.289200000000000235e-01,3.592900000000000260e-02,-1.000000000000000000e+00
5.530561548173427582e+03,-4.194300000000000250e-01,5.147999999999999798e-02,-1.000000000000000000e+00
5.543525598943233490e+03,-2.654759999999999898e-01,2.197149999999999936e-01,-1.000000000000000000e+00
5.605104891955852509e+03,-3.697700000000000292e-02,4.484779999999999878e-01,-1.000000000000000000e+00
5.705576396822929382e+03,-5.845000000000000369e-03,4.851380000000000137e-01,-1.000000000000000000e+00
5.721781477689743042e+03,-2.088750000000000051e-01,3.293820000000000081e-01,-1.000000000000000000e+00
5.786601780951023102e+03,-2.693119999999999958e-01,2.575540000000000052e-01,-1.000000000000000000e+00
5.796324831426143646e+03,-1.079630000000000034e-01,4.366550000000000153e-01,-1.000000000000000000e+00
5.799565851569175720e+03,-1.132289999999999963e-01,4.270780000000000132e-01,-1.000000000000000000e+00
5.822252952754497528e+03,-6.196700000000000125e-02,4.600529999999999897e-01,-1.000000000000000000e+00
5.854663124263286591e+03,-6.114399999999999696e-02,4.352230000000000265e-01,-1.000000000000000000e+00
5.896796316444873810e+03,-5.015399999999999719e-02,4.515199999999999769e-01,-1.000000000000000000e+00
5.906519366979598999e+03,-2.618200000000000041e-02,4.668160000000000087e-01,-1.000000000000000000e+00
5.919483427584171295e+03,9.268600000000000450e-02,9.999980000000000535e-01,-4.285149999999999793e-01
5.942170548677444458e+03,2.676370000000000138e-01,1.000000000000000000e+00,-2.851879999999999971e-01
5.942170548677444458e+03,2.884369999999999989e-01,1.000000000000000000e+00,-2.721589999999999843e-01
5.945411558866500854e+03,2.853829999999999978e-01,1.000000000000000000e+00,-2.618619999999999837e-01
5.951893589198589325e+03,2.623759999999999981e-01,1.000000000000000000e+00,-2.903439999999999910e-01
5.961616629660129547e+03,2.250659999999999883e-01,1.000000000000000000e+00,-3.254090000000000038e-01
6.013472892224788666e+03,2.280810000000000060e-01,1.000000000000000000e+00,-3.254090000000000038e-01
6.045883053839206696e+03,3.724569999999999825e-01,1.000000000000000000e+00,-2.007980000000000043e-01
6.049124064028263092e+03,4.680969999999999853e-01,1.000000000000000000e+00,-8.179899999999999671e-02
6.062088114798069000e+03,3.662009999999999987e-01,1.000000000000000000e+00,-2.001199999999999923e-01
6.065329154789447784e+03,4.378850000000000242e-01,1.000000000000000000e+00,-1.200579999999999981e-01
6.068570164978504181e+03,4.238819999999999810e-01,1.000000000000000000e+00,-1.323070000000000079e-01
6.075052205264568329e+03,4.229680000000000106e-01,1.000000000000000000e+00,-1.377770000000000106e-01
6.097739316403865814e+03,4.765090000000000159e-01,1.000000000000000000e+00,-8.429499999999999493e-02
6.123667437732219696e+03,4.745340000000000114e-01,1.000000000000000000e+00,-7.414600000000000357e-02
6.133390498101711273e+03,4.874550000000000272e-01,1.000000000000000000e+00,-6.728199999999999459e-02
6.136631508290767670e+03,5.642260000000000053e-01,1.000000000000000000e+00,6.220699999999999841e-02
6.136631508290767670e+03,4.455569999999999808e-01,1.000000000000000000e+00,-1.201080000000000064e-01
6.149595578968524933e+03,5.392090000000000494e-01,1.000000000000000000e+00,2.937599999999999933e-02
6.162559639632701874e+03,4.452519999999999811e-01,1.000000000000000000e+00,-1.001039999999999985e-01
6.224138952672481537e+03,4.484440000000000093e-01,1.000000000000000000e+00,-9.909900000000000653e-02
6.233862013101577759e+03,4.140880000000000116e-01,1.000000000000000000e+00,-1.287939999999999918e-01
6.292200296044349670e+03,3.156269999999999909e-01,1.000000000000000000e+00,-2.138649999999999995e-01
6.314887417197227478e+03,5.108730000000000215e-01,1.000000000000000000e+00,-1.539399999999999970e-02
6.363502659678459167e+03,5.935470000000000468e-01,1.000000000000000000e+00,1.086450000000000055e-01
6.366743669867515564e+03,4.330280000000000240e-01,1.000000000000000000e+00,-1.287939999999999918e-01
6.376466730237007141e+03,4.441169999999999840e-01,1.000000000000000000e+00,-1.003939999999999971e-01
6.379707740485668182e+03,4.102830000000000088e-01,1.000000000000000000e+00,-1.318219999999999947e-01
6.386189770758152008e+03,4.110389999999999877e-01,9.999989999999999712e-01,-1.269099999999999950e-01
6.428323002815246582e+03,4.026529999999999831e-01,9.999989999999999712e-01,-1.427090000000000025e-01
6.463974174618721008e+03,4.134109999999999729e-01,9.999989999999999712e-01,-1.162460000000000021e-01
6.486661285758018494e+03,2.614639999999999742e-01,1.000000000000000000e+00,-2.910829999999999806e-01
6.538517558276653290e+03,2.353989999999999971e-01,1.000000000000000000e+00,-3.058670000000000000e-01
6.554722649097442627e+03,2.179119999999999946e-01,1.000000000000000000e+00,-3.182490000000000041e-01
6.577409760236740112e+03,2.173869999999999969e-01,1.000000000000000000e+00,-3.285100000000000242e-01
6.580650770425796509e+03,2.113480000000000081e-01,1.000000000000000000e+00,-3.322419999999999818e-01
6.606578921675682068e+03,2.404979999999999896e-01,1.000000000000000000e+00,-3.020869999999999944e-01
6.616301962137222290e+03,4.437280000000000113e-01,1.000000000000000000e+00,-1.150069999999999981e-01
6.629266042768955231e+03,4.569690000000000141e-01,1.000000000000000000e+00,-9.814699999999999813e-02
6.632507052958011627e+03,3.817340000000000177e-01,1.000000000000000000e+00,-1.646620000000000028e-01
6.684363325536251068e+03,3.445550000000000002e-01,1.000000000000000000e+00,-2.081969999999999932e-01
6.723255527496337891e+03,4.239339999999999775e-01,1.000000000000000000e+00,-1.418290000000000106e-01
6.739460608303546906e+03,3.373309999999999920e-01,1.000000000000000000e+00,-2.029990000000000128e-01
6.758906709313392639e+03,2.258989999999999887e-01,1.000000000000000000e+00,-3.153549999999999964e-01
6.765388739585876465e+03,9.548099999999999643e-02,1.000000000000000000e+00,-4.405290000000000039e-01
6.765388739585876465e+03,6.755400000000000293e-02,1.000000000000000000e+00,-4.655429999999999846e-01
6.807521941781044006e+03,7.213300000000000267e-02,1.000000000000000000e+00,-4.569810000000000261e-01
6.830209092736244202e+03,-5.656499999999999723e-02,4.577990000000000115e-01,-1.000000000000000000e+00
6.843173153460025787e+03,-5.463099999999999901e-02,4.621069999999999900e-01,-1.000000000000000000e+00
6.852896213889122009e+03,-7.010700000000000265e-02,4.640349999999999753e-01,-1.000000000000000000e+00
6.852896213889122009e+03,-1.136270000000000058e-01,4.208479999999999999e-01,-1.000000000000000000e+00
6.885306385517120361e+03,-1.552129999999999899e-01,3.689609999999999834e-01,-1.000000000000000000e+00
6.885306385517120361e+03,-1.447640000000000038e-01,3.897550000000000181e-01,-1.000000000000000000e+00
6.891788405895233154e+03,-1.451999999999999957e-01,3.700330000000000008e-01,-1.000000000000000000e+00
6.989018930733203888e+03,-1.569859999999999867e-01,3.635849999999999915e-01,-1.000000000000000000e+00
6.992259960770606995e+03,-2.545879999999999810e-01,2.519480000000000053e-01,-1.000000000000000000e+00
7.031152142941951752e+03,-2.410819999999999907e-01,2.884470000000000089e-01,-1.000000000000000000e+00
7.118659637033939362e+03,-1.302329999999999877e-01,3.904400000000000093e-01,-1.000000000000000000e+00
7.118659637033939362e+03,-1.771079999999999877e-01,3.454409999999999981e-01,-1.000000000000000000e+00
7.151069808721542358e+03,-1.748119999999999952e-01,3.593279999999999808e-01,-1.000000000000000000e+00
7.170515909731388092e+03,-1.676020000000000010e-01,3.612719999999999820e-01,-1.000000000000000000e+00
7.196444060981273651e+03,-2.106119999999999937e-01,3.373849999999999905e-01,-1.000000000000000000e+00
7.219131182074546814e+03,-1.717720000000000080e-01,3.821260000000000212e-01,-1.000000000000000000e+00
7.241818303167819977e+03,-1.811369999999999925e-01,3.812889999999999890e-01,-1.000000000000000000e+00
7.251541353702545166e+03,-1.725720000000000032e-01,3.802989999999999982e-01,-1.000000000000000000e+00
7.274228484809398651e+03,-1.463929999999999954e-01,3.966399999999999926e-01,-1.000000000000000000e+00
7.348771898448467255e+03,-1.344339999999999979e-01,4.042990000000000195e-01,-1.000000000000000000e+00
7.368217989504337311e+03,-1.431070000000000120e-01,3.904460000000000153e-01,-1.000000000000000000e+00
7.390905120611190796e+03,-1.383669999999999900e-01,3.989349999999999841e-01,-1.000000000000000000e+00
7.413592241764068604e+03,-1.393870000000000109e-01,3.981589999999999852e-01,-1.000000000000000000e+00
7.452484463691711426e+03,-2.652999999999999803e-01,2.982190000000000119e-01,-1.000000000000000000e+00
7.458966494023799896e+03,-2.364650000000000085e-01,3.144190000000000040e-01,-1.000000000000000000e+00
7.481653625071048737e+03,-2.501430000000000042e-01,3.013689999999999980e-01,-1.000000000000000000e+00
7.497858715891838074e+03,-2.399759999999999949e-01,3.145609999999999795e-01,-1.000000000000000000e+00
7.572402119696140289e+03,-2.421599999999999864e-01,3.095899999999999763e-01,-1.000000000000000000e+00
7.575643149793148041e+03,-1.168610000000000065e-01,4.214640000000000053e-01,-1.000000000000000000e+00
7.718247936904430389e+03,-5.865999999999999687e-02,4.791949999999999821e-01,-1.000000000000000000e+00
7.744176098108291626e+03,-3.642000000000000098e-02,4.994959999999999956e-01,-1.000000000000000000e+00
7.802514421105384827e+03,-3.944700000000000290e-02,4.911119999999999930e-01,-1.000000000000000000e+00
7.883539865136146545e+03,2.678699999999999831e-02,1.000000000000000000e+00,-4.957300000000000040e-01
7.909468026340007782e+03,2.804999999999999855e-02,1.000000000000000000e+00,-5.035760000000000236e-01
7.925673117160797119e+03,1.423000000000000098e-01,1.000000000000000000e+00,-4.148729999999999918e-01
7.941878207981586456e+03,1.621799999999999908e-01,1.000000000000000000e+00,-4.056370000000000253e-01
7.974288409531116486e+03,1.810199999999999865e-01,1.000000000000000000e+00,-3.805490000000000261e-01
7.977529419720172882e+03,5.198699999999999849e-02,1.000000000000000000e+00,-4.856880000000000086e-01
7.980770429909229279e+03,5.198699999999999849e-02,1.000000000000000000e+00,-4.802290000000000170e-01
8.032626732468605042e+03,1.873940000000000050e-01,1.000000000000000000e+00,-3.566650000000000098e-01
8.058554873764514923e+03,2.657519999999999882e-01,1.000000000000000000e+00,-2.930300000000000127e-01
8.149303408265113831e+03,2.593790000000000262e-01,1.000000000000000000e+00,-3.058670000000000000e-01
8.184954620003700256e+03,2.566030000000000255e-01,1.000000000000000000e+00,-3.211240000000000205e-01
8.204400721013545990e+03,2.532570000000000099e-01,1.000000000000000000e+00,-3.176289999999999947e-01
8.207641751110553741e+03,3.126419999999999755e-01,1.000000000000000000e+00,-2.295810000000000073e-01
8.233569892406463623e+03,3.073649999999999993e-01,1.000000000000000000e+00,-2.462870000000000059e-01
8.236810912609100342e+03,3.515840000000000076e-01,1.000000000000000000e+00,-1.982659999999999978e-01
8.240051932752132416e+03,3.355949999999999767e-01,1.000000000000000000e+00,-2.273280000000000023e-01
8.240051932752132416e+03,4.406950000000000034e-01,9.999989999999999712e-01,-9.152200000000000613e-02
8.240051932752132416e+03,5.091890000000000027e-01,1.000000000000000000e+00,-1.046000000000000055e-03
8.253016003489494324e+03,5.281120000000000259e-01,1.000000000000000000e+00,1.485500000000000015e-02
8.275703134596347809e+03,4.473829999999999751e-01,1.000000000000000000e+00,-7.393199999999999772e-02
8.282185174882411957e+03,4.476600000000000024e-01,9.999989999999999712e-01,-7.696799999999999475e-02
8.298390265703201294e+03,4.642069999999999808e-01,1.000000000000000000e+00,-5.438300000000000078e-02
8.314595356523990631e+03,3.828480000000000216e-01,1.000000000000000000e+00,-1.530320000000000014e-01
8.343764537930488586e+03,4.625859999999999972e-01,1.000000000000000000e+00,-6.405900000000000483e-02
8.350246578216552734e+03,4.382849999999999802e-01,1.000000000000000000e+00,-7.727000000000000535e-02
8.395620840489864349e+03,4.006709999999999994e-01,1.000000000000000000e+00,-1.262020000000000086e-01
8.408584911167621613e+03,4.670569999999999999e-01,1.000000000000000000e+00,-4.775000000000000078e-02
8.444236122965812683e+03,3.969699999999999895e-01,1.000000000000000000e+00,-1.277480000000000004e-01
8.447477153003215790e+03,3.577359999999999984e-01,1.000000000000000000e+00,-1.912810000000000066e-01
8.489610395193099976e+03,2.294029999999999958e-01,1.000000000000000000e+00,-3.085840000000000249e-01
8.509056516051292419e+03,1.948040000000000049e-01,1.000000000000000000e+00,-3.409420000000000228e-01
8.512297526240348816e+03,2.034110000000000085e-01,1.000000000000000000e+00,-3.270370000000000221e-01
8.541466707766056061e+03,1.945270000000000055e-01,1.000000000000000000e+00,-3.288769999999999749e-01
8.560912808775901794e+03,6.755400000000000293e-02,1.000000000000000000e+00,-4.604070000000000107e-01
8.606287081003189087e+03,7.708700000000000274e-02,1.000000000000000000e+00,-4.528670000000000195e-01
8.641938302695751190e+03,6.611200000000000410e-02,1.000000000000000000e+00,-4.663430000000000075e-01
8.648420342981815338e+03,2.053409999999999958e-01,1.000000000000000000e+00,-3.479110000000000258e-01
8.729445817053318024e+03,3.114239999999999786e-01,1.000000000000000000e+00,-2.520569999999999755e-01
8.742409897685050964e+03,2.844909999999999939e-01,1.000000000000000000e+00,-2.944280000000000230e-01
8.807230290949344635e+03,2.912870000000000181e-01,1.000000000000000000e+00,-2.663260000000000072e-01
8.891496795117855072e+03,3.307050000000000267e-01,1.000000000000000000e+00,-2.242570000000000119e-01
8.923907006621360779e+03,3.284059999999999757e-01,1.000000000000000000e+00,-2.257579999999999865e-01
8.933630047261714935e+03,1.933449999999999891e-01,1.000000000000000000e+00,-3.585940000000000238e-01
8.933630047261714935e+03,2.167620000000000102e-01,1.000000000000000000e+00,-3.394030000000000102e-01
8.933630047261714935e+03,2.083619999999999917e-01,1.000000000000000000e+00,-3.488829999999999987e-01
8.936871077299118042e+03,6.116499999999999715e-02,1.000000000000000000e+00,-4.699800000000000089e-01
8.962799228668212891e+03,1.768399999999999972e-01,1.000000000000000000e+00,-3.804409999999999736e-01
8.969281269013881683e+03,2.012549999999999895e-01,1.000000000000000000e+00,-3.520329999999999848e-01
8.988727389872074127e+03,1.772569999999999979e-01,1.000000000000000000e+00,-3.827019999999999866e-01
9.040583702504634857e+03,2.039259999999999962e-01,1.000000000000000000e+00,-3.542910000000000226e-01
9.066511853873729706e+03,8.112800000000000566e-02,1.000000000000000000e+00,-4.655429999999999846e-01
9.072993904054164886e+03,8.243599999999999539e-02,1.000000000000000000e+00,-4.592080000000000051e-01
9.085957974731922150e+03,9.773700000000000443e-02,1.000000000000000000e+00,-4.405290000000000039e-01
9.163742448687553406e+03,9.584499999999999964e-02,1.000000000000000000e+00,-4.431050000000000266e-01
9.166983478724956512e+03,8.983499999999999819e-02,1.000000000000000000e+00,-4.348219999999999863e-01
9.173465519070625305e+03,6.595600000000000074e-02,1.000000000000000000e+00,-4.431050000000000266e-01
9.176706539273262024e+03,9.569700000000000428e-02,1.000000000000000000e+00,-4.326380000000000225e-01
9.231803872048854828e+03,4.097699999999999954e-02,1.000000000000000000e+00,-4.584019999999999762e-01
9.257732043266296387e+03,-3.517800000000000094e-02,4.785159999999999969e-01,-1.000000000000000000e+00
9.277178144335746765e+03,1.992810000000000137e-01,1.000000000000000000e+00,-3.553680000000000172e-01
9.322552436470985413e+03,1.484300000000000064e-01,1.000000000000000000e+00,-3.831919999999999771e-01
9.338757537305355072e+03,1.480390000000000039e-01,1.000000000000000000e+00,-3.843449999999999922e-01
9.341998567402362823e+03,2.200900000000000079e-02,1.000000000000000000e+00,-4.809820000000000206e-01
9.361444678366184235e+03,3.543299999999999922e-02,1.000000000000000000e+00,-4.750789999999999735e-01
9.367926718711853027e+03,4.301399999999999668e-02,1.000000000000000000e+00,-4.777100000000000235e-01
9.367926718711853027e+03,1.682170000000000054e-01,1.000000000000000000e+00,-3.664620000000000100e-01
9.380890789449214935e+03,3.744700000000000112e-02,1.000000000000000000e+00,-4.777100000000000235e-01
9.435988142073154449e+03,6.747699999999999532e-02,1.000000000000000000e+00,-4.553059999999999885e-01
9.439229162275791168e+03,-8.793000000000000468e-03,4.835840000000000138e-01,-1.000000000000000000e+00
9.445711202561855316e+03,-2.619700000000000153e-02,4.785159999999999969e-01,-1.000000000000000000e+00
9.448952212750911713e+03,-2.252820000000000100e-01,2.741930000000000200e-01,-1.000000000000000000e+00
9.461916293501853943e+03,-2.711430000000000229e-01,2.608090000000000130e-01,-1.000000000000000000e+00
9.491085484802722931e+03,-4.346539999999999848e-01,5.522699999999999831e-02,-1.000000000000000000e+00
9.510531605899333954e+03,-5.441789999999999683e-01,-1.348080000000000112e-01,-1.000000000000000000e+00
9.529977726757526398e+03,-4.221230000000000260e-01,5.361799999999999899e-02,-1.000000000000000000e+00
9.539700787305831909e+03,-4.299330000000000096e-01,5.624300000000000133e-02,-1.000000000000000000e+00
9.617485271155834198e+03,-4.724099999999999966e-01,-1.673600000000000088e-02,-1.000000000000000000e+00
9.640172422230243683e+03,-4.515649999999999942e-01,-1.675000000000000100e-02,-1.000000000000000000e+00
9.662859563350677490e+03,-4.582359999999999767e-01,-3.334499999999999964e-02,-1.000000000000000000e+00
9.675823643982410431e+03,-4.492590000000000194e-01,-2.546899999999999858e-02,-1.000000000000000000e+00
9.679064664185047150e+03,-3.694169999999999954e-01,6.903700000000000114e-02,-1.000000000000000000e+00
9.708233845591545105e+03,-3.665100000000000025e-01,1.285169999999999924e-01,-1.000000000000000000e+00
9.717956906139850616e+03,-1.618439999999999879e-01,3.342620000000000036e-01,-1.000000000000000000e+00
9.740644047200679779e+03,-1.943169999999999897e-01,3.341379999999999906e-01,-1.000000000000000000e+00
9.743885067403316498e+03,-1.600689999999999891e-01,3.469909999999999939e-01,-1.000000000000000000e+00
9.747126097559928894e+03,-3.698819999999999886e-01,1.299750000000000072e-01,-1.000000000000000000e+00
9.802223440349102020e+03,-3.953300000000000147e-01,1.030729999999999980e-01,-1.000000000000000000e+00
9.802223440349102020e+03,-3.181840000000000224e-01,2.141099999999999948e-01,-1.000000000000000000e+00
9.802223440349102020e+03,-3.351270000000000082e-01,1.953129999999999866e-01,-1.000000000000000000e+00
9.811946500778198242e+03,-1.754570000000000018e-01,3.601219999999999977e-01,-1.000000000000000000e+00
9.824910591423511505e+03,-1.760519999999999863e-01,3.588450000000000251e-01,-1.000000000000000000e+00
9.841115692198276520e+03,-1.756439999999999946e-01,3.659850000000000048e-01,-1.000000000000000000e+00
9.844356702446937561e+03,3.076100000000000015e-02,9.999980000000000535e-01,-4.784729999999999817e-01
9.850838752746582031e+03,9.528000000000000358e-02,9.999980000000000535e-01,-4.117379999999999929e-01
9.850838752746582031e+03,2.013979999999999937e-01,1.000000000000000000e+00,-3.566289999999999738e-01
9.905936095476150513e+03,2.182330000000000103e-01,1.000000000000000000e+00,-3.213630000000000098e-01
9.980479579150676727e+03,2.288570000000000049e-01,1.000000000000000000e+00,-3.068670000000000009e-01
9.980479579150676727e+03,2.024640000000000051e-01,1.000000000000000000e+00,-3.343849999999999878e-01
1.001613081085681915e+04,4.108280000000000265e-01,1.000000000000000000e+00,-9.396100000000000285e-02
1.004529999238252640e+04,1.908160000000000134e-01,9.999989999999999712e-01,-3.555249999999999799e-01
1.005178203266859055e+04,3.868510000000000004e-01,1.000000000000000000e+00,-1.205100000000000060e-01
1.006150510311126709e+04,3.763679999999999803e-01,1.000000000000000000e+00,-1.737229999999999885e-01
1.011660244596004486e+04,4.819280000000000230e-01,1.000000000000000000e+00,-6.003499999999999809e-02
1.011984347605705261e+04,4.861300000000000066e-01,1.000000000000000000e+00,-5.416399999999999687e-02
1.016197673821449280e+04,5.597940000000000138e-01,1.000000000000000000e+00,4.787500000000000089e-02
1.017169980859756470e+04,5.750509999999999788e-01,1.000000000000000000e+00,6.973100000000000132e-02
1.020086899012327194e+04,5.775400000000000533e-01,1.000000000000000000e+00,6.734700000000000408e-02
1.020086899012327194e+04,5.797750000000000403e-01,1.000000000000000000e+00,7.081099999999999894e-02
1.022031512105464935e+04,4.831099999999999839e-01,1.000000000000000000e+00,-3.239000000000000212e-02
1.025272533267736435e+04,4.334890000000000132e-01,9.999989999999999712e-01,-9.226800000000000279e-02
1.025920737302303314e+04,4.370040000000000036e-01,1.000000000000000000e+00,-8.827500000000000624e-02
1.026568941330909729e+04,3.280370000000000230e-01,1.000000000000000000e+00,-2.167789999999999995e-01
1.027865350389480591e+04,2.104330000000000089e-01,1.000000000000000000e+00,-3.338380000000000236e-01
1.028513553428649902e+04,1.528670000000000029e-01,1.000000000000000000e+00,-3.918860000000000121e-01
1.029485861468315125e+04,1.517409999999999870e-01,1.000000000000000000e+00,-3.973090000000000233e-01
1.031754574590921402e+04,1.636430000000000107e-01,1.000000000000000000e+00,-3.785870000000000068e-01
1.033375086665153503e+04,1.849000000000000088e-01,1.000000000000000000e+00,-3.479110000000000258e-01
1.036616105842590332e+04,3.263789999999999747e-01,1.000000000000000000e+00,-2.279460000000000097e-01
1.040181230008602142e+04,3.004689999999999861e-01,1.000000000000000000e+00,-2.663260000000000072e-01
1.040505332022905350e+04,2.982210000000000139e-01,1.000000000000000000e+00,-2.556999999999999829e-01
1.043098149150609970e+04,3.180769999999999986e-01,1.000000000000000000e+00,-2.481599999999999917e-01
1.044718659234046936e+04,2.862600000000000144e-01,1.000000000000000000e+00,-2.813069999999999737e-01
1.044718659234046936e+04,2.912020000000000164e-01,1.000000000000000000e+00,-2.785610000000000031e-01
1.047311477357149124e+04,3.333240000000000092e-01,1.000000000000000000e+00,-2.081989999999999952e-01
1.052497110623121262e+04,1.518220000000000125e-01,1.000000000000000000e+00,-3.874949999999999783e-01
1.052497110623121262e+04,3.437500000000000278e-02,1.000000000000000000e+00,-4.815150000000000263e-01
1.053145314651727676e+04,5.465600000000000319e-02,9.999980000000000535e-01,-4.732999999999999985e-01
1.058330948907136917e+04,4.011499999999999788e-02,9.999980000000000535e-01,-4.703140000000000098e-01
1.072591442614793777e+04,1.731500000000000053e-02,1.000000000000000000e+00,-4.821610000000000062e-01
1.072915544635057449e+04,-6.695800000000000363e-02,4.632700000000000151e-01,-1.000000000000000000e+00
1.075184260737895966e+04,-4.448900000000000077e-02,4.719849999999999879e-01,-1.000000000000000000e+00
1.075508362758159637e+04,4.229999999999999732e-02,1.000000000000000000e+00,-4.777100000000000235e-01
1.076804771816730499e+04,5.990499999999999992e-02,1.000000000000000000e+00,-4.715280000000000027e-01
1.082962712126970291e+04,3.970699999999999924e-02,1.000000000000000000e+00,-4.942590000000000039e-01
1.083286814147233963e+04,1.118000000000000070e-02,1.000000000000000000e+00,-4.921650000000000191e-01
1.083935017192363739e+04,4.350899999999999906e-02,1.000000000000000000e+00,-4.739149999999999752e-01
1.084907325232028961e+04,4.264099999999999835e-02,1.000000000000000000e+00,-4.706270000000000175e-01
1.085879632270336151e+04,5.680500000000000133e-02,1.000000000000000000e+00,-4.627479999999999927e-01
1.086203734290599823e+04,4.215399999999999703e-02,1.000000000000000000e+00,-4.777620000000000200e-01
1.088472449398040771e+04,3.145499999999999685e-02,1.000000000000000000e+00,-4.893049999999999899e-01
1.089768857473134995e+04,6.529699999999999394e-02,1.000000000000000000e+00,-4.528670000000000195e-01
1.090417061501741409e+04,2.918359999999999843e-01,1.000000000000000000e+00,-2.548059999999999770e-01
1.091713470566272736e+04,5.198599999999999749e-02,1.000000000000000000e+00,-4.715280000000000027e-01
1.094630390709638596e+04,7.487299999999999511e-02,1.000000000000000000e+00,-4.564830000000000276e-01
1.101112433034181595e+04,2.575879999999999836e-01,1.000000000000000000e+00,-3.008930000000000216e-01
1.101436536043882370e+04,2.599509999999999876e-01,1.000000000000000000e+00,-2.959019999999999984e-01
1.106622170311212540e+04,2.831489999999999840e-01,1.000000000000000000e+00,-2.791009999999999880e-01
1.107270375341176987e+04,2.339009999999999978e-01,1.000000000000000000e+00,-3.192070000000000185e-01
1.109539090454578400e+04,2.269200000000000106e-01,1.000000000000000000e+00,-3.276740000000000208e-01
1.110835498523712158e+04,2.112860000000000016e-01,1.000000000000000000e+00,-3.314369999999999816e-01
1.111483701562881470e+04,2.831489999999999840e-01,1.000000000000000000e+00,-2.618619999999999837e-01
1.111483701562881470e+04,2.495989999999999875e-01,1.000000000000000000e+00,-2.953100000000000169e-01
1.112780111616849899e+04,2.060339999999999949e-01,1.000000000000000000e+00,-3.280469999999999775e-01
1.115048827725648880e+04,2.135859999999999981e-01,1.000000000000000000e+00,-3.299750000000000183e-01
1.116021133774518967e+04,1.614420000000000022e-01,1.000000000000000000e+00,-3.761169999999999791e-01
1.117641645842790604e+04,3.632500000000000312e-02,1.000000000000000000e+00,-4.671009999999999884e-01
1.119586257952451706e+04,4.036499999999999810e-02,1.000000000000000000e+00,-4.769269999999999898e-01
1.122827280116081238e+04,1.862709999999999921e-01,1.000000000000000000e+00,-3.470659999999999856e-01
1.122827280116081238e+04,1.459799999999999986e-01,1.000000000000000000e+00,-3.986469999999999736e-01
1.124771893203258514e+04,1.187160000000000021e-01,1.000000000000000000e+00,-4.263609999999999900e-01
1.133522652643918991e+04,9.393200000000000160e-02,1.000000000000000000e+00,-4.417869999999999853e-01
1.133522652643918991e+04,2.123829999999999885e-01,1.000000000000000000e+00,-3.504160000000000053e-01
1.137411878836154938e+04,2.144399999999999917e-01,1.000000000000000000e+00,-3.488829999999999987e-01
1.138384185886383057e+04,2.584750000000000103e-01,1.000000000000000000e+00,-3.214489999999999847e-01
1.138384185886383057e+04,2.548369999999999802e-01,1.000000000000000000e+00,-3.175390000000000157e-01
1.139032389914989471e+04,1.673689999999999900e-01,1.000000000000000000e+00,-3.843449999999999922e-01
1.140652900999784470e+04,4.026699999999999724e-02,1.000000000000000000e+00,-4.780170000000000252e-01
1.144866230201721191e+04,-4.412800000000000056e-02,4.756850000000000245e-01,-1.000000000000000000e+00
1.149403660440444946e+04,-1.231919999999999960e-01,4.261960000000000193e-01,-1.000000000000000000e+00
1.155561603730916977e+04,-9.462199999999999778e-02,4.529719999999999858e-01,-1.000000000000000000e+00
1.155561603730916977e+04,-2.044559999999999989e-01,3.495570000000000066e-01,-1.000000000000000000e+00
1.158802625888586044e+04,-1.844079999999999886e-01,3.635619999999999963e-01,-1.000000000000000000e+00
1.163015953117609024e+04,-9.368600000000000538e-02,4.325030000000000263e-01,-1.000000000000000000e+00
1.172739022582769394e+04,-1.174619999999999970e-01,4.214640000000000053e-01,-1.000000000000000000e+00
1.184730805188417435e+04,-6.101700000000000179e-02,4.694840000000000124e-01,-1.000000000000000000e+00
1.185054908192157745e+04,3.170499999999999707e-02,1.000000000000000000e+00,-5.003919999999999479e-01
1.192185157549381256e+04,2.971100000000000130e-02,1.000000000000000000e+00,-5.006660000000000554e-01
1.193157463604211807e+04,4.837600000000000233e-02,1.000000000000000000e+00,-4.797810000000000130e-01
1.194129771643877029e+04,4.036499999999999810e-02,1.000000000000000000e+00,-4.948830000000000173e-01
1.194129771643877029e+04,4.392499999999999877e-02,1.000000000000000000e+00,-4.821610000000000062e-01
1.194777974683046341e+04,5.506799999999999889e-02,1.000000000000000000e+00,-4.749209999999999821e-01
1.196398485767841339e+04,5.506799999999999889e-02,1.000000000000000000e+00,-4.749209999999999821e-01
1.197370793807506561e+04,-1.724999999999999971e-03,5.054669999999999996e-01,-1.000000000000000000e+00
1.203204634100198746e+04,-1.209999999999999921e-03,5.054870000000000196e-01,-1.000000000000000000e+00
1.205149248194694519e+04,-4.782999999999999752e-02,4.722520000000000051e-01,-1.000000000000000000e+00
1.206121554243564606e+04,-4.988399999999999779e-02,4.642000000000000015e-01,-1.000000000000000000e+00
1.213900009632110596e+04,-6.265300000000000036e-02,4.473619999999999819e-01,-1.000000000000000000e+00
1.221030258989334106e+04,8.327500000000000180e-02,1.000000000000000000e+00,-4.475979999999999959e-01
1.221030258989334106e+04,2.046600000000000086e-01,1.000000000000000000e+00,-3.510900000000000132e-01
1.222650770068168640e+04,9.773700000000000443e-02,1.000000000000000000e+00,-4.405290000000000039e-01
1.224595385158061981e+04,1.212830000000000019e-01,1.000000000000000000e+00,-4.081759999999999833e-01
1.228484612351655960e+04,1.060539999999999955e-01,9.999980000000000535e-01,-4.074530000000000096e-01
1.229132817381620407e+04,1.325199999999999989e-01,9.999980000000000535e-01,-3.905839999999999868e-01
1.230105123436450958e+04,8.063399999999999734e-02,9.999989999999999712e-01,-4.331820000000000115e-01
1.231077430480718613e+04,-3.149899999999999922e-02,4.691830000000000167e-01,-1.000000000000000000e+00
1.231077430480718613e+04,-8.796999999999999265e-03,4.829720000000000124e-01,-1.000000000000000000e+00
1.231077430480718613e+04,-1.772749999999999881e-01,2.981790000000000274e-01,-1.000000000000000000e+00
1.231401533496379852e+04,-1.723810000000000064e-01,3.071450000000000014e-01,-1.000000000000000000e+00
1.232373839551210403e+04,2.526400000000000173e-02,9.999989999999999712e-01,-4.785749999999999726e-01
1.234642555660009384e+04,7.239299999999999902e-02,1.000000000000000000e+00,-4.498599999999999821e-01
1.237559476798772812e+04,2.339009999999999978e-01,1.000000000000000000e+00,-3.131369999999999987e-01
1.239179987877607346e+04,2.294210000000000138e-01,1.000000000000000000e+00,-3.163989999999999858e-01
1.242421011042594910e+04,4.593670000000000253e-01,1.000000000000000000e+00,-9.260100000000000275e-02
1.242745113062858582e+04,2.944200000000000150e-01,1.000000000000000000e+00,-2.123819999999999875e-01
1.243717421102523804e+04,2.110960000000000059e-01,9.999989999999999712e-01,-2.967540000000000178e-01
1.244365624141693115e+04,1.417579999999999951e-01,1.000000000000000000e+00,-3.796129999999999782e-01
1.246634341251850128e+04,-4.998899999999999871e-02,4.438469999999999915e-01,-1.000000000000000000e+00
1.247930750316381454e+04,-5.512800000000000339e-02,4.483219999999999983e-01,-1.000000000000000000e+00
1.248254852336645126e+04,-8.435499999999999943e-02,4.395519999999999983e-01,-1.000000000000000000e+00
1.251495874500274658e+04,-5.599400000000000210e-02,4.755659999999999887e-01,-1.000000000000000000e+00
1.252468182539939880e+04,-1.947499999999999926e-02,4.741549999999999931e-01,-1.000000000000000000e+00
1.252468182539939880e+04,-6.535699999999999843e-02,4.531350000000000100e-01,-1.000000000000000000e+00
1.252792284560203552e+04,-6.535699999999999843e-02,4.531350000000000100e-01,-1.000000000000000000e+00
1.252792284560203552e+04,-5.620200000000000196e-02,4.603689999999999727e-01,-1.000000000000000000e+00
1.264135866123437881e+04,5.045700000000000185e-02,1.000000000000000000e+00,-4.768089999999999828e-01
1.266728684258460999e+04,4.159500000000000003e-02,1.000000000000000000e+00,-4.777660000000000240e-01
1.267700992298126221e+04,4.844699999999999701e-02,1.000000000000000000e+00,-4.809820000000000206e-01
1.268025098276138306e+04,3.759099999999999941e-02,1.000000000000000000e+00,-4.895059999999999967e-01
1.270293810427188873e+04,3.572800000000000281e-02,1.000000000000000000e+00,-4.812210000000000099e-01
1.271914321506023407e+04,4.003700000000000314e-02,1.000000000000000000e+00,-4.695210000000000217e-01
1.273858935612440109e+04,3.166700000000000070e-02,1.000000000000000000e+00,-4.777620000000000200e-01
1.281313289982080460e+04,1.064869999999999983e-01,1.000000000000000000e+00,-4.386760000000000104e-01
1.282933801060914993e+04,1.098409999999999942e-01,1.000000000000000000e+00,-4.356809999999999850e-01
1.291360462480783463e+04,2.420720000000000094e-01,1.000000000000000000e+00,-3.273639999999999883e-01
1.293305076569318771e+04,2.334920000000000051e-01,1.000000000000000000e+00,-3.276740000000000208e-01
1.298814816844463348e+04,1.790339999999999987e-01,1.000000000000000000e+00,-3.893190000000000262e-01
1.303028147059679031e+04,1.934520000000000128e-01,1.000000000000000000e+00,-3.759279999999999844e-01
1.303028147059679031e+04,2.083619999999999917e-01,1.000000000000000000e+00,-3.688910000000000244e-01
1.304324557119607925e+04,2.138519999999999865e-01,1.000000000000000000e+00,-3.270370000000000221e-01
1.304324557119607925e+04,3.135209999999999941e-01,1.000000000000000000e+00,-2.547070000000000167e-01
1.304648658138513565e+04,3.042690000000000117e-01,1.000000000000000000e+00,-2.579560000000000186e-01
1.306593273228406906e+04,3.152030000000000109e-01,1.000000000000000000e+00,-2.264899999999999969e-01
1.306917375248670578e+04,3.354619999999999824e-01,1.000000000000000000e+00,-2.062219999999999887e-01
1.307241478264331818e+04,3.370790000000000175e-01,1.000000000000000000e+00,-2.047219999999999873e-01
1.307889682304859161e+04,3.247959999999999736e-01,1.000000000000000000e+00,-2.137129999999999863e-01
1.312427115523815155e+04,4.326289999999999858e-01,1.000000000000000000e+00,-8.942500000000000449e-02
1.316640446728467941e+04,4.794450000000000101e-01,1.000000000000000000e+00,-3.724800000000000333e-02
1.316964548748731613e+04,4.238120000000000220e-01,1.000000000000000000e+00,-1.317480000000000040e-01
1.317936855804920197e+04,4.421820000000000195e-01,1.000000000000000000e+00,-1.102759999999999990e-01
1.323122494053840637e+04,4.396539999999999893e-01,1.000000000000000000e+00,-1.103360000000000035e-01
1.329928643387556076e+04,4.741210000000000147e-01,1.000000000000000000e+00,-5.034700000000000286e-02
1.332845565533638000e+04,4.794100000000000028e-01,1.000000000000000000e+00,-3.724800000000000333e-02
1.336410690712928772e+04,5.210620000000000251e-01,1.000000000000000000e+00,1.054199999999999929e-02
1.341920432978868484e+04,5.515510000000000135e-01,1.000000000000000000e+00,5.183200000000000307e-02
1.342892740029096603e+04,5.464379999999999793e-01,1.000000000000000000e+00,3.815000000000000335e-02
1.344513251113891602e+04,5.033130000000000104e-01,1.000000000000000000e+00,-8.077000000000000846e-03
1.346457865214347839e+04,5.019759999999999778e-01,1.000000000000000000e+00,-1.129699999999999975e-02
1.346781968230009079e+04,4.982829999999999759e-01,1.000000000000000000e+00,-2.142499999999999960e-02
1.346781968230009079e+04,4.666629999999999945e-01,1.000000000000000000e+00,-6.436699999999999366e-02
1.349050685334205627e+04,4.647680000000000144e-01,1.000000000000000000e+00,-6.561999999999999778e-02
1.349698890370130539e+04,4.371809999999999863e-01,1.000000000000000000e+00,-1.102759999999999990e-01
1.351319402450323105e+04,4.371809999999999863e-01,1.000000000000000000e+00,-1.102759999999999990e-01
1.364283497101068497e+04,4.647680000000000144e-01,1.000000000000000000e+00,-7.943200000000000260e-02
1.371413751441240311e+04,4.406990000000000074e-01,1.000000000000000000e+00,-1.109360000000000068e-01
1.374006570577621460e+04,4.421820000000000195e-01,1.000000000000000000e+00,-1.102759999999999990e-01
1.378544004797935486e+04,4.424960000000000004e-01,1.000000000000000000e+00,-1.092019999999999935e-01
1.378868106818199158e+04,4.695349999999999802e-01,1.000000000000000000e+00,-6.824399999999999911e-02
1.380488617902994156e+04,5.220759999999999845e-01,1.000000000000000000e+00,1.730900000000000147e-02
1.380488617902994156e+04,4.548479999999999746e-01,1.000000000000000000e+00,-5.589899999999999730e-02
1.381460925942659378e+04,4.862529999999999908e-01,1.000000000000000000e+00,-3.673499999999999682e-02
1.388591179299354553e+04,5.269500000000000295e-01,1.000000000000000000e+00,1.972000000000000142e-02
1.389563486355543137e+04,5.102050000000000196e-01,1.000000000000000000e+00,-1.863700000000000079e-02
1.390859895420074463e+04,5.070249999999999480e-01,1.000000000000000000e+00,-2.142499999999999960e-02
1.395397329646348953e+04,4.104360000000000230e-01,1.000000000000000000e+00,-1.124460000000000043e-01
1.397341944736242294e+04,4.131429999999999825e-01,1.000000000000000000e+00,-1.146230000000000027e-01
1.401231173932552338e+04,3.431939999999999991e-01,1.000000000000000000e+00,-1.918759999999999910e-01
1.401555276942253113e+04,3.541869999999999741e-01,1.000000000000000000e+00,-1.725619999999999932e-01
1.404796301102638245e+04,3.296819999999999751e-01,1.000000000000000000e+00,-2.072199999999999875e-01
1.410630145400762558e+04,2.956230000000000246e-01,1.000000000000000000e+00,-2.557389999999999941e-01
1.411278350430727005e+04,2.929100000000000037e-01,1.000000000000000000e+00,-2.621499999999999941e-01
1.412250657480955124e+04,1.789340000000000097e-01,1.000000000000000000e+00,-3.563379999999999881e-01
1.413871169561147690e+04,2.416609999999999869e-01,1.000000000000000000e+00,-3.076510000000000078e-01
1.414843477600812912e+04,2.899439999999999795e-01,1.000000000000000000e+00,-2.609850000000000225e-01
1.418408603787422180e+04,2.837319999999999842e-01,1.000000000000000000e+00,-2.657999999999999807e-01
1.418408603787422180e+04,1.870900000000000063e-01,1.000000000000000000e+00,-3.584689999999999821e-01
1.419380910837650299e+04,1.868759999999999866e-01,1.000000000000000000e+00,-3.558689999999999909e-01
1.423270141023397446e+04,1.786929999999999907e-01,1.000000000000000000e+00,-3.582119999999999749e-01
1.424242448067665100e+04,2.904900000000000260e-01,1.000000000000000000e+00,-2.544109999999999983e-01
1.432020907461643219e+04,2.916739999999999888e-01,1.000000000000000000e+00,-2.527380000000000182e-01
1.432993214505910873e+04,2.614639999999999742e-01,1.000000000000000000e+00,-2.959019999999999984e-01
1.434613727581501007e+04,3.127719999999999945e-01,1.000000000000000000e+00,-2.301340000000000052e-01
1.436234238672256470e+04,2.299900000000000000e-01,1.000000000000000000e+00,-3.149680000000000257e-01
1.438178854763507843e+04,3.197530000000000094e-01,1.000000000000000000e+00,-2.355389999999999984e-01
1.443040391010046005e+04,2.848040000000000016e-01,1.000000000000000000e+00,-2.609850000000000225e-01
1.443364493030309677e+04,4.003700000000000314e-02,1.000000000000000000e+00,-4.777100000000000235e-01
1.444012699049711227e+04,1.687319999999999931e-01,1.000000000000000000e+00,-3.631360000000000143e-01
1.444012699049711227e+04,5.954600000000000171e-02,1.000000000000000000e+00,-4.586100000000000176e-01
1.446281416159868240e+04,-9.053999999999999548e-03,4.740550000000000042e-01,-1.000000000000000000e+00
1.447253724211454391e+04,7.322299999999999642e-02,1.000000000000000000e+00,-4.388290000000000246e-01
1.452115260452032089e+04,6.697999999999999787e-02,1.000000000000000000e+00,-4.541830000000000034e-01
1.453411670511960983e+04,2.173869999999999969e-01,1.000000000000000000e+00,-3.254090000000000038e-01
1.454708080589771271e+04,1.670699999999999963e-01,1.000000000000000000e+00,-3.889119999999999799e-01
1.456652695679664612e+04,1.789340000000000097e-01,1.000000000000000000e+00,-3.602639999999999731e-01
1.459569616830348969e+04,6.924299999999999899e-02,1.000000000000000000e+00,-4.714090000000000225e-01
1.463134745007753372e+04,6.881400000000000017e-02,1.000000000000000000e+00,-4.633470000000000089e-01
1.463458848011493683e+04,1.697410000000000030e-01,1.000000000000000000e+00,-3.650610000000000244e-01
1.469292692309617996e+04,6.067899999999999683e-02,1.000000000000000000e+00,-4.579989999999999895e-01
1.470913204389810562e+04,3.166700000000000070e-02,1.000000000000000000e+00,-5.010200000000000209e-01
1.471561409425735474e+04,-6.587500000000000300e-02,4.461849999999999983e-01,-1.000000000000000000e+00
1.476098844647407532e+04,-8.216199999999999892e-02,4.318350000000000244e-01,-1.000000000000000000e+00
1.476098844647407532e+04,-5.635400000000000131e-02,4.684980000000000255e-01,-1.000000000000000000e+00
1.483229100000858307e+04,2.265299999999999953e-02,1.000000000000000000e+00,-4.821550000000000002e-01
1.484525509071350098e+04,1.588060000000000027e-01,1.000000000000000000e+00,-3.700089999999999768e-01
1.484525509071350098e+04,1.705780000000000074e-01,1.000000000000000000e+00,-3.770160000000000178e-01
1.485497817111015320e+04,1.222899999999999959e-01,1.000000000000000000e+00,-4.330189999999999872e-01
1.492303970450162888e+04,1.359070000000000000e-01,1.000000000000000000e+00,-4.175309999999999855e-01
1.502999353981018066e+04,1.555989999999999873e-01,1.000000000000000000e+00,-3.889119999999999799e-01
1.505268071091175079e+04,1.587220000000000020e-01,1.000000000000000000e+00,-3.878659999999999886e-01
1.505916276121139526e+04,3.674199999999999688e-02,1.000000000000000000e+00,-4.751299999999999968e-01
1.506564481163024902e+04,3.180600000000000094e-02,1.000000000000000000e+00,-4.815150000000000263e-01
1.507536789202690125e+04,1.524900000000000040e-02,1.000000000000000000e+00,-5.030510000000000259e-01
1.510777814364433289e+04,-1.854099999999999845e-02,4.778350000000000097e-01,-1.000000000000000000e+00
1.512398326450586319e+04,7.919000000000000691e-03,1.000000000000000000e+00,-5.165380000000000527e-01
1.514018839532136917e+04,-1.306000000000000043e-02,4.748919999999999808e-01,-1.000000000000000000e+00
1.516287556642293930e+04,-2.114200000000000107e-02,4.766819999999999946e-01,-1.000000000000000000e+00
1.520500889855623245e+04,4.066000000000000170e-03,9.999980000000000535e-01,-5.080930000000000168e-01
1.520824992865324020e+04,2.629899999999999946e-02,1.000000000000000000e+00,-4.822549999999999892e-01
1.522445504945516586e+04,-1.716700000000000170e-02,4.724499999999999811e-01,-1.000000000000000000e+00
1.526010633116960526e+04,-3.638999999999999874e-03,4.865360000000000240e-01,-1.000000000000000000e+00
1.530872170376777649e+04,1.312989999999999990e-01,1.000000000000000000e+00,-4.090059999999999807e-01
1.533464991497993469e+04,1.312989999999999990e-01,1.000000000000000000e+00,-4.090059999999999807e-01
1.533464991497993469e+04,1.380560000000000120e-01,1.000000000000000000e+00,-4.040079999999999782e-01
1.534761401557922363e+04,1.456409999999999927e-01,1.000000000000000000e+00,-3.939340000000000064e-01
1.534761401557922363e+04,2.673690000000000233e-01,1.000000000000000000e+00,-2.951449999999999907e-01
1.536381914639472961e+04,1.376290000000000013e-01,1.000000000000000000e+00,-4.037319999999999798e-01
1.538650631749629974e+04,2.355240000000000111e-01,1.000000000000000000e+00,-3.048449999999999771e-01
1.539622939801216125e+04,2.186130000000000018e-01,1.000000000000000000e+00,-3.212409999999999988e-01
1.541243451881408691e+04,2.261029999999999984e-01,1.000000000000000000e+00,-3.173739999999999895e-01
1.545132683074474335e+04,3.851149999999999851e-01,1.000000000000000000e+00,-1.650830000000000075e-01
1.545132683074474335e+04,4.406209999999999849e-01,1.000000000000000000e+00,-8.810700000000000476e-02
1.550966529363393784e+04,5.128629999999999578e-01,1.000000000000000000e+00,-8.911999999999999783e-03
1.560365502828359604e+04,5.234349999999999836e-01,1.000000000000000000e+00,1.232600000000000015e-02
1.564254733031988144e+04,5.236180000000000279e-01,1.000000000000000000e+00,1.143100000000000019e-02
1.564254733031988144e+04,5.273520000000000429e-01,1.000000000000000000e+00,2.290800000000000128e-02
1.567819862192869186e+04,5.179859999999999465e-01,1.000000000000000000e+00,5.526999999999999795e-03
1.567819862192869186e+04,5.130299999999999860e-01,1.000000000000000000e+00,-5.742999999999999841e-03
1.568792170244455338e+04,5.116600000000000037e-01,1.000000000000000000e+00,-1.420000000000000038e-03
1.569764477300643921e+04,5.086659999999999515e-01,1.000000000000000000e+00,9.799999999999999684e-05
1.570412682324647903e+04,5.108730000000000215e-01,1.000000000000000000e+00,3.499999999999999964e-04
1.585321401071548462e+04,4.867520000000000180e-01,1.000000000000000000e+00,-3.509400000000000019e-02
1.590182940304279327e+04,5.427429999999999755e-01,1.000000000000000000e+00,4.297499999999999931e-02
1.591803452396392822e+04,5.262050000000000338e-01,1.000000000000000000e+00,1.987500000000000031e-02
1.592451658415794373e+04,5.258199999999999541e-01,1.000000000000000000e+00,2.036200000000000163e-02
1.594072170507907867e+04,4.651089999999999947e-01,1.000000000000000000e+00,-5.643000000000000099e-02
1.597637299680709839e+04,4.499409999999999799e-01,1.000000000000000000e+00,-6.755400000000000293e-02
1.598933709746599197e+04,4.502160000000000051e-01,1.000000000000000000e+00,-6.824399999999999911e-02
1.602174735903739929e+04,4.406430000000000069e-01,1.000000000000000000e+00,-9.088000000000000245e-02
1.603471145969629288e+04,4.169689999999999785e-01,1.000000000000000000e+00,-1.243889999999999996e-01
1.605415761065483093e+04,5.484710000000000418e-01,1.000000000000000000e+00,4.857600000000000112e-02
1.606063967096805573e+04,5.499589999999999756e-01,1.000000000000000000e+00,5.066400000000000070e-02
1.611249608349800110e+04,5.483449999999999713e-01,1.000000000000000000e+00,4.271300000000000097e-02
1.616435249614715576e+04,5.637600000000000389e-01,1.000000000000000000e+00,6.474800000000000000e-02
1.618379865711927414e+04,5.517509999999999915e-01,1.000000000000000000e+00,5.254700000000000343e-02
1.619028070735931396e+04,5.436379999999999546e-01,1.000000000000000000e+00,4.549899999999999778e-02
1.621296788853406906e+04,5.262050000000000338e-01,1.000000000000000000e+00,1.847000000000000031e-02
1.621296788853406906e+04,5.123400000000000176e-01,1.000000000000000000e+00,1.183099999999999950e-02
1.624537815016508102e+04,5.907019999999999493e-01,1.000000000000000000e+00,8.641300000000000370e-02
1.625510123068094254e+04,6.425250000000000128e-01,1.000000000000000000e+00,1.562099999999999878e-01
1.626806533128023148e+04,6.308179999999999898e-01,1.000000000000000000e+00,1.444529999999999981e-01
1.631668071377277374e+04,5.812289999999999957e-01,1.000000000000000000e+00,7.596999999999999587e-02
1.634909098535776138e+04,5.721100000000000074e-01,1.000000000000000000e+00,6.518500000000000683e-02
1.637826022672653198e+04,5.633399999999999519e-01,1.000000000000000000e+00,5.947500000000000009e-02
1.643983971977233887e+04,5.603569999999999940e-01,1.000000000000000000e+00,5.686499999999999888e-02
1.644308073997497559e+04,5.661659999999999471e-01,1.000000000000000000e+00,7.412399999999999545e-02
1.644632177013158798e+04,5.674970000000000292e-01,1.000000000000000000e+00,7.412399999999999545e-02
1.647873203176259995e+04,5.401690000000000103e-01,1.000000000000000000e+00,4.185599999999999737e-02
1.649817819261550903e+04,5.043349999999999778e-01,1.000000000000000000e+00,-1.882400000000000045e-02
1.652086537384986877e+04,5.254130000000000189e-01,1.000000000000000000e+00,2.465900000000000036e-02
