# Time,Median,Upper Error,Lower Error
0.000000000000000000e+00,-9.472969999999999446e-01,-8.949540000000000273e-01,-1.000000000000000000e+00
1.490860554128885269e+02,-9.509220000000000450e-01,-9.017020000000000035e-01,-1.000000000000000000e+00
9.074802432507276535e+02,-9.560370000000000257e-01,-9.111129999999999507e-01,-1.000000000000000000e+00
1.163519312649965286e+03,-9.595059999999999700e-01,-9.177450000000000330e-01,-1.000000000000000000e+00
1.267231326475739479e+03,-9.622829999999999995e-01,-9.221279999999999477e-01,-1.000000000000000000e+00
1.332051358819007874e+03,-9.642009999999999748e-01,-9.263489999999999780e-01,-1.000000000000000000e+00
1.837647497385740280e+03,-9.393409999999999815e-01,-8.830329999999999568e-01,-1.000000000000000000e+00
2.375653677105903625e+03,-9.419669999999999987e-01,-8.886910000000000087e-01,-1.000000000000000000e+00
3.117842914327979088e+03,-9.464089999999999447e-01,-8.964729999999999643e-01,-1.000000000000000000e+00
3.198867927342653275e+03,-9.484669999999999490e-01,-9.007370000000000099e-01,-1.000000000000000000e+00
3.312302981480956078e+03,-9.178110000000000435e-01,-8.575500000000000345e-01,-1.000000000000000000e+00
3.480835037648677826e+03,-9.209789999999999921e-01,-8.628670000000000506e-01,-1.000000000000000000e+00
4.028564237728714943e+03,-9.235330000000000483e-01,-8.672260000000000524e-01,-1.000000000000000000e+00
4.469340373978018761e+03,-8.781369999999999454e-01,-8.095259999999999678e-01,-1.000000000000000000e+00
5.182360660091042519e+03,-8.828449999999999909e-01,-8.164930000000000243e-01,-1.000000000000000000e+00
5.791668872490525246e+03,-8.886359999999999815e-01,-8.239389999999999770e-01,-1.000000000000000000e+00
5.882416915804147720e+03,-8.346949999999999648e-01,-7.612050000000000205e-01,-1.000000000000000000e+00
6.413941135287284851e+03,-7.307979999999999476e-01,-5.894059999999999855e-01,-9.061399999999999455e-01
6.682944255143404007e+03,-6.564900000000000180e-01,-4.890320000000000222e-01,-8.286440000000000472e-01
7.451061573341488838e+03,-6.335570000000000368e-01,-4.847380000000000022e-01,-8.168619999999999770e-01
7.570978607788681984e+03,-6.299179999999999779e-01,-4.837250000000000161e-01,-8.153829999999999689e-01
7.590424628466367722e+03,-6.498880000000000212e-01,-4.879490000000000216e-01,-8.285150000000000015e-01
7.937211781173944473e+03,-5.960590000000000055e-01,-4.144329999999999958e-01,-7.800120000000000386e-01
8.280757923796772957e+03,-5.933770000000000433e-01,-4.144329999999999958e-01,-7.753149999999999764e-01
8.283998933896422386e+03,-5.195380000000000553e-01,-3.399389999999999912e-01,-7.145319999999999450e-01
9.301673381268978119e+03,-4.538780000000000037e-01,-2.734079999999999844e-01,-6.555659999999999821e-01
9.356770403310656548e+03,-4.609210000000000251e-01,-2.753129999999999744e-01,-6.570300000000000029e-01
9.791064599245786667e+03,-4.609210000000000251e-01,-2.753129999999999744e-01,-6.570300000000000029e-01
9.804028609707951546e+03,-4.614710000000000201e-01,-2.734230000000000271e-01,-6.573480000000000434e-01
1.009895974051952362e+04,-4.511029999999999762e-01,-2.734079999999999844e-01,-6.559599999999999875e-01
1.060455596911907196e+04,-3.786340000000000261e-01,-1.989070000000000005e-01,-5.835900000000000531e-01
1.089948712986707687e+04,-3.023429999999999729e-01,-1.085399999999999976e-01,-4.973400000000000043e-01
1.094810215167701244e+04,-2.278179999999999927e-01,-4.456600000000000145e-02,-4.384460000000000024e-01
1.131433531512320042e+04,-2.278179999999999927e-01,-4.456600000000000145e-02,-4.384460000000000024e-01
1.169353249904513359e+04,-2.265979999999999939e-01,-3.793300000000000144e-02,-4.309350000000000125e-01
1.190743861687183380e+04,-2.315210000000000046e-01,-3.964399999999999868e-02,-4.321900000000000186e-01
1.346960138419270515e+04,-2.283900000000000097e-01,-3.908699999999999675e-02,-4.310359999999999747e-01
1.433170783577859402e+04,-2.313800000000000023e-01,-4.456600000000000145e-02,-4.384460000000000024e-01
1.440625085856020451e+04,-3.112420000000000186e-01,-1.097010000000000068e-01,-4.995140000000000136e-01
1.469794100923836231e+04,-2.361050000000000093e-01,-3.640199999999999686e-02,-4.311099999999999932e-01
1.551143242911994457e+04,-2.322450000000000070e-01,-4.594600000000000073e-02,-4.393799999999999928e-01
1.593276266454160213e+04,-1.570749999999999924e-01,1.891500000000000126e-02,-3.771289999999999920e-01
1.602026969775557518e+04,-2.315210000000000046e-01,-3.964399999999999868e-02,-4.321900000000000186e-01
1.623417579565942287e+04,-2.466420000000000001e-01,-4.365100000000000230e-02,-4.473790000000000266e-01
1.645780491386353970e+04,-2.466420000000000001e-01,-4.365100000000000230e-02,-4.473790000000000266e-01
1.683376112763583660e+04,-3.184000000000000163e-01,-1.089719999999999994e-01,-5.072449999999999459e-01
1.721619931168854237e+04,-3.168969999999999843e-01,-1.085399999999999976e-01,-5.072449999999999459e-01
1.808802878364920616e+04,-3.129709999999999992e-01,-1.085399999999999976e-01,-5.071050000000000280e-01
1.814960782591998577e+04,-3.874110000000000054e-01,-1.990709999999999980e-01,-5.897360000000000380e-01
1.828897090104222298e+04,-4.713479999999999892e-01,-2.818220000000000169e-01,-6.744860000000000300e-01
1.853204603990912437e+04,-5.470270000000000410e-01,-3.596079999999999832e-01,-7.420539999999999914e-01
1.890800223375856876e+04,-5.461310000000000331e-01,-3.598859999999999837e-01,-7.378160000000000274e-01
1.943304452300071716e+04,-5.493660000000000210e-01,-3.777229999999999754e-01,-7.566420000000000368e-01
1.990298978023231030e+04,-5.364799999999999569e-01,-3.629839999999999733e-01,-7.369120000000000115e-01
2.014930591925978661e+04,-5.870349999999999735e-01,-4.129840000000000177e-01,-7.680329999999999657e-01
2.042479105940461159e+04,-5.206410000000000204e-01,-3.279889999999999750e-01,-6.959070000000000533e-01
2.046368308085203171e+04,-5.144170000000000131e-01,-3.278630000000000155e-01,-6.925050000000000372e-01
2.069055321910977364e+04,-5.854139999999999899e-01,-4.089499999999999802e-01,-7.696150000000000491e-01
2.228512607771158218e+04,-5.837430000000000119e-01,-4.102129999999999943e-01,-7.696150000000000491e-01
2.250227322560548782e+04,-5.837430000000000119e-01,-4.102129999999999943e-01,-7.696150000000000491e-01
2.257681624838709831e+04,-5.837430000000000119e-01,-4.102129999999999943e-01,-7.696150000000000491e-01
2.316991959013044834e+04,-5.802319999999999700e-01,-4.129840000000000177e-01,-7.725619999999999710e-01
2.338706670810282230e+04,-6.499289999999999790e-01,-4.882909999999999751e-01,-8.228779999999999983e-01
2.364634686757624149e+04,-7.538059999999999761e-01,-6.250620000000000065e-01,-9.519910000000000316e-01
2.465753942474722862e+04,-8.272260000000000169e-01,-7.539240000000000386e-01,-1.000000000000000000e+00
2.471911848692595959e+04,-8.336369999999999614e-01,-7.573349999999999804e-01,-1.000000000000000000e+00
2.482607152090966702e+04,-8.219459999999999544e-01,-7.502199999999999980e-01,-1.000000000000000000e+00
2.522147374542057514e+04,-8.320009999999999906e-01,-7.560839999999999783e-01,-1.000000000000000000e+00
2.572707005393505096e+04,-8.507609999999999895e-01,-7.769789999999999752e-01,-1.000000000000000000e+00
2.573355206415057182e+04,-8.411699999999999733e-01,-7.642320000000000224e-01,-1.000000000000000000e+00
2.700726578094065189e+04,-8.456310000000000215e-01,-7.679120000000000390e-01,-1.000000000000000000e+00
2.707856784349679947e+04,-8.481090000000000018e-01,-7.723139999999999450e-01,-1.000000000000000000e+00
2.757444112169742584e+04,-8.474899999999999656e-01,-7.721810000000000063e-01,-1.000000000000000000e+00
2.780455224020779133e+04,-9.099340000000000206e-01,-8.493079999999999519e-01,-1.000000000000000000e+00
2.796984335622191429e+04,-8.506799999999999917e-01,-7.766260000000000385e-01,-1.000000000000000000e+00
2.843006561313569546e+04,-7.521579999999999933e-01,-6.715419999999999723e-01,-9.999989999999999712e-01
2.902316896489262581e+04,-6.732160000000000366e-01,-5.176720000000000210e-01,-8.629250000000000531e-01
2.907502497683465481e+04,-6.777199999999999891e-01,-5.228279999999999594e-01,-8.637369999999999770e-01
3.063394691401720047e+04,-6.795499999999999874e-01,-5.151350000000000096e-01,-8.543659999999999588e-01
3.112333822190761566e+04,-6.870009999999999728e-01,-5.157749999999999835e-01,-8.637369999999999770e-01
3.119788125468790531e+04,-6.870009999999999728e-01,-5.157749999999999835e-01,-8.637369999999999770e-01
3.131455731898546219e+04,-6.729159999999999586e-01,-5.162980000000000347e-01,-8.617550000000000487e-01
3.289616625703871250e+04,-6.729159999999999586e-01,-5.162980000000000347e-01,-8.617550000000000487e-01
3.508060159714519978e+04,-7.506699999999999484e-01,-6.153399999999999981e-01,-9.445459999999999967e-01
3.534636374694108963e+04,-7.520559999999999468e-01,-6.710089999999999666e-01,-9.999989999999999712e-01
3.598160014024376869e+04,-7.387059999999999738e-01,-5.920330000000000314e-01,-9.161690000000000111e-01
3.661035454326868057e+04,-6.586400000000000032e-01,-5.165229999999999544e-01,-8.630050000000000221e-01
3.717104787388443947e+04,-7.210069999999999535e-01,-5.878750000000000364e-01,-9.094619999999999926e-01
3.804935942606627941e+04,-7.211400000000000032e-01,-5.696649999999999769e-01,-8.886129999999999862e-01
3.816279448027908802e+04,-6.420489999999999808e-01,-4.879729999999999901e-01,-8.169720000000000315e-01
3.827947055457532406e+04,-6.522999999999999909e-01,-4.896409999999999929e-01,-8.223530000000000006e-01
3.835725462734699249e+04,-6.522999999999999909e-01,-4.896409999999999929e-01,-8.223530000000000006e-01
3.870080082999169827e+04,-6.481930000000000192e-01,-4.916110000000000202e-01,-8.229579999999999673e-01
3.874617486165463924e+04,-5.730739999999999723e-01,-4.027589999999999781e-01,-7.514910000000000201e-01
3.949808731925487518e+04,-4.980939999999999812e-01,-3.308209999999999762e-01,-6.870610000000000328e-01
3.962448641385138035e+04,-3.996489999999999765e-01,-2.272780000000000078e-01,-5.845230000000000148e-01
4.002312964850664139e+04,-3.998229999999999840e-01,-2.272560000000000136e-01,-5.866749999999999465e-01
4.050603896617889404e+04,-3.983019999999999894e-01,-2.272780000000000078e-01,-5.856850000000000112e-01
4.056761797851324081e+04,-3.983019999999999894e-01,-2.272780000000000078e-01,-5.856850000000000112e-01
4.061947402039170265e+04,-3.979440000000000199e-01,-2.271170000000000133e-01,-5.832049999999999734e-01
4.082365716785192490e+04,-3.894360000000000044e-01,-2.111270000000000091e-01,-5.636240000000000139e-01
4.085282615897059441e+04,-3.883249999999999758e-01,-2.103319999999999912e-01,-5.636689999999999756e-01
4.139731449897587299e+04,-3.833579999999999766e-01,-2.095730000000000093e-01,-5.590730000000000421e-01
4.173761973139643669e+04,-4.519679999999999809e-01,-2.787109999999999865e-01,-6.188810000000000144e-01
4.198393587049841881e+04,-4.533510000000000040e-01,-2.761259999999999826e-01,-6.184410000000000185e-01
4.258352126246690750e+04,-4.533369999999999900e-01,-2.760389999999999788e-01,-6.203629999999999978e-01
4.273260734795033932e+04,-4.537229999999999874e-01,-2.761970000000000258e-01,-6.197219999999999951e-01
4.303402053900063038e+04,-5.231590000000000407e-01,-3.615169999999999773e-01,-6.924050000000000482e-01
4.311504560194909573e+04,-5.904519999999999769e-01,-4.294160000000000199e-01,-7.492220000000000546e-01
4.329654170863330364e+04,-5.841159999999999686e-01,-4.251289999999999791e-01,-7.420130000000000337e-01
4.375352299541234970e+04,-5.881579999999999586e-01,-4.251289999999999791e-01,-7.431309999999999860e-01
4.392205510158836842e+04,-5.785620000000000207e-01,-4.299660000000000148e-01,-7.438339999999999952e-01
4.414892523992061615e+04,-5.396339999999999471e-01,-4.147770000000000068e-01,-7.024099999999999788e-01
4.422995030286908150e+04,-5.246089999999999920e-01,-3.991580000000000128e-01,-6.954010000000000469e-01
4.473554662144184113e+04,-5.080390000000000184e-01,-3.523530000000000273e-01,-6.573400000000000354e-01
4.496565776987373829e+04,-4.907730000000000148e-01,-3.299509999999999943e-01,-6.438479999999999759e-01
4.563006320424377918e+04,-4.724479999999999791e-01,-3.082690000000000152e-01,-6.315760000000000263e-01
4.569488323664665222e+04,-4.525390000000000246e-01,-2.850179999999999936e-01,-6.189219999999999722e-01
4.586989735303819180e+04,-5.102020000000000444e-01,-3.719419999999999948e-01,-6.984080000000000288e-01
4.616806953401863575e+04,-4.902340000000000031e-01,-3.497410000000000241e-01,-6.873460000000000125e-01
4.665421985185146332e+04,-5.542899999999999494e-01,-4.158310000000000062e-01,-7.413859999999999895e-01
4.666718386229872704e+04,-6.267580000000000373e-01,-4.978099999999999747e-01,-8.053940000000000543e-01
4.671579889409244061e+04,-6.091830000000000300e-01,-4.697720000000000229e-01,-7.910310000000000397e-01
4.686812599967420101e+04,-5.899109999999999632e-01,-4.455890000000000128e-01,-7.805459999999999621e-01
4.745150636109709740e+04,-5.682199999999999473e-01,-4.188419999999999921e-01,-7.697070000000000300e-01
4.752280842366814613e+04,-6.534050000000000136e-01,-5.167650000000000299e-01,-8.442140000000000200e-01
4.813859880629181862e+04,-7.500809999999999977e-01,-6.337139999999999995e-01,-9.189929999999999488e-01
4.847566303864121437e+04,-8.592629999999999990e-01,-7.948690000000000477e-01,-1.000000000000000000e+00
