# Time,Median,Upper Error,Lower Error
0.000000000000000000e+00,4.109700000000000020e-01,9.999970000000000248e-01,2.304019999999999957e-01
2.299209387719631195e+03,2.912460000000000049e-01,6.337289999999999868e-01,-1.157170000000000004e-01
3.301187638938426971e+03,4.508679999999999910e-01,9.999850000000000128e-01,2.800320000000000031e-01
4.004771214902400970e+03,4.950910000000000033e-01,9.999860000000000415e-01,3.237419999999999742e-01
5.594116446137428284e+03,4.241619999999999835e-01,7.598190000000000222e-01,1.772599999999999870e-02
6.109240222454071045e+03,3.104120000000000212e-01,6.597929999999999628e-01,-5.439900000000000291e-02
8.025249470531940460e+03,2.687149999999999817e-01,5.939649999999999652e-01,-1.381390000000000118e-01
9.228252052068710327e+03,1.786079999999999890e-01,5.207100000000000062e-01,-1.503559999999999897e-01
9.325623026967048645e+03,1.040819999999999940e-01,4.120909999999999851e-01,-2.216879999999999962e-01
9.737093878090381622e+03,3.232600000000000057e-02,3.439769999999999772e-01,-2.366320000000000090e-01
1.020196172189712524e+04,-4.510000000000000120e-03,2.655339999999999923e-01,-3.038779999999999815e-01
1.045010064452886581e+04,-5.308000000000000218e-02,2.187300000000000078e-01,-3.337169999999999859e-01
1.118823540234565735e+04,-2.593099999999999919e-02,2.854490000000000083e-01,-3.574820000000000220e-01
1.308225778913497925e+04,3.068699999999999900e-02,3.427009999999999779e-01,-2.817430000000000212e-01
1.456795033520460129e+04,-2.351299999999999918e-02,2.336000000000000021e-01,-3.464670000000000250e-01
1.485064024955034256e+04,-7.078099999999999670e-02,1.901919999999999999e-01,-3.714259999999999784e-01
1.527781609147787094e+04,-1.747660000000000047e-01,1.129450000000000037e-01,-4.439339999999999953e-01
1.740427245020866394e+04,-1.747660000000000047e-01,1.129450000000000037e-01,-4.439339999999999953e-01
1.899989995181560516e+04,-2.857529999999999792e-01,-4.302899999999999781e-02,-5.676099999999999479e-01
2.063950144565105438e+04,-2.857529999999999792e-01,-4.302899999999999781e-02,-5.676099999999999479e-01
2.107610030800104141e+04,-1.986719999999999875e-01,8.669699999999999629e-02,-4.566609999999999836e-01
2.322768460804224014e+04,-2.085130000000000039e-01,3.821900000000000297e-02,-4.821849999999999747e-01
2.376165445530414581e+04,-1.050240000000000062e-01,1.539109999999999923e-01,-3.790259999999999740e-01
2.449978920316696167e+04,-2.115589999999999971e-01,3.107599999999999946e-02,-4.782069999999999932e-01
2.465055717080831528e+04,-2.132749999999999924e-01,4.929800000000000154e-02,-4.582080000000000042e-01
2.575932984757423401e+04,-3.000659999999999994e-01,-6.168599999999999778e-02,-5.744500000000000162e-01
2.691835844677686691e+04,-1.485279999999999934e-01,1.330060000000000131e-01,-4.250320000000000209e-01
3.404842603147029877e+04,-1.376960000000000128e-01,1.114369999999999944e-01,-4.556680000000000175e-01
3.481168878054618835e+04,-1.407859999999999945e-01,1.125479999999999953e-01,-4.541310000000000069e-01
3.526713361388444901e+04,-2.555870000000000086e-01,4.524799999999999656e-02,-5.257690000000000419e-01
3.609949834644794464e+04,-1.490360000000000018e-01,1.114369999999999944e-01,-4.556680000000000175e-01
3.631308627736568451e+04,-1.344650000000000012e-01,1.368439999999999934e-01,-4.354199999999999737e-01
3.720827096313238144e+04,-2.499079999999999913e-01,4.524799999999999656e-02,-5.291139999999999732e-01
3.795582873129844666e+04,-2.480219999999999925e-01,4.517399999999999888e-02,-5.301649999999999974e-01
3.864056647646427155e+04,-3.805259999999999754e-01,-9.293800000000000672e-02,-6.393219999999999459e-01
3.957344317412376404e+04,-3.482859999999999845e-01,-8.687899999999999789e-02,-6.188470000000000359e-01
3.958600717478990555e+04,-3.474510000000000098e-01,-9.308700000000000307e-02,-6.196540000000000381e-01
3.992523507207632065e+04,-3.379090000000000149e-01,-6.140899999999999831e-02,-6.170179999999999554e-01
4.062253685772418976e+04,-2.422249999999999959e-01,2.483700000000000144e-02,-5.133630000000000138e-01
4.130413359260559082e+04,-2.451029999999999875e-01,1.134800000000000045e-02,-5.249129999999999630e-01
4.277098009759187698e+04,-1.340189999999999992e-01,1.242800000000000016e-01,-4.250320000000000209e-01
4.716837857252359390e+04,-2.273299999999999974e-02,2.792040000000000077e-01,-3.153580000000000272e-01
4.810125524020195007e+04,-3.492100000000000065e-02,2.458670000000000022e-01,-3.325520000000000143e-01
4.836509915375709534e+04,-6.019499999999999851e-02,2.274309999999999943e-01,-3.494399999999999729e-01
4.983508659887313843e+04,-1.084259999999999946e-01,1.566720000000000057e-01,-3.495409999999999906e-01
5.144956002140045166e+04,-8.881600000000000605e-02,1.592699999999999949e-01,-3.635369999999999990e-01
5.253320460689067841e+04,-8.706700000000000550e-02,1.584250000000000103e-01,-3.635369999999999990e-01
5.294153445774316788e+04,-9.895600000000000229e-02,1.312959999999999960e-01,-3.844739999999999824e-01
5.393094910842180252e+04,-8.600800000000000112e-02,1.657730000000000037e-01,-3.585349999999999926e-01
5.516536165153980255e+04,-1.813500000000000112e-01,7.677299999999999403e-02,-4.444440000000000057e-01
5.669502807974815369e+04,-1.834800000000000042e-01,6.804200000000000526e-02,-4.556490000000000262e-01
5.755880277401208878e+04,-1.751790000000000014e-01,7.505799999999999972e-02,-4.455970000000000208e-01
5.944026108020544052e+04,-2.307309999999999917e-01,1.315900000000000056e-02,-5.061689999999999801e-01
5.970724596387147903e+04,-2.220600000000000074e-01,3.146399999999999891e-02,-4.939299999999999802e-01
5.982660392999649048e+04,-2.180439999999999878e-01,2.494800000000000142e-02,-5.020989999999999620e-01
5.991769291454553604e+04,-2.163309999999999955e-01,3.146399999999999891e-02,-4.905640000000000001e-01
6.153844830751419067e+04,-1.102289999999999937e-01,1.340790000000000037e-01,-4.046359999999999957e-01
6.308381975656747818e+04,-1.086990000000000040e-01,1.423319999999999863e-01,-4.032330000000000081e-01
6.372144250917434692e+04,-1.499679999999999902e-01,7.789300000000000390e-02,-4.296090000000000186e-01
6.407323437720537186e+04,-2.430400000000000060e-01,9.228000000000000091e-03,-4.939299999999999802e-01
6.565315682798624039e+04,-2.368419999999999970e-01,1.074600000000000034e-02,-5.056019999999999959e-01
6.569713080024719238e+04,-2.523009999999999975e-01,-2.052000000000000005e-02,-5.291749999999999510e-01
6.604892268818616867e+04,-3.403209999999999846e-01,-1.049019999999999953e-01,-5.996920000000000028e-01
6.691583839255571365e+04,-4.306590000000000140e-01,-1.835700000000000109e-01,-6.539199999999999458e-01
6.925274150204658508e+04,-4.189209999999999878e-01,-1.918060000000000043e-01,-6.718490000000000295e-01
6.937838146841526031e+04,-4.279899999999999816e-01,-2.083369999999999944e-01,-6.999560000000000226e-01
7.141060768246650696e+04,-4.225019999999999887e-01,-2.090279999999999916e-01,-6.950760000000000272e-01
7.339571893393993378e+04,-4.239870000000000028e-01,-1.930290000000000061e-01,-6.765449999999999520e-01
7.508243527030944824e+04,-4.208540000000000059e-01,-1.885529999999999984e-01,-6.712989999999999791e-01
7.595249194473028183e+04,-3.316120000000000179e-01,-1.233100000000000029e-01,-5.991870000000000251e-01
7.632312981373071671e+04,-4.331300000000000150e-01,-1.930939999999999879e-01,-6.767680000000000362e-01
7.680684361845254898e+04,-4.295780000000000154e-01,-1.930290000000000061e-01,-6.771319999999999562e-01
7.875426290804147720e+04,-4.225019999999999887e-01,-2.090279999999999916e-01,-6.950760000000000272e-01
7.876368588858842850e+04,-4.149300000000000210e-01,-1.834890000000000132e-01,-6.506830000000000114e-01
8.086815506613254547e+04,-4.208319999999999839e-01,-1.773659999999999959e-01,-6.488909999999999956e-01
8.203032461559772491e+04,-3.778790000000000204e-01,-1.471560000000000090e-01,-6.251069999999999682e-01
8.216224658232927322e+04,-3.540369999999999906e-01,-1.421520000000000006e-01,-6.354649999999999466e-01
8.242609046584367752e+04,-4.370620000000000061e-01,-2.025589999999999891e-01,-6.888069999999999471e-01
8.297890622413158417e+04,-4.038200000000000123e-01,-1.840410000000000101e-01,-6.965459999999999985e-01
8.491690246325731277e+04,-3.660619999999999985e-01,-1.125290000000000040e-01,-6.438970000000000526e-01
8.754905944788455963e+04,-3.279869999999999730e-01,-7.504600000000000160e-02,-6.284840000000000426e-01
8.822123316228389740e+04,-3.040649999999999742e-01,-5.711800000000000210e-02,-6.268040000000000278e-01
8.960327264297008514e+04,-2.507590000000000097e-01,4.682000000000000398e-03,-6.030280000000000085e-01
9.040422729396820068e+04,-2.254659999999999997e-01,5.547300000000000147e-02,-5.568260000000000431e-01
9.049531627851724625e+04,-2.069699999999999873e-01,6.504799999999999471e-02,-5.558499999999999552e-01
9.267202841991186142e+04,-3.191339999999999733e-01,-5.631900000000000100e-02,-6.714090000000000336e-01
9.325939519000053406e+04,-4.374069999999999903e-01,-1.478309999999999902e-01,-7.731209999999999471e-01
9.333792015397548676e+04,-3.901950000000000141e-01,-9.301199999999999746e-02,-7.684839999999999449e-01
9.420483581835031509e+04,-5.233360000000000234e-01,-2.663809999999999789e-01,-8.968530000000000113e-01
9.532617237567901611e+04,-4.929830000000000045e-01,-2.507199999999999984e-01,-9.006260000000000376e-01
