# Time,Median,Upper Error,Lower Error
1.775999871850013733e+03,-2.207999999999999963e-01,3.687499999999999806e-02,-5.001959999999999740e-01
1.914205668926239014e+03,-1.414870000000000017e-01,1.081560000000000021e-01,-4.103669999999999818e-01
2.027283134758472443e+03,-2.176430000000000031e-01,2.491399999999999865e-02,-4.944520000000000026e-01
2.149783721148967743e+03,-2.780569999999999986e-01,-2.402200000000000168e-02,-5.306939999999999991e-01
3.616649217069149017e+03,-3.243449999999999944e-01,-8.923100000000000476e-02,-5.799229999999999663e-01
4.002996967136859894e+03,-2.526550000000000185e-01,1.382999999999999898e-03,-4.753600000000000048e-01
5.344220086574554443e+03,-3.015930000000000000e-01,-7.455599999999999727e-02,-5.454820000000000224e-01
5.498130904555320740e+03,-3.359130000000000171e-01,-1.062590000000000062e-01,-5.611209999999999809e-01
5.733708676755428314e+03,-3.676300000000000123e-01,-1.617850000000000121e-01,-6.038069999999999826e-01
5.755695937931537628e+03,-3.063770000000000104e-01,-8.722100000000000686e-02,-5.203100000000000502e-01
5.837362892210483551e+03,-3.373470000000000080e-01,-1.364329999999999987e-01,-5.566640000000000477e-01
5.937876067340373993e+03,-3.678679999999999728e-01,-1.711119999999999863e-01,-5.782180000000000097e-01
6.138902407765388489e+03,-3.917640000000000011e-01,-2.017039999999999944e-01,-5.978019999999999445e-01
6.685442726016044617e+03,-4.186079999999999801e-01,-2.308540000000000036e-01,-6.170999999999999819e-01
6.760827589988708496e+03,-4.467209999999999792e-01,-2.767350000000000088e-01,-6.570350000000000357e-01
7.451855455756187439e+03,-4.659860000000000113e-01,-3.036269999999999802e-01,-6.738119999999999665e-01
7.458137526035308838e+03,-4.679090000000000193e-01,-3.024419999999999886e-01,-6.738849999999999563e-01
8.274806678414344788e+03,-4.674099999999999921e-01,-3.026090000000000169e-01,-6.757009999999999961e-01
8.701987410485744476e+03,-4.741360000000000019e-01,-3.064140000000000197e-01,-6.789889999999999537e-01
9.204552936553955078e+03,-4.741360000000000019e-01,-3.064140000000000197e-01,-6.789889999999999537e-01
9.386732926011085510e+03,-4.772469999999999768e-01,-3.071900000000000186e-01,-6.789889999999999537e-01
1.028820968270301819e+04,-5.243440000000000323e-01,-3.497959999999999958e-01,-7.079349999999999810e-01
1.031019692373275757e+04,-5.228249999999999842e-01,-3.514869999999999939e-01,-7.079349999999999810e-01
1.054577444595098495e+04,-5.835860000000000491e-01,-4.328469999999999818e-01,-7.737889999999999491e-01
1.063372338068485260e+04,-6.019259999999999611e-01,-4.292400000000000104e-01,-7.805100000000000371e-01
1.113628873658180237e+04,-5.276269999999999571e-01,-3.518749999999999933e-01,-7.100220000000000420e-01
1.143782792216539383e+04,-5.616339999999999666e-01,-3.821269999999999945e-01,-7.513419999999999543e-01
1.152263581669330597e+04,-6.457380000000000342e-01,-4.695679999999999854e-01,-8.282680000000000042e-01
1.175193122857809067e+04,-7.242880000000000429e-01,-5.615769999999999929e-01,-9.063339999999999730e-01
1.202206005257368088e+04,-8.000960000000000294e-01,-7.163939999999999753e-01,-1.000000000000000000e+00
1.220738099211454391e+04,-7.929460000000000397e-01,-7.117679999999999563e-01,-1.000000000000000000e+00
1.228276577603816986e+04,-7.928730000000000500e-01,-7.117170000000000440e-01,-1.000000000000000000e+00
1.255289458996057510e+04,-8.708540000000000170e-01,-7.973329999999999584e-01,-1.000000000000000000e+00
1.330046030873060226e+04,-8.808580000000000298e-01,-8.091340000000000199e-01,-1.000000000000000000e+00
1.333501166051626205e+04,-7.900580000000000380e-01,-7.101140000000000230e-01,-1.000000000000000000e+00
1.345122985655069351e+04,-7.651599999999999513e-01,-6.349040000000000239e-01,-9.467360000000000220e-01
1.375276894205808640e+04,-7.111009999999999831e-01,-5.434250000000000469e-01,-8.904950000000000365e-01
1.396321808308362961e+04,-7.896269999999999678e-01,-7.095080000000000275e-01,-1.000000000000000000e+00
1.420193650543689728e+04,-7.084089999999999554e-01,-5.417779999999999818e-01,-8.834319999999999951e-01
1.494950206404924393e+04,-7.163300000000000223e-01,-5.553820000000000423e-01,-8.958279999999999577e-01
1.505315609949827194e+04,-7.126059999999999617e-01,-5.504499999999999948e-01,-8.953290000000000415e-01
1.706655708378553391e+04,-7.944470000000000143e-01,-7.125660000000000327e-01,-1.000000000000000000e+00
1.755655787914991379e+04,-7.944470000000000143e-01,-7.125660000000000327e-01,-1.000000000000000000e+00
1.810623821777105331e+04,-7.460069999999999757e-01,-6.566109999999999447e-01,-9.999989999999999712e-01
1.813450749909877777e+04,-7.460069999999999757e-01,-6.566109999999999447e-01,-9.999989999999999712e-01
1.831354622840881348e+04,-6.730629999999999669e-01,-4.889899999999999802e-01,-8.603159999999999696e-01
1.849258495771884918e+04,-6.649429999999999508e-01,-4.885939999999999728e-01,-8.642539999999999667e-01
1.886322653687000275e+04,-6.651580000000000270e-01,-4.888669999999999960e-01,-8.621689999999999632e-01
1.911136791980266571e+04,-6.649429999999999508e-01,-4.885939999999999728e-01,-8.642539999999999667e-01
1.920245778453350067e+04,-6.684900000000000286e-01,-4.915720000000000089e-01,-8.645519999999999872e-01
1.921502191507816315e+04,-6.534499999999999753e-01,-4.748220000000000218e-01,-8.391030000000000433e-01
2.013848472297191620e+04,-6.690019999999999856e-01,-4.884080000000000088e-01,-8.600259999999999572e-01
2.016361296421289444e+04,-6.615290000000000337e-01,-4.885939999999999728e-01,-8.596080000000000387e-01
2.092374216365814209e+04,-6.684900000000000286e-01,-4.915720000000000089e-01,-8.645519999999999872e-01
2.142002483934164047e+04,-7.380590000000000206e-01,-5.963260000000000227e-01,-9.432789999999999786e-01
2.149855057340860367e+04,-7.461520000000000374e-01,-6.577579999999999538e-01,-9.999989999999999712e-01
2.177496116769313812e+04,-7.282149999999999457e-01,-5.617710000000000203e-01,-9.112059999999999604e-01
2.211733337545394897e+04,-8.064630000000000409e-01,-7.255970000000000475e-01,-1.000000000000000000e+00
2.408675861746072769e+04,-7.040680000000000271e-01,-5.340899999999999537e-01,-8.770019999999999483e-01
2.410246376824378967e+04,-6.046510000000000495e-01,-4.510399999999999965e-01,-8.079589999999999828e-01
2.528349056953191757e+04,-5.283130000000000326e-01,-3.604959999999999831e-01,-7.232840000000000380e-01
2.536515731376409531e+04,-4.610730000000000106e-01,-2.742009999999999725e-01,-6.484149999999999636e-01
2.568554223030805588e+04,-4.631700000000000261e-01,-2.753129999999999744e-01,-6.506269999999999554e-01
2.568554223030805588e+04,-4.640340000000000020e-01,-2.737280000000000268e-01,-6.476250000000000062e-01
2.583945262831449509e+04,-4.515660000000000229e-01,-2.737280000000000268e-01,-6.468850000000000433e-01
2.592740142285823822e+04,-4.469929999999999737e-01,-2.764699999999999935e-01,-6.440439999999999499e-01
2.635144027471542358e+04,-5.188890000000000446e-01,-3.501049999999999995e-01,-7.102519999999999945e-01
2.642682494866847992e+04,-4.469929999999999737e-01,-2.764699999999999935e-01,-6.440439999999999499e-01
2.662785075914859772e+04,-5.057160000000000544e-01,-3.376199999999999757e-01,-6.942040000000000433e-01
2.683201760965585709e+04,-4.412110000000000198e-01,-2.589420000000000055e-01,-6.249090000000000478e-01
2.719323586833477020e+04,-5.051090000000000302e-01,-3.321970000000000200e-01,-6.889769999999999506e-01
2.771464654546976089e+04,-5.012569999999999526e-01,-3.315770000000000106e-01,-6.868180000000000396e-01
2.776176196783781052e+04,-5.075229999999999464e-01,-3.315770000000000106e-01,-6.925050000000000372e-01
2.792823645651340485e+04,-4.336889999999999912e-01,-2.594560000000000199e-01,-6.252609999999999557e-01
2.793765954697132111e+04,-4.375689999999999857e-01,-2.590540000000000065e-01,-6.260139999999999594e-01
2.804759553265571594e+04,-4.874789999999999957e-01,-3.266819999999999724e-01,-6.773700000000000276e-01
2.834285216796398163e+04,-4.908859999999999890e-01,-3.253499999999999726e-01,-6.782110000000000083e-01
2.860041646134853363e+04,-5.548769999999999536e-01,-4.012169999999999903e-01,-7.428749999999999520e-01
2.900246804213523865e+04,-4.836880000000000068e-01,-3.177440000000000264e-01,-6.680319999999999592e-01
2.911240402776002884e+04,-4.127719999999999723e-01,-2.385110000000000008e-01,-5.953570000000000251e-01
2.923804514425992966e+04,-4.291039999999999854e-01,-2.590939999999999910e-01,-6.215169999999999861e-01
2.943907092475891113e+04,-3.638899999999999912e-01,-1.790430000000000077e-01,-5.503599999999999604e-01
2.946734017622470856e+04,-2.888450000000000184e-01,-1.008919999999999956e-01,-4.795559999999999823e-01
2.985054557597637177e+04,-2.163100000000000023e-01,-1.946900000000000019e-02,-4.003229999999999844e-01
3.052586654102802277e+04,-2.246630000000000016e-01,-4.594600000000000073e-02,-4.307070000000000065e-01
3.080541800546646118e+04,-2.260969999999999924e-01,-3.969999999999999918e-02,-4.250639999999999974e-01
3.165035442924499512e+04,-1.539349999999999885e-01,1.932100000000000137e-02,-3.702500000000000235e-01
3.246073952126502991e+04,-7.505299999999999472e-02,1.075450000000000017e-01,-2.816179999999999795e-01
3.254240623551607132e+04,-4.386000000000000142e-03,2.039870000000000017e-01,-1.874460000000000015e-01
3.297900903815031052e+04,-2.549000000000000050e-03,1.997500000000000109e-01,-1.914889999999999926e-01
3.335907334780693054e+04,-8.170000000000000179e-04,1.997500000000000109e-01,-1.903590000000000004e-01
3.359465039002895355e+04,1.179999999999999951e-04,2.063450000000000006e-01,-1.838200000000000112e-01
3.395586852872371674e+04,-7.340599999999999903e-02,1.058879999999999960e-01,-2.816179999999999795e-01
3.399041983050107956e+04,-8.243000000000000327e-02,1.236300000000000038e-01,-2.716290000000000093e-01
3.403125318264961243e+04,-8.364399999999999613e-02,8.571700000000000153e-02,-3.102190000000000225e-01
3.591901048040390015e+04,-8.529699999999999782e-02,1.074650000000000050e-01,-2.857729999999999992e-01
3.654093382263183594e+04,-1.226799999999999939e-02,1.815670000000000062e-01,-2.148539999999999894e-01
3.675452365362644196e+04,-1.395300000000000012e-02,1.657520000000000104e-01,-2.300139999999999962e-01
3.685189548873901367e+04,-1.609700000000000020e-02,1.827689999999999870e-01,-2.145489999999999897e-01
3.739843416702747345e+04,-9.291800000000000059e-02,8.381600000000000161e-02,-3.122489999999999988e-01
3.763401117926836014e+04,-1.140879999999999950e-01,9.140099999999999614e-02,-3.103440000000000087e-01
3.786958819139003754e+04,-1.849139999999999950e-01,1.792399999999999896e-02,-3.774710000000000010e-01
3.795439591586589813e+04,-2.037100000000000022e-01,1.773699999999999929e-02,-4.024710000000000232e-01
3.802035747927427292e+04,-2.125229999999999897e-01,1.453199999999999978e-02,-4.064130000000000242e-01
3.821196010923385620e+04,-2.085919999999999996e-01,1.163199999999999998e-02,-4.056799999999999851e-01
3.859202435880899429e+04,-2.023250000000000048e-01,1.820599999999999996e-02,-3.991129999999999955e-01
3.893753728669881821e+04,-1.229650000000000049e-01,9.436600000000000543e-02,-3.179239999999999844e-01
3.904433220231533051e+04,-1.298009999999999997e-01,7.136299999999999588e-02,-3.479119999999999990e-01
3.993324273836612701e+04,-1.262759999999999994e-01,9.427299999999999569e-02,-3.167610000000000148e-01
4.000548635202646255e+04,-5.115700000000000108e-02,1.354259999999999908e-01,-2.761219999999999786e-01
4.024734539461135864e+04,-1.262759999999999994e-01,9.427299999999999569e-02,-3.167610000000000148e-01
4.038240954160690308e+04,-2.072809999999999930e-01,1.792399999999999896e-02,-3.986589999999999856e-01
4.053946087968349457e+04,-1.888900000000000023e-01,1.994399999999999992e-02,-3.798039999999999750e-01
4.085670454621315002e+04,-2.575379999999999892e-01,-6.568300000000000527e-02,-4.616339999999999888e-01
4.102317896473407745e+04,-3.359090000000000131e-01,-1.367960000000000009e-01,-5.318100000000000049e-01
4.344176931005716324e+04,-4.099650000000000238e-01,-2.280059999999999865e-01,-6.230949999999999545e-01
4.348574367237091064e+04,-4.021959999999999980e-01,-2.280059999999999865e-01,-6.183480000000000087e-01
4.737119308364391327e+04,-3.281419999999999892e-01,-1.384970000000000090e-01,-5.318100000000000049e-01
4.816901371490955353e+04,-3.284969999999999835e-01,-1.376729999999999898e-01,-5.296699999999999742e-01
4.826324449980258942e+04,-4.017279999999999740e-01,-1.955679999999999918e-01,-5.855270000000000197e-01
4.858991120672225952e+04,-4.782980000000000009e-01,-3.046690000000000231e-01,-6.876269999999999882e-01
4.868100096148252487e+04,-4.836170000000000191e-01,-3.031889999999999863e-01,-6.906839999999999646e-01
4.914587280559539795e+04,-5.674690000000000012e-01,-3.818159999999999887e-01,-7.624189999999999579e-01
4.926837282198667526e+04,-6.371719999999999606e-01,-4.537320000000000242e-01,-8.155999999999999917e-01
4.938459078788757324e+04,-5.651410000000000045e-01,-3.773710000000000120e-01,-7.596969999999999557e-01
4.939715488862991333e+04,-5.539389999999999592e-01,-3.851919999999999789e-01,-7.590000000000000080e-01
4.968298825341463089e+04,-4.810590000000000144e-01,-3.025669999999999749e-01,-6.876269999999999882e-01
4.968927030372619629e+04,-4.877409999999999801e-01,-3.050379999999999758e-01,-6.953399999999999581e-01
4.983061648106575012e+04,-4.892040000000000277e-01,-3.051380000000000203e-01,-6.956379999999999786e-01
5.027978319430351257e+04,-4.956409999999999982e-01,-3.048850000000000171e-01,-7.015139999999999709e-01
5.058446272003650665e+04,-4.152509999999999812e-01,-2.325200000000000045e-01,-6.291529999999999623e-01
5.080433452147245407e+04,-3.368840000000000168e-01,-1.430760000000000087e-01,-5.397159999999999735e-01
5.111215506744384766e+04,-2.410219999999999863e-01,-4.419499999999999817e-02,-4.321880000000000166e-01
5.117183456045389175e+04,-2.410219999999999863e-01,-4.419499999999999817e-02,-4.321880000000000166e-01
5.132260379838943481e+04,-1.601140000000000063e-01,1.284099999999999998e-02,-3.692190000000000194e-01
5.144824483484029770e+04,-1.566529999999999867e-01,1.199700000000000072e-02,-3.698420000000000041e-01
5.176862948143482208e+04,-1.612550000000000094e-01,1.339500000000000066e-02,-3.698159999999999781e-01
5.196337309151887894e+04,-2.280230000000000035e-01,-5.295400000000000107e-02,-4.318850000000000189e-01
5.196337309151887894e+04,-2.280230000000000035e-01,-5.295400000000000107e-02,-4.318850000000000189e-01
5.249420645904541016e+04,-2.214240000000000097e-01,-3.657500000000000334e-02,-4.142620000000000191e-01
5.297164239370822906e+04,-1.542600000000000082e-01,1.222799999999999929e-02,-3.692190000000000194e-01
5.325119369816780090e+04,-2.225550000000000028e-01,-6.001900000000000290e-02,-4.401360000000000272e-01
5.357786037516593933e+04,-2.304370000000000029e-01,-5.989099999999999979e-02,-4.394429999999999725e-01
5.390452706205844879e+04,-1.660119999999999929e-01,1.428699999999999935e-02,-3.698159999999999781e-01
5.497875788772106171e+04,-9.313100000000000545e-02,1.033879999999999938e-01,-2.810230000000000228e-01
5.508241173309087753e+04,-2.403800000000000034e-02,1.692400000000000015e-01,-2.169550000000000090e-01
5.520491174942255020e+04,-1.956199999999999953e-02,1.704620000000000024e-01,-2.168809999999999905e-01
5.526145020234584808e+04,-2.150499999999999981e-02,1.690039999999999876e-01,-2.169729999999999992e-01
5.527715533316135406e+04,5.011299999999999782e-02,2.332069999999999976e-01,-1.508240000000000136e-01
5.575459125781059265e+04,-2.700100000000000069e-02,1.512159999999999893e-01,-2.388019999999999865e-01
5.635766818916797638e+04,-3.025800000000000017e-02,1.466600000000000126e-01,-2.463869999999999949e-01
5.657439897030591965e+04,-2.872699999999999906e-02,1.437120000000000064e-01,-2.493470000000000131e-01
5.659324512141942978e+04,4.627400000000000263e-02,2.352019999999999944e-01,-1.567969999999999919e-01
5.665606563466787338e+04,1.142370000000000052e-01,3.046719999999999984e-01,-8.041900000000000437e-02
5.725600155568122864e+04,1.148139999999999994e-01,3.029160000000000186e-01,-8.175200000000000522e-02
5.729997591793537140e+04,1.842719999999999914e-01,3.744060000000000166e-01,-5.753999999999999566e-03
5.752612975966930389e+04,1.154929999999999984e-01,3.027309999999999723e-01,-8.015799999999999315e-02
5.797843746304512024e+04,1.175469999999999987e-01,3.032360000000000055e-01,-8.167000000000000648e-02
5.826427079796791077e+04,4.464200000000000113e-02,2.352019999999999944e-01,-1.562540000000000040e-01
5.841504002577066422e+04,1.222310000000000063e-01,3.032360000000000055e-01,-7.964100000000000346e-02
5.889875799077749252e+04,5.465899999999999925e-02,2.352019999999999944e-01,-1.510970000000000091e-01
5.898042465502023697e+04,-1.401699999999999995e-02,1.690039999999999876e-01,-2.193239999999999912e-01
5.901497593683004379e+04,-1.401699999999999995e-02,1.690039999999999876e-01,-2.193239999999999912e-01
5.935420671433210373e+04,-8.596900000000000375e-02,1.074650000000000050e-01,-2.795670000000000099e-01
6.038446311771869659e+04,-8.262899999999999412e-02,1.000540000000000040e-01,-2.851710000000000078e-01
6.061689900988340378e+04,-8.260299999999999587e-02,1.074650000000000050e-01,-2.795670000000000099e-01
6.077709131813049316e+04,-1.485930000000000029e-01,1.276799999999999984e-02,-3.705330000000000013e-01
6.086189901250600815e+04,-1.585850000000000037e-01,1.530699999999999943e-02,-3.696180000000000021e-01
6.150895028609037399e+04,-8.645400000000000307e-02,1.066679999999999989e-01,-2.759480000000000266e-01
6.154036054760217667e+04,-9.516299999999999759e-02,1.055699999999999972e-01,-2.795670000000000099e-01
6.154664259797334671e+04,-1.686769999999999936e-01,1.499900000000000018e-02,-3.698159999999999781e-01
6.175080926847457886e+04,-1.657299999999999884e-01,1.700700000000000128e-02,-3.698159999999999781e-01
6.217484772044420242e+04,-2.383000000000000118e-01,-5.850199999999999845e-02,-4.425379999999999869e-01
6.297895027220249176e+04,-1.650069999999999870e-01,1.700700000000000128e-02,-3.688089999999999979e-01
6.308888616776466370e+04,-1.600119999999999876e-01,1.406600000000000038e-02,-3.698159999999999781e-01
6.315484771120548248e+04,-1.527940000000000131e-01,1.276799999999999984e-02,-3.696180000000000021e-01
6.319882206356525421e+04,-2.245769999999999988e-01,-5.123400000000000176e-02,-4.324250000000000038e-01
6.325536052644252777e+04,-2.936980000000000146e-01,-1.007109999999999950e-01,-4.753060000000000063e-01
6.351292461979389191e+04,-2.226829999999999921e-01,-4.975099999999999661e-02,-4.312960000000000127e-01
6.367625794827938080e+04,-2.226829999999999921e-01,-4.975099999999999661e-02,-4.312960000000000127e-01
6.379247590422630310e+04,-2.890039999999999831e-01,-1.006090000000000040e-01,-4.738149999999999862e-01
6.380189897477626801e+04,-2.802569999999999784e-01,-9.790699999999999403e-02,-4.639139999999999930e-01
6.420395024555921555e+04,-3.525050000000000128e-01,-1.702619999999999967e-01,-5.348810000000000509e-01
6.421337333601713181e+04,-2.864599999999999924e-01,-1.100489999999999940e-01,-4.805139999999999967e-01
6.480388612669706345e+04,-3.535409999999999942e-01,-1.806260000000000088e-01,-5.448410000000000197e-01
6.499234766650199890e+04,-4.161460000000000159e-01,-2.480420000000000125e-01,-6.013260000000000272e-01
6.541324508821964264e+04,-4.236469999999999958e-01,-2.481669999999999987e-01,-6.032560000000000144e-01
6.544465533989667892e+04,-4.944769999999999999e-01,-3.293929999999999914e-01,-6.773599999999999621e-01
6.557657841670513153e+04,-5.002079999999999860e-01,-3.450540000000000274e-01,-6.942329999999999890e-01
6.575247584587335587e+04,-5.665369999999999573e-01,-4.098220000000000196e-01,-7.501860000000000195e-01
6.584670662063360214e+04,-5.043450000000000433e-01,-3.444429999999999992e-01,-6.923939999999999539e-01
6.609484762358665466e+04,-5.768109999999999626e-01,-4.318420000000000036e-01,-7.730540000000000189e-01
6.610112967389822006e+04,-5.826240000000000308e-01,-4.327420000000000155e-01,-7.748399999999999732e-01
6.622362968021631241e+04,-5.243630000000000235e-01,-3.743340000000000001e-01,-7.322459999999999525e-01
6.623933480101823807e+04,-6.034850000000000492e-01,-4.286070000000000157e-01,-7.806239999999999846e-01
6.635869377720355988e+04,-5.368309999999999471e-01,-3.821269999999999945e-01,-7.429909999999999570e-01
6.662882197117805481e+04,-5.393710000000000448e-01,-3.821269999999999945e-01,-7.429909999999999570e-01
6.687696298402547836e+04,-5.358880000000000310e-01,-3.767460000000000253e-01,-7.361290000000000333e-01
6.711882195657491684e+04,-4.693880000000000274e-01,-2.999950000000000117e-01,-6.727400000000000047e-01
6.730414246612787247e+04,-4.648619999999999974e-01,-3.026090000000000169e-01,-6.736459999999999670e-01
6.760882193195819855e+04,-5.358880000000000310e-01,-3.767460000000000253e-01,-7.361290000000000333e-01
6.788523217624425888e+04,-5.282480000000000508e-01,-3.519780000000000131e-01,-7.103469999999999507e-01
6.797946294116973877e+04,-5.306269999999999598e-01,-3.732420000000000182e-01,-7.320699999999999985e-01
6.831241164833307266e+04,-5.282480000000000508e-01,-3.519780000000000131e-01,-7.103469999999999507e-01
6.859824496328830719e+04,-5.385520000000000307e-01,-3.720700000000000118e-01,-7.325540000000000385e-01
6.955939878296852112e+04,-5.412519999999999554e-01,-3.804620000000000224e-01,-7.427070000000000061e-01
6.973215517193078995e+04,-5.488150000000000528e-01,-3.821269999999999945e-01,-7.429909999999999570e-01
6.987664234942197800e+04,-6.152009999999999978e-01,-4.324080000000000146e-01,-7.877960000000000518e-01
7.075612949496507645e+04,-6.152009999999999978e-01,-4.324080000000000146e-01,-7.877960000000000518e-01
7.085664231014251709e+04,-6.216749999999999776e-01,-4.644449999999999967e-01,-8.210629999999999873e-01
7.115818074589967728e+04,-6.957879999999999621e-01,-5.304159999999999986e-01,-8.697629999999999528e-01
7.160420636892318726e+04,-6.405459999999999487e-01,-4.837250000000000161e-01,-8.423929999999999474e-01
7.161991148978471756e+04,-5.676889999999999992e-01,-3.752530000000000032e-01,-7.458380000000000010e-01
7.171414225465059280e+04,-5.698180000000000467e-01,-3.719489999999999741e-01,-7.473919999999999453e-01
7.189318071389198303e+04,-5.676889999999999992e-01,-3.752530000000000032e-01,-7.458380000000000010e-01
7.194343712639808655e+04,-6.434849999999999737e-01,-4.600299999999999945e-01,-8.210030000000000383e-01
7.282606527221202850e+04,-6.700720000000000010e-01,-4.957779999999999965e-01,-8.600259999999999572e-01
7.305221911388635635e+04,-5.903739999999999544e-01,-3.981180000000000274e-01,-7.773900000000000254e-01
7.328779601609706879e+04,-5.751389999999999558e-01,-3.828679999999999861e-01,-7.567000000000000393e-01
7.390971905839443207e+04,-5.837970000000000104e-01,-3.981180000000000274e-01,-7.777830000000000021e-01
7.397882162189483643e+04,-4.975310000000000010e-01,-3.056490000000000040e-01,-6.864010000000000389e-01
7.439657801359891891e+04,-4.999910000000000188e-01,-3.049040000000000084e-01,-6.873340000000000005e-01
7.441542416453361511e+04,-5.751389999999999558e-01,-3.828679999999999861e-01,-7.567000000000000393e-01
7.477978311342000961e+04,-4.967489999999999961e-01,-3.061590000000000145e-01,-6.864010000000000389e-01
7.547709076952934265e+04,-4.213299999999999823e-01,-2.371860000000000079e-01,-6.217089999999999561e-01
7.580061638629436493e+04,-4.080210000000000226e-01,-2.343059999999999865e-01,-6.126730000000000231e-01
7.646651378083229065e+04,-4.101360000000000006e-01,-2.336630000000000096e-01,-6.133720000000000283e-01
7.691882144433259964e+04,-4.784089999999999732e-01,-3.089250000000000052e-01,-6.800450000000000106e-01
7.740882141953706741e+04,-4.757669999999999955e-01,-3.064919999999999867e-01,-6.787429999999999852e-01
7.748106500339508057e+04,-4.015619999999999745e-01,-2.318979999999999930e-01,-6.092689999999999495e-01
7.768523166394233704e+04,-3.960659999999999736e-01,-2.125180000000000125e-01,-5.869339999999999558e-01
7.897305208069086075e+04,-3.901530000000000276e-01,-1.951120000000000076e-01,-5.707680000000000531e-01
7.897933413100242615e+04,-3.986179999999999723e-01,-2.032829999999999915e-01,-5.833390000000000519e-01
7.898561619132757187e+04,-3.309380000000000099e-01,-1.388719999999999954e-01,-5.208700000000000552e-01
7.950388537818193436e+04,-2.569989999999999775e-01,-6.001900000000000290e-02,-4.472920000000000229e-01
7.957298795169591904e+04,-1.879069999999999907e-01,2.507000000000000114e-03,-3.901310000000000056e-01
7.963894948512315750e+04,-1.075289999999999996e-01,8.105099999999999805e-02,-3.096849999999999881e-01
8.060952634543180466e+04,-1.815450000000000119e-01,1.294599999999999917e-02,-3.786939999999999751e-01
8.077600069403648376e+04,-1.103530000000000066e-01,8.084500000000000020e-02,-3.104100000000000192e-01
8.114978272330760956e+04,-1.103530000000000066e-01,8.084500000000000020e-02,-3.104100000000000192e-01
8.116862886440753937e+04,-4.784700000000000064e-02,1.438020000000000131e-01,-2.499339999999999895e-01
8.151728270238637924e+04,1.329999999999999932e-02,2.170829999999999982e-01,-1.785420000000000063e-01
8.152984679311513901e+04,8.345700000000000340e-02,2.781549999999999856e-01,-1.128839999999999982e-01
8.156753910499811172e+04,2.067400000000000140e-02,2.170829999999999982e-01,-1.769259999999999999e-01
8.165548781961202621e+04,2.067400000000000140e-02,2.170829999999999982e-01,-1.769259999999999999e-01
8.172144935297966003e+04,9.317200000000000482e-02,2.744360000000000133e-01,-1.142249999999999932e-01
8.176856473541259766e+04,1.660609999999999864e-01,3.679189999999999960e-01,-1.476599999999999961e-02
8.310350054460763931e+04,1.663789999999999991e-01,3.673409999999999731e-01,-1.376499999999999946e-02
8.343959026199579239e+04,1.799350000000000116e-01,3.704169999999999963e-01,-5.615000000000000199e-03
8.344273128217458725e+04,1.099900000000000044e-01,3.012029999999999985e-01,-8.051500000000000323e-02
8.446042351496219635e+04,1.108959999999999946e-01,2.974149999999999849e-01,-8.372100000000000375e-02
8.463946197420358658e+04,1.786010000000000097e-01,3.649029999999999774e-01,-1.261699999999999974e-02
8.484048759460449219e+04,1.771280000000000077e-01,3.634410000000000140e-01,-1.514000000000000068e-02
8.514516707032918930e+04,2.442930000000000101e-01,4.347849999999999770e-01,6.478399999999999437e-02
8.514516707032918930e+04,3.157440000000000246e-01,5.009019999999999584e-01,1.446220000000000006e-01
8.642670544672012329e+04,3.177829999999999822e-01,4.998020000000000240e-01,1.440329999999999944e-01
8.777734638667106628e+04,2.568119999999999847e-01,4.392190000000000261e-01,7.509799999999999809e-02
8.795324380582571030e+04,1.880030000000000034e-01,3.827510000000000079e-01,8.954999999999999419e-03
8.797208994692564011e+04,1.899530000000000107e-01,3.827510000000000079e-01,9.449000000000000801e-03
8.855632068705558777e+04,2.510160000000000169e-01,4.348060000000000258e-01,6.836200000000000609e-02
8.879189759927988052e+04,1.784620000000000095e-01,3.732159999999999922e-01,-6.100999999999999653e-03
8.882330784094333649e+04,1.771109999999999907e-01,3.732159999999999922e-01,-6.100999999999999653e-03
8.899920527994632721e+04,1.063769999999999993e-01,3.034879999999999800e-01,-8.047700000000000686e-02
8.923792320245504379e+04,1.122979999999999950e-01,3.032360000000000055e-01,-8.041900000000000437e-02
8.935414114832878113e+04,1.087189999999999962e-01,3.027309999999999723e-01,-8.175200000000000522e-02
8.944523088312149048e+04,1.133780000000000066e-01,3.014580000000000037e-01,-8.051500000000000323e-02
8.971535906714200974e+04,1.123119999999999952e-01,3.029160000000000186e-01,-7.988399999999999668e-02
8.980644881182909012e+04,4.679900000000000032e-02,2.332069999999999976e-01,-1.510970000000000091e-01
9.069535900789499283e+04,-2.823200000000000015e-02,1.805209999999999870e-01,-2.097870000000000013e-01
9.097176924228668213e+04,4.679900000000000032e-02,2.332069999999999976e-01,-1.510970000000000091e-01
9.132670512062311172e+04,4.809599999999999986e-02,2.332069999999999976e-01,-1.508240000000000136e-01
9.149003844898939133e+04,4.679900000000000032e-02,2.332069999999999976e-01,-1.510970000000000091e-01
9.149317946916818619e+04,-2.412900000000000114e-02,1.701419999999999877e-01,-2.169729999999999992e-01
9.161253844535350800e+04,-1.557399999999999930e-02,1.690039999999999876e-01,-2.147709999999999897e-01
9.252029479241371155e+04,-8.363299999999999901e-02,1.050389999999999935e-01,-2.760340000000000016e-01
9.343433318978548050e+04,-8.645400000000000307e-02,1.027489999999999931e-01,-2.796190000000000064e-01
9.358510240763425827e+04,-8.645400000000000307e-02,1.027489999999999931e-01,-2.796190000000000064e-01
9.393061521548032761e+04,-1.605209999999999970e-01,1.276799999999999984e-02,-3.678890000000000216e-01
9.454939722758531570e+04,-2.309819999999999929e-01,-5.857500000000000207e-02,-4.369759999999999756e-01
9.483523054230213165e+04,-2.291060000000000041e-01,-5.857500000000000207e-02,-4.373770000000000158e-01
9.490119208568334579e+04,-2.309819999999999929e-01,-5.857500000000000207e-02,-4.369759999999999756e-01
9.508651257538795471e+04,-1.740009999999999890e-01,1.267700000000000077e-02,-3.730769999999999920e-01
9.510221770608425140e+04,-1.750190000000000079e-01,1.339500000000000066e-02,-3.733049999999999979e-01
9.536292281967401505e+04,-2.458470000000000100e-01,-5.857099999999999806e-02,-4.411820000000000186e-01
9.537548692035675049e+04,-3.176950000000000052e-01,-1.371660000000000101e-01,-5.146239999999999704e-01
9.557337152063846588e+04,-3.808909999999999796e-01,-2.030099999999999960e-01,-5.735050000000000425e-01
9.574298689937591553e+04,-3.860379999999999923e-01,-2.033139999999999947e-01,-5.759459999999999580e-01
9.629266635781526566e+04,-3.860379999999999923e-01,-2.033139999999999947e-01,-5.759459999999999580e-01
9.657221762228012085e+04,-3.878429999999999933e-01,-2.137320000000000053e-01,-5.886190000000000033e-01
9.673869196099042892e+04,-3.917760000000000131e-01,-2.044819999999999971e-01,-5.807839999999999669e-01
9.701510219526290894e+04,-3.878429999999999933e-01,-2.137320000000000053e-01,-5.886190000000000033e-01
9.739202526473999023e+04,-4.462340000000000195e-01,-2.775839999999999974e-01,-6.368359999999999577e-01
9.776266625404357910e+04,-4.526240000000000263e-01,-2.811170000000000058e-01,-6.447439999999999838e-01
9.784119189798831940e+04,-5.246539999999999537e-01,-3.747880000000000100e-01,-7.322459999999999525e-01
9.799824316614866257e+04,-4.615779999999999883e-01,-2.817850000000000077e-01,-6.492010000000000280e-01
9.815843546444177628e+04,-4.615779999999999883e-01,-2.817850000000000077e-01,-6.492010000000000280e-01
9.936773026710748672e+04,-4.553769999999999762e-01,-2.817850000000000077e-01,-6.453100000000000502e-01
9.989856357461214066e+04,-5.246539999999999537e-01,-3.747880000000000100e-01,-7.322459999999999525e-01
1.004451020029187202e+05,-6.031239999999999934e-01,-4.289149999999999907e-01,-7.777800000000000269e-01
1.005267686572074890e+05,-5.415940000000000198e-01,-3.809000000000000163e-01,-7.429909999999999570e-01
1.005456148181557655e+05,-4.659860000000000113e-01,-3.036269999999999802e-01,-6.738119999999999665e-01
1.012177942630052567e+05,-5.368309999999999471e-01,-3.821269999999999945e-01,-7.429909999999999570e-01
1.012397814440131187e+05,-6.085639999999999938e-01,-4.390870000000000051e-01,-7.914590000000000236e-01
1.013340122089385986e+05,-6.066559999999999730e-01,-4.329649999999999888e-01,-7.865240000000000009e-01
1.015067686079740524e+05,-6.031239999999999934e-01,-4.289149999999999907e-01,-7.777800000000000269e-01
1.016858070572018623e+05,-6.694710000000000383e-01,-5.061039999999999983e-01,-8.384319999999999551e-01
1.018774096170663834e+05,-6.738239999999999785e-01,-5.049500000000000099e-01,-8.393479999999999830e-01
1.026501018770933151e+05,-6.007019999999999582e-01,-4.327420000000000155e-01,-7.825609999999999511e-01
1.029453582625389099e+05,-6.738100000000000200e-01,-5.049500000000000099e-01,-8.389039999999999830e-01
1.030615762184262276e+05,-6.849870000000000125e-01,-5.037859999999999561e-01,-8.392060000000000075e-01
1.035170249120593071e+05,-6.085639999999999938e-01,-4.390870000000000051e-01,-7.914590000000000236e-01
1.040572812900543213e+05,-6.111459999999999670e-01,-4.340160000000000129e-01,-7.891650000000000054e-01
1.043022812728285789e+05,-6.230949999999999545e-01,-4.686830000000000163e-01,-8.236620000000000053e-01
1.044467684502601624e+05,-6.815980000000000372e-01,-5.050759999999999694e-01,-8.401399999999999979e-01
1.054864478840827942e+05,-6.839730000000000532e-01,-5.071600000000000552e-01,-8.392060000000000075e-01
1.056560632629394531e+05,-6.773959999999999981e-01,-5.061039999999999983e-01,-8.411319999999999908e-01
1.056717683837413788e+05,-6.847539999999999738e-01,-5.050759999999999694e-01,-8.392060000000000075e-01
1.062340119627118111e+05,-6.847910000000000386e-01,-5.061039999999999983e-01,-8.384319999999999551e-01
1.065763837305903435e+05,-6.847539999999999738e-01,-5.050759999999999694e-01,-8.392060000000000075e-01
1.066768965457677841e+05,-6.839730000000000532e-01,-5.071600000000000552e-01,-8.392060000000000075e-01
1.068433708944320679e+05,-6.147770000000000179e-01,-4.322920000000000096e-01,-7.862339999999999884e-01
1.070161273033022881e+05,-5.431249999999999689e-01,-3.820009999999999795e-01,-7.434800000000000297e-01
1.075815118826031685e+05,-4.816829999999999723e-01,-3.098139999999999783e-01,-6.815909999999999469e-01
1.082725374984145164e+05,-4.797620000000000218e-01,-3.116610000000000213e-01,-6.839870000000000116e-01
1.089195887419581413e+05,-4.652660000000000129e-01,-2.825610000000000066e-01,-6.528880000000000239e-01
1.090672169496417046e+05,-4.652660000000000129e-01,-2.825610000000000066e-01,-6.528880000000000239e-01
1.091551656541824341e+05,-4.607550000000000257e-01,-2.826170000000000071e-01,-6.489610000000000101e-01
1.097865117967724800e+05,-3.878429999999999933e-01,-2.137320000000000053e-01,-5.886190000000000033e-01
1.098618963907957077e+05,-3.824640000000000262e-01,-2.106230000000000047e-01,-5.845190000000000108e-01
1.102199733092784882e+05,-3.824640000000000262e-01,-2.106230000000000047e-01,-5.845190000000000108e-01
1.102859348427057266e+05,-3.795310000000000072e-01,-1.906849999999999934e-01,-5.620610000000000328e-01
1.107068322644233704e+05,-4.390399999999999858e-01,-2.715529999999999888e-01,-6.331020000000000536e-01
1.109361271263360977e+05,-4.412650000000000183e-01,-2.618300000000000072e-01,-6.228690000000000060e-01
1.113067681356072426e+05,-4.634050000000000114e-01,-2.994370000000000087e-01,-6.678389999999999604e-01
1.114481142829060555e+05,-4.015270000000000228e-01,-2.271170000000000133e-01,-6.026099999999999790e-01
1.117779219599366188e+05,-4.145010000000000083e-01,-2.321300000000000030e-01,-6.134060000000000068e-01
1.122584988549351692e+05,-3.404900000000000149e-01,-1.385309999999999875e-01,-5.242900000000000338e-01
1.125757424412965775e+05,-2.715080000000000271e-01,-7.184200000000000308e-02,-4.633349999999999969e-01
1.129746526820063591e+05,-2.678300000000000125e-01,-8.513800000000000534e-02,-4.771349999999999758e-01
1.130311911448836327e+05,-2.675620000000000220e-01,-8.645600000000000507e-02,-4.774370000000000003e-01
1.131065757587552071e+05,-1.962440000000000018e-01,-2.578400000000000136e-02,-4.197409999999999752e-01
1.131725372921824455e+05,-1.183649999999999980e-01,6.698500000000000287e-02,-3.263499999999999734e-01
1.134363834359049797e+05,-1.925999999999999934e-01,-2.593399999999999872e-02,-4.196469999999999922e-01
1.134772167680263519e+05,-1.934569999999999901e-01,-2.578400000000000136e-02,-4.197409999999999752e-01
1.136248449656963348e+05,-1.826979999999999993e-01,1.406600000000000038e-02,-3.781010000000000204e-01
1.137284988110065460e+05,-1.826979999999999993e-01,1.406600000000000038e-02,-3.781010000000000204e-01
1.138918321394920349e+05,-1.773820000000000119e-01,1.403800000000000013e-02,-3.730769999999999920e-01
1.141556782831549644e+05,-1.773820000000000119e-01,1.403800000000000013e-02,-3.730769999999999920e-01
1.156508064305782318e+05,-1.069019999999999970e-01,1.079579999999999984e-01,-2.821779999999999844e-01
1.158267038596868515e+05,-1.043020000000000058e-01,1.074650000000000050e-01,-2.821779999999999844e-01
1.170140115112066269e+05,-1.723310000000000120e-01,1.406600000000000038e-02,-3.702500000000000235e-01
1.176642037949562073e+05,-2.428039999999999921e-01,-5.917100000000000137e-02,-4.405899999999999817e-01
1.177521525194048882e+05,-3.090140000000000109e-01,-1.032870000000000038e-01,-4.800639999999999907e-01
1.177741397005915642e+05,-3.766930000000000001e-01,-2.030099999999999960e-01,-5.735959999999999948e-01
1.178840755863189697e+05,-3.703870000000000218e-01,-1.812650000000000095e-01,-5.488520000000000065e-01
1.186065114637017250e+05,-3.664259999999999740e-01,-1.822779999999999956e-01,-5.493799999999999795e-01
1.190996524792909622e+05,-3.664259999999999740e-01,-1.822779999999999956e-01,-5.493799999999999795e-01
1.191876012037396431e+05,-3.660240000000000160e-01,-1.823589999999999933e-01,-5.504090000000000371e-01
1.192095883749723434e+05,-4.373380000000000045e-01,-2.590350000000000152e-01,-6.186319999999999597e-01
1.192943960593938828e+05,-4.342670000000000141e-01,-2.590540000000000065e-01,-6.181449999999999445e-01
1.195613832331895828e+05,-4.342670000000000141e-01,-2.590540000000000065e-01,-6.181449999999999445e-01
1.196367678570151329e+05,-4.651950000000000252e-01,-2.753360000000000252e-01,-6.489690000000000181e-01
1.198158063063621521e+05,-4.670630000000000059e-01,-3.000169999999999781e-01,-6.738849999999999563e-01
1.201236268122792244e+05,-4.757669999999999955e-01,-3.064919999999999867e-01,-6.787429999999999852e-01
1.202052934765815735e+05,-5.545999999999999819e-01,-3.803159999999999874e-01,-7.467110000000000136e-01
1.204188832175731659e+05,-4.636270000000000113e-01,-2.753129999999999744e-01,-6.471430000000000238e-01
1.204911268013119698e+05,-4.646509999999999807e-01,-2.742009999999999725e-01,-6.481900000000000439e-01
1.210125370383858681e+05,-4.499009999999999954e-01,-2.765969999999999818e-01,-6.386979999999999880e-01
1.210188190886974335e+05,-4.504170000000000118e-01,-2.778680000000000039e-01,-6.392550000000000177e-01
1.212009985781311989e+05,-5.192670000000000341e-01,-3.519780000000000131e-01,-7.094470000000000498e-01
1.212606780612468719e+05,-5.243440000000000323e-01,-3.497959999999999958e-01,-7.079349999999999810e-01
1.213109344738125801e+05,-5.222590000000000288e-01,-3.508160000000000167e-01,-7.079349999999999810e-01
1.214774088225364685e+05,-5.169789999999999663e-01,-3.424889999999999879e-01,-6.994690000000000074e-01
1.215370883156061172e+05,-5.880049999999999999e-01,-4.353259999999999907e-01,-7.820909999999999807e-01
1.216156139496564865e+05,-5.119409999999999794e-01,-3.455030000000000046e-01,-6.985339999999999883e-01
1.217758062579035759e+05,-5.119409999999999794e-01,-3.455030000000000046e-01,-6.985339999999999883e-01
1.231829857207536697e+05,-5.194170000000000176e-01,-3.424889999999999879e-01,-6.984259999999999913e-01
1.236164472432136536e+05,-5.205760000000000387e-01,-3.497959999999999958e-01,-7.079349999999999810e-01
1.240687549365758896e+05,-5.205760000000000387e-01,-3.497959999999999958e-01,-7.079349999999999810e-01
1.247440754316449165e+05,-4.597919999999999785e-01,-2.742009999999999725e-01,-6.433790000000000342e-01
1.251932420949339867e+05,-4.579710000000000170e-01,-2.763970000000000038e-01,-6.433790000000000342e-01
1.259188190025091171e+05,-4.772469999999999768e-01,-3.071900000000000186e-01,-6.789889999999999537e-01
1.260161907975077629e+05,-4.795860000000000123e-01,-3.064140000000000197e-01,-6.796069999999999611e-01
1.260978574617505074e+05,-4.795860000000000123e-01,-3.064140000000000197e-01,-6.796069999999999611e-01
1.265407420647740364e+05,-4.719200000000000061e-01,-3.064140000000000197e-01,-6.787429999999999852e-01
1.279322164168357849e+05,-4.741360000000000019e-01,-3.064140000000000197e-01,-6.789889999999999537e-01
1.280704215340018272e+05,-4.772469999999999768e-01,-3.071900000000000186e-01,-6.789889999999999537e-01
1.284756138449311256e+05,-4.066370000000000262e-01,-2.336260000000000003e-01,-6.134060000000000068e-01
1.290127292227149010e+05,-3.509289999999999909e-01,-1.783949999999999980e-01,-5.721389999999999532e-01
1.290629856353998184e+05,-2.794360000000000177e-01,-7.150099999999999512e-02,-4.669110000000000205e-01
1.291729215310811996e+05,-2.117809999999999970e-01,4.233999999999999916e-03,-3.993950000000000000e-01
1.299958702437281609e+05,-2.957899999999999974e-01,-1.040780000000000038e-01,-5.048559999999999715e-01
1.300806779380440712e+05,-2.959530000000000216e-01,-1.040780000000000038e-01,-5.060810000000000031e-01
1.301026651092767715e+05,-2.703300000000000147e-01,-6.855100000000000082e-02,-4.624900000000000122e-01
1.306177933159470558e+05,-2.649290000000000256e-01,-6.957699999999999996e-02,-4.641850000000000143e-01
1.306837548592686653e+05,-2.617300000000000182e-01,-6.688800000000000301e-02,-4.616910000000000180e-01
1.317171522829532623e+05,-2.705580000000000207e-01,-7.060199999999999809e-02,-4.624900000000000122e-01
1.320438189498186111e+05,-3.432149999999999923e-01,-1.382120000000000015e-01,-5.284670000000000201e-01
1.321757420366406441e+05,-3.374460000000000237e-01,-1.385309999999999875e-01,-5.232130000000000392e-01
1.327819599780440331e+05,-3.349670000000000147e-01,-1.392190000000000094e-01,-5.225180000000000380e-01
1.334981138251423836e+05,-3.349670000000000147e-01,-1.392190000000000094e-01,-5.225180000000000380e-01
1.336331779320836067e+05,-3.309380000000000099e-01,-1.388719999999999954e-01,-5.208700000000000552e-01
1.344624086951613426e+05,-3.214509999999999867e-01,-1.361799999999999955e-01,-5.166969999999999619e-01
1.353795881925821304e+05,-3.323229999999999795e-01,-1.393979999999999941e-01,-5.225180000000000380e-01
1.353984343535304070e+05,-3.359900000000000109e-01,-1.388719999999999954e-01,-5.227420000000000400e-01
1.358193317854404449e+05,-2.613510000000000000e-01,-7.226799999999999891e-02,-4.621370000000000200e-01
1.363595882033705711e+05,-3.472120000000000206e-01,-1.397180000000000089e-01,-5.285849999999999715e-01
1.366674087193012238e+05,-3.444119999999999959e-01,-1.417980000000000074e-01,-5.290569999999999995e-01
1.370820241107344627e+05,-3.363760000000000083e-01,-1.385309999999999875e-01,-5.225180000000000380e-01
1.372265112882852554e+05,-2.609580000000000233e-01,-6.719100000000000072e-02,-4.624539999999999762e-01
1.376191394886374474e+05,-1.850350000000000050e-01,4.544000000000000296e-03,-3.924050000000000038e-01
1.383007420639395714e+05,-1.816280000000000117e-01,1.736700000000000049e-02,-3.790270000000000028e-01
1.387499087471961975e+05,-2.609580000000000233e-01,-6.719100000000000072e-02,-4.623169999999999780e-01
1.391268318266868591e+05,-2.436409999999999965e-01,-5.746500000000000219e-02,-4.457059999999999911e-01
1.393592677287459373e+05,-1.747019999999999962e-01,1.280199999999999914e-02,-3.790270000000000028e-01
1.394189472218155861e+05,-1.747019999999999962e-01,1.280199999999999914e-02,-3.790270000000000028e-01
1.395917036207914352e+05,-1.071779999999999955e-01,7.686999999999999389e-02,-3.191370000000000040e-01
1.396011267013549805e+05,-3.996799999999999659e-02,1.505330000000000001e-01,-2.476810000000000123e-01
1.403235626087784767e+05,-3.991299999999999709e-02,1.473659999999999970e-01,-2.500760000000000205e-01
1.405088831282854080e+05,-1.118040000000000006e-01,8.365499999999999325e-02,-3.119310000000000138e-01
1.405685626213550568e+05,-1.711610000000000076e-01,1.740600000000000133e-02,-3.748859999999999970e-01
1.416867677593231201e+05,-1.711610000000000076e-01,1.740600000000000133e-02,-3.748859999999999970e-01
1.417841395643353462e+05,-1.620830000000000048e-01,1.707200000000000037e-02,-3.682389999999999830e-01
1.418877934097051620e+05,-1.620830000000000048e-01,1.707200000000000037e-02,-3.682389999999999830e-01
1.434111908887028694e+05,-1.629829999999999890e-01,1.694500000000000173e-02,-3.682389999999999830e-01
1.435745242171287537e+05,-1.050949999999999940e-01,8.061200000000000310e-02,-3.102190000000000225e-01
1.438446524410247803e+05,-1.028280000000000027e-01,8.152900000000000424e-02,-3.102190000000000225e-01
1.446676011737585068e+05,-9.973999999999999533e-02,8.300200000000000633e-02,-3.101539999999999853e-01
1.447209986065030098e+05,-8.976000000000000645e-02,1.073790000000000022e-01,-2.812970000000000192e-01
1.453209345275163651e+05,-1.260000000000000009e-02,1.696239999999999970e-01,-2.212939999999999907e-01
1.454151652925014496e+05,-9.998999999999999208e-03,1.690039999999999876e-01,-2.221549999999999914e-01
1.454936909365653992e+05,6.201000000000000262e-02,2.358530000000000071e-01,-1.511109999999999953e-01
1.460402294247746468e+05,-1.381499999999999916e-02,1.808029999999999915e-01,-2.107239999999999946e-01
1.461344601997137070e+05,-2.259299999999999850e-02,1.650389999999999913e-01,-2.302619999999999945e-01
1.469228576505780220e+05,1.004310000000000064e-01,2.812689999999999912e-01,-6.329700000000000604e-02
1.472620884380936623e+05,7.061099999999999322e-02,2.571120000000000072e-01,-9.403499999999999359e-02
1.473186269010305405e+05,3.833700000000000302e-02,1.977859999999999896e-01,-1.604949999999999988e-01
1.474379858772158623e+05,4.000000000000000083e-03,1.631390000000000062e-01,-2.015800000000000092e-01
1.482577935897707939e+05,4.098000000000000254e-02,2.352589999999999959e-01,-1.354380000000000028e-01
1.486127295180559158e+05,8.112900000000000666e-02,2.854700000000000015e-01,-9.124500000000000666e-02
1.493351654454469681e+05,1.240450000000000025e-01,3.198360000000000092e-01,-6.223700000000000065e-02
1.493917038984298706e+05,8.792700000000000515e-02,2.982219999999999871e-01,-9.259100000000000663e-02
1.502492039427757263e+05,4.773399999999999865e-02,2.673139999999999961e-01,-1.333550000000000013e-01
1.505852937002182007e+05,4.276000000000000287e-03,2.348699999999999954e-01,-1.751379999999999881e-01
1.506732424148321152e+05,5.173599999999999727e-02,2.715739999999999821e-01,-1.482020000000000004e-01
1.507800373003482819e+05,1.036279999999999979e-01,3.326939999999999897e-01,-9.472800000000000664e-02
1.509119603772163391e+05,5.622200000000000114e-02,3.027710000000000123e-01,-1.370319999999999871e-01
1.514710629661083221e+05,1.140369999999999995e-01,3.442049999999999832e-01,-1.041799999999999948e-01
1.520961270985007286e+05,6.298199999999999632e-02,3.213010000000000033e-01,-1.419110000000000094e-01
1.532771527897715569e+05,3.755000000000000091e-03,2.763180000000000081e-01,-2.014890000000000014e-01
