# Time,Median,Upper Error,Lower Error
0.000000000000000000e+00,3.020300000000000068e-02,9.999989999999999712e-01,-3.275299999999999878e-01
3.889196144044399261e+01,1.683649999999999869e-01,9.999980000000000535e-01,-1.628050000000000053e-01
1.620498360097408295e+02,3.758929999999999771e-01,1.000000000000000000e+00,6.049299999999999816e-02
4.861494880467653275e+02,4.896730000000000249e-01,9.999989999999999712e-01,2.137310000000000043e-01
6.093073725998401642e+02,3.615920000000000245e-01,9.999989999999999712e-01,8.021999999999999964e-02
7.519112279415130615e+02,1.670089999999999908e-01,1.000000000000000000e+00,-1.509250000000000036e-01
7.940441994518041611e+02,9.688900000000000290e-02,9.999989999999999712e-01,-1.884570000000000134e-01
8.070081699937582016e+02,-3.328999999999999928e-03,6.301280000000000214e-01,-6.135979999999999768e-01
1.082492900177836418e+03,1.436659999999999882e-01,9.999940000000000495e-01,-1.259440000000000004e-01
1.131107832014560699e+03,-1.865699999999999997e-02,6.080759999999999499e-01,-5.417769999999999531e-01
1.377423581153154373e+03,-7.973800000000000332e-02,3.912599999999999967e-01,-6.689709999999999823e-01
1.432520513206720352e+03,-1.891200000000000103e-01,8.245500000000000052e-02,-9.999980000000000535e-01
1.503822455778717995e+03,-7.472600000000000076e-02,2.745250000000000190e-01,-9.999989999999999712e-01
1.575124378457665443e+03,-1.616730000000000111e-01,2.018449999999999966e-01,-9.999989999999999712e-01
1.756620185241103172e+03,-2.503710000000000102e-01,1.072639999999999982e-01,-9.999989999999999712e-01
1.818199127510190010e+03,-3.735269999999999979e-01,-3.346500000000000169e-02,-1.000000000000000000e+00
1.915429051086306572e+03,-1.672180000000000055e-01,2.074650000000000105e-01,-1.000000000000000000e+00
2.041827925801277161e+03,-1.195139999999999952e-01,2.644210000000000171e-01,-9.999989999999999712e-01
2.106647888168692589e+03,-9.851600000000000634e-02,2.825529999999999986e-01,-9.999989999999999712e-01
2.129334839090704918e+03,2.011239999999999972e-01,1.000000000000000000e+00,-1.889359999999999928e-01
2.336758636772632599e+03,8.580400000000000527e-02,1.000000000000000000e+00,-2.898939999999999850e-01
2.534459464073181152e+03,3.905410000000000270e-01,1.000000000000000000e+00,4.415199999999999680e-02
2.573351405605673790e+03,1.387410000000000032e-01,9.999989999999999712e-01,-2.491079999999999961e-01
2.651135338485240936e+03,-1.532419999999999893e-01,2.218060000000000032e-01,-9.999989999999999712e-01
2.722437301084399223e+03,-1.369430000000000092e-01,2.579549999999999899e-01,-9.999989999999999712e-01
2.725678281232714653e+03,-4.903799999999999826e-02,2.880960000000000187e-01,-9.999940000000000495e-01
3.056260003492236137e+03,-2.214039999999999897e-01,1.134399999999999992e-01,-1.000000000000000000e+00
4.028559159561991692e+03,-2.416240000000000054e-01,5.694099999999999856e-02,-9.999989999999999712e-01
4.394791853189468384e+03,-1.313199999999999958e-02,9.999989999999999712e-01,-2.950909999999999922e-01
4.423960834264755249e+03,2.572530000000000094e-01,1.000000000000000000e+00,-8.398100000000000009e-02
4.511467757537961006e+03,2.643399999999999916e-02,9.999989999999999712e-01,-3.399639999999999884e-01
4.754542576506733894e+03,-1.856800000000000117e-01,1.531939999999999968e-01,-1.000000000000000000e+00
4.903628432080149651e+03,-2.460269999999999957e-01,1.250080000000000080e-01,-9.999989999999999712e-01
4.984653375044465065e+03,-3.684660000000000157e-01,-2.716100000000000111e-02,-1.000000000000000000e+00
5.227728174090385437e+03,-5.941300000000000470e-01,-2.696749999999999980e-01,-1.000000000000000000e+00
5.292548116534948349e+03,-7.379179999999999628e-01,-5.087380000000000235e-01,-1.000000000000000000e+00
5.506453964442014694e+03,-7.047579999999999956e-01,-4.462240000000000095e-01,-1.000000000000000000e+00
5.512935964673757553e+03,-5.667299999999999560e-01,-2.362430000000000085e-01,-1.000000000000000000e+00
5.642575859472155571e+03,-5.832129999999999814e-01,-2.555769999999999986e-01,-1.000000000000000000e+00
5.733323762908577919e+03,-6.111259999999999470e-01,-2.785819999999999963e-01,-1.000000000000000000e+00
5.756010743737220764e+03,-7.099569999999999492e-01,-4.530040000000000178e-01,-1.000000000000000000e+00
5.843517686933279037e+03,-7.107609999999999761e-01,-4.495350000000000179e-01,-1.000000000000000000e+00
5.892132638752460480e+03,-6.867149999999999643e-01,-4.208109999999999906e-01,-1.000000000000000000e+00
5.969916571646928787e+03,-5.713500000000000245e-01,-2.392320000000000002e-01,-1.000000000000000000e+00
6.362077266260981560e+03,-6.078569999999999807e-01,-3.619970000000000132e-01,-1.000000000000000000e+00
6.388005267187952995e+03,-4.436610000000000276e-01,-1.416040000000000076e-01,-1.000000000000000000e+00
6.511163171738386154e+03,-2.511979999999999769e-01,5.559299999999999659e-02,-9.999989999999999712e-01
6.864431854918599129e+03,-2.348230000000000040e-01,7.912099999999999689e-02,-9.999989999999999712e-01
6.903323856279253960e+03,-4.604079999999999839e-01,-1.725879999999999914e-01,-1.000000000000000000e+00
7.062132722213864326e+03,-4.041640000000000232e-01,-1.474060000000000092e-01,-1.000000000000000000e+00
7.123711684510111809e+03,-5.822500000000000453e-01,-3.350310000000000232e-01,-1.000000000000000000e+00
7.444570426464080811e+03,-6.983530000000000015e-01,-5.131409999999999583e-01,-1.000000000000000000e+00
7.648753273993730545e+03,-7.852810000000000068e-01,-6.263790000000000191e-01,-1.000000000000000000e+00
7.726537206888198853e+03,-7.987149999999999528e-01,-6.452579999999999982e-01,-1.000000000000000000e+00
7.820526130378246307e+03,-7.049670000000000103e-01,-5.179589999999999472e-01,-1.000000000000000000e+00
7.878864072591066360e+03,-7.025500000000000078e-01,-5.225940000000000030e-01,-1.000000000000000000e+00
7.888587092906236649e+03,-6.168510000000000382e-01,-4.141360000000000041e-01,-1.000000000000000000e+00
8.102492950826883316e+03,-6.239609999999999879e-01,-4.207620000000000249e-01,-1.000000000000000000e+00
8.193240864232182503e+03,-5.013849999999999696e-01,-2.539259999999999851e-01,-1.000000000000000000e+00
8.245096836149692535e+03,-4.981990000000000030e-01,-2.516579999999999928e-01,-1.000000000000000000e+00
8.552991597563028336e+03,-6.485640000000000294e-01,-4.200559999999999850e-01,-1.000000000000000000e+00
8.692354482740163803e+03,-7.572480000000000322e-01,-5.635820000000000274e-01,-1.000000000000000000e+00
8.809030397072434425e+03,-7.735800000000000454e-01,-5.727389999999999981e-01,-1.000000000000000000e+00
8.893296340212225914e+03,-7.700580000000000203e-01,-5.704669999999999463e-01,-1.000000000000000000e+00
8.932188311636447906e+03,-8.237980000000000302e-01,-6.675649999999999640e-01,-1.000000000000000000e+00
9.000249244228005409e+03,-8.317729999999999846e-01,-6.870829999999999993e-01,-1.000000000000000000e+00
9.055346226215362549e+03,-8.150910000000000100e-01,-6.665750000000000286e-01,-1.000000000000000000e+00
9.068310206741094589e+03,-7.285519999999999774e-01,-5.505339999999999678e-01,-1.000000000000000000e+00
9.087756207436323166e+03,-7.203810000000000491e-01,-5.504860000000000309e-01,-1.000000000000000000e+00
9.262770083904266357e+03,-8.066959999999999686e-01,-6.596849999999999659e-01,-1.000000000000000000e+00
9.308144055575132370e+03,-7.905710000000000237e-01,-6.414509999999999934e-01,-1.000000000000000000e+00
9.382686978384852409e+03,-7.750359999999999472e-01,-6.307859999999999578e-01,-1.000000000000000000e+00
9.428060950070619583e+03,-6.994150000000000089e-01,-5.347220000000000306e-01,-1.000000000000000000e+00
9.755401682242751122e+03,-7.295599999999999863e-01,-5.430180000000000007e-01,-1.000000000000000000e+00
9.826703654840588570e+03,-7.165319999999999467e-01,-5.441669999999999563e-01,-1.000000000000000000e+00
9.946620559319853783e+03,-7.011479999999999935e-01,-5.284750000000000281e-01,-1.000000000000000000e+00
1.031933530317246914e+04,-6.901749999999999829e-01,-5.220339999999999980e-01,-1.000000000000000000e+00
1.053000015102326870e+04,-7.872080000000000188e-01,-6.338359999999999550e-01,-1.000000000000000000e+00
1.064667608527839184e+04,-8.563110000000000444e-01,-7.400299999999999656e-01,-1.000000000000000000e+00
1.066288107588887215e+04,-8.083439999999999515e-01,-6.671470000000000455e-01,-1.000000000000000000e+00
1.074390599893033504e+04,-8.140739999999999643e-01,-6.691479999999999650e-01,-1.000000000000000000e+00
1.076011097955703735e+04,-7.422959999999999559e-01,-5.676740000000000119e-01,-1.000000000000000000e+00
1.088975089433789253e+04,-6.318120000000000402e-01,-4.290990000000000082e-01,-1.000000000000000000e+00
1.100966777883470058e+04,-6.251489999999999547e-01,-4.216550000000000020e-01,-1.000000000000000000e+00
1.104531876012682915e+04,-6.216739999999999489e-01,-4.112230000000000052e-01,-1.000000000000000000e+00
1.107124673110246658e+04,-7.414190000000000502e-01,-5.530909999999999993e-01,-1.000000000000000000e+00
1.108421073156595230e+04,-8.192160000000000553e-01,-6.598910000000000053e-01,-1.000000000000000000e+00
1.126570656834542751e+04,-7.211429999999999785e-01,-5.223010000000000153e-01,-1.000000000000000000e+00
1.167407228349149227e+04,-8.065390000000000059e-01,-6.434039999999999759e-01,-1.000000000000000000e+00
1.172592826540768147e+04,-8.077969999999999873e-01,-6.483370000000000521e-01,-1.000000000000000000e+00
1.178102521745860577e+04,-7.827079999999999593e-01,-6.134030000000000316e-01,-1.000000000000000000e+00
1.181019420851767063e+04,-8.122770000000000268e-01,-6.497690000000000410e-01,-1.000000000000000000e+00
1.206947402811050415e+04,-7.171110000000000539e-01,-5.205180000000000362e-01,-1.000000000000000000e+00
1.211484796985983849e+04,-6.767670000000000075e-01,-4.873859999999999859e-01,-1.000000000000000000e+00
1.231578983724117279e+04,-6.793979999999999464e-01,-4.836119999999999863e-01,-1.000000000000000000e+00
1.250052668416500092e+04,-6.648199999999999665e-01,-4.740440000000000209e-01,-1.000000000000000000e+00
1.275008352345228195e+04,-6.569359999999999644e-01,-4.643260000000000165e-01,-1.000000000000000000e+00
1.275332453353703022e+04,-5.571859999999999591e-01,-3.365619999999999723e-01,-1.000000000000000000e+00
1.284083146680891514e+04,-5.602669999999999595e-01,-3.268929999999999891e-01,-1.000000000000000000e+00
1.301260433319211006e+04,-6.737950000000000328e-01,-4.830010000000000137e-01,-1.000000000000000000e+00
1.304501433433592319e+04,-6.591209999999999569e-01,-4.699720000000000009e-01,-1.000000000000000000e+00
1.326540214255452156e+04,-6.812249999999999694e-01,-4.889870000000000050e-01,-1.000000000000000000e+00
1.337559605666995049e+04,-6.968339999999999534e-01,-4.984040000000000137e-01,-1.000000000000000000e+00
1.355385096323490143e+04,-6.989900000000000002e-01,-5.024739999999999762e-01,-1.000000000000000000e+00
1.381637177303433418e+04,-6.783120000000000260e-01,-4.795039999999999858e-01,-1.000000000000000000e+00
1.395249368807673454e+04,-6.578040000000000553e-01,-4.784030000000000227e-01,-1.000000000000000000e+00
1.413723054490983486e+04,-5.283179999999999543e-01,-3.272570000000000201e-01,-1.000000000000000000e+00
1.424418346887826920e+04,-6.712489999999999846e-01,-4.865280000000000160e-01,-1.000000000000000000e+00
1.431872639168798923e+04,-7.855010000000000048e-01,-6.278890000000000304e-01,-1.000000000000000000e+00
1.475302010782063007e+04,-7.941030000000000033e-01,-6.397429999999999506e-01,-1.000000000000000000e+00
1.478218909889459610e+04,-7.941030000000000033e-01,-6.397429999999999506e-01,-1.000000000000000000e+00
1.480811709980666637e+04,-8.351499999999999480e-01,-7.079330000000000345e-01,-1.000000000000000000e+00
1.493451601451635361e+04,-8.352199999999999624e-01,-7.079330000000000345e-01,-1.000000000000000000e+00
1.498961296658217907e+04,-8.815889999999999560e-01,-7.779279999999999529e-01,-1.000000000000000000e+00
1.503174595810472965e+04,-9.150040000000000395e-01,-8.326829999999999510e-01,-1.000000000000000000e+00
1.506739691948890686e+04,-9.143480000000000496e-01,-8.313880000000000159e-01,-1.000000000000000000e+00
1.528130278739333153e+04,-8.858239999999999448e-01,-7.835659999999999847e-01,-1.000000000000000000e+00
1.550493162569403648e+04,-8.840599999999999570e-01,-7.788829999999999920e-01,-1.000000000000000000e+00
1.555678756766021252e+04,-8.847169999999999757e-01,-7.811120000000000285e-01,-1.000000000000000000e+00
1.569939145299792290e+04,-9.188110000000000444e-01,-8.384460000000000246e-01,-1.000000000000000000e+00
1.576097042520344257e+04,-8.905290000000000150e-01,-7.926419999999999577e-01,-1.000000000000000000e+00
1.591653830099105835e+04,-8.861069999999999780e-01,-7.826100000000000279e-01,-1.000000000000000000e+00
1.592950227151811123e+04,-9.127560000000000118e-01,-8.307630000000000292e-01,-1.000000000000000000e+00
1.595543027243018150e+04,-8.824739999999999807e-01,-7.797669999999999879e-01,-1.000000000000000000e+00
1.619202309127151966e+04,-9.089380000000000237e-01,-8.252739999999999521e-01,-1.000000000000000000e+00
1.624712008324265480e+04,-9.132970000000000255e-01,-8.310579999999999634e-01,-1.000000000000000000e+00
1.628925304484367371e+04,-9.155299999999999550e-01,-8.343730000000000313e-01,-1.000000000000000000e+00
1.635083200713992119e+04,-9.214809999999999945e-01,-8.413629999999999720e-01,-1.000000000000000000e+00
1.653556888397037983e+04,-9.221740000000000492e-01,-8.433169999999999833e-01,-1.000000000000000000e+00
1.670410078021883965e+04,-9.392819999999999503e-01,-8.762790000000000301e-01,-1.000000000000000000e+00
1.679484868365526199e+04,-9.399990000000000290e-01,-8.774129999999999985e-01,-1.000000000000000000e+00
1.696662157995998859e+04,-9.395620000000000083e-01,-8.773039999999999727e-01,-1.000000000000000000e+00
1.728748035192489624e+04,-9.202930000000000277e-01,-8.413049999999999695e-01,-1.000000000000000000e+00
1.732961331351101398e+04,-8.887880000000000225e-01,-7.909669999999999757e-01,-1.000000000000000000e+00
1.742036126686632633e+04,-8.882109999999999728e-01,-7.855950000000000433e-01,-1.000000000000000000e+00
1.742360227693617344e+04,-8.891179999999999639e-01,-7.886100000000000332e-01,-1.000000000000000000e+00
1.752083220060169697e+04,-9.163649999999999851e-01,-8.358189999999999786e-01,-1.000000000000000000e+00
1.756620617227256298e+04,-8.857669999999999710e-01,-7.826170000000000071e-01,-1.000000000000000000e+00
1.763426712478697300e+04,-9.114130000000000287e-01,-8.258429999999999938e-01,-1.000000000000000000e+00
1.774446103888750076e+04,-9.091879999999999962e-01,-8.236989999999999590e-01,-1.000000000000000000e+00
1.790651091490685940e+04,-9.095250000000000279e-01,-8.262350000000000527e-01,-1.000000000000000000e+00
1.820144170586764812e+04,-8.803689999999999571e-01,-7.775729999999999587e-01,-1.000000000000000000e+00
1.839266060294210911e+04,-8.867939999999999712e-01,-7.836940000000000017e-01,-1.000000000000000000e+00
1.852878249804675579e+04,-8.848730000000000206e-01,-7.836940000000000017e-01,-1.000000000000000000e+00
1.853850551834702492e+04,-8.833239999999999981e-01,-7.785290000000000266e-01,-1.000000000000000000e+00
1.865842243283987045e+04,-8.838179999999999925e-01,-7.780860000000000554e-01,-1.000000000000000000e+00
1.868759141390025616e+04,-8.843290000000000317e-01,-7.854820000000000135e-01,-1.000000000000000000e+00
1.894363025341928005e+04,-8.833769999999999678e-01,-7.774339999999999584e-01,-1.000000000000000000e+00
1.907651115837693214e+04,-8.876579999999999471e-01,-7.848889999999999478e-01,-1.000000000000000000e+00
1.907651115837693214e+04,-8.918939999999999646e-01,-7.940260000000000096e-01,-1.000000000000000000e+00
1.932282698750495911e+04,-8.650020000000000486e-01,-7.400400000000000311e-01,-1.000000000000000000e+00
1.936495994909107685e+04,-7.992700000000000360e-01,-6.392830000000000457e-01,-1.000000000000000000e+00
1.949135887373983860e+04,-8.003190000000000026e-01,-6.368509999999999449e-01,-1.000000000000000000e+00
1.967285474044084549e+04,-8.100019999999999998e-01,-6.493860000000000188e-01,-1.000000000000000000e+00
1.973443366280198097e+04,-8.171800000000000175e-01,-6.576319999999999943e-01,-1.000000000000000000e+00
1.977980763448774815e+04,-8.615650000000000253e-01,-7.358679999999999666e-01,-1.000000000000000000e+00
1.980249462531507015e+04,-8.661839999999999540e-01,-7.438709999999999489e-01,-1.000000000000000000e+00
2.020761939032375813e+04,-8.246660000000000101e-01,-6.675649999999999640e-01,-1.000000000000000000e+00
2.035346429571509361e+04,-8.142540000000000333e-01,-6.526739999999999764e-01,-1.000000000000000000e+00
2.038263325686752796e+04,-7.004860000000000531e-01,-5.195429999999999771e-01,-1.000000000000000000e+00
2.038587426693737507e+04,-7.023540000000000338e-01,-5.155800000000000383e-01,-1.000000000000000000e+00
2.062246707578003407e+04,-6.984110000000000040e-01,-5.107570000000000165e-01,-1.000000000000000000e+00
2.078127597162127495e+04,-6.055220000000000047e-01,-3.539769999999999861e-01,-1.000000000000000000e+00
2.082989093345403671e+04,-6.108040000000000136e-01,-3.537649999999999961e-01,-1.000000000000000000e+00
2.103731480114161968e+04,-7.366019999999999790e-01,-5.196749999999999980e-01,-1.000000000000000000e+00
2.126742566968500614e+04,-8.189920000000000533e-01,-6.632379999999999942e-01,-1.000000000000000000e+00
2.140354756477475166e+04,-8.189920000000000533e-01,-6.632379999999999942e-01,-1.000000000000000000e+00
2.141327054515480995e+04,-8.146330000000000515e-01,-6.511149999999999993e-01,-1.000000000000000000e+00
2.157207944102585316e+04,-8.047649999999999526e-01,-6.415619999999999656e-01,-1.000000000000000000e+00
2.173088833686709404e+04,-8.597230000000000150e-01,-7.308360000000000412e-01,-1.000000000000000000e+00
2.192534819410741329e+04,-8.587960000000000038e-01,-7.278989999999999627e-01,-1.000000000000000000e+00
2.214249506217241287e+04,-8.583150000000000501e-01,-7.306570000000000009e-01,-1.000000000000000000e+00
2.217490504339337349e+04,-8.582880000000000509e-01,-7.278989999999999627e-01,-1.000000000000000000e+00
2.217814602355659008e+04,-8.974569999999999492e-01,-7.983440000000000536e-01,-1.000000000000000000e+00
2.231426795856654644e+04,-8.885260000000000380e-01,-7.874649999999999705e-01,-1.000000000000000000e+00
2.234019592955708504e+04,-9.016870000000000163e-01,-8.039830000000000032e-01,-1.000000000000000000e+00
2.242770289275050163e+04,-9.039719999999999978e-01,-8.055130000000000345e-01,-1.000000000000000000e+00
2.287496061936020851e+04,-8.630849999999999911e-01,-7.320980000000000265e-01,-1.000000000000000000e+00
2.289116558003425598e+04,-8.591900000000000093e-01,-7.297409999999999730e-01,-1.000000000000000000e+00
2.325091633336246014e+04,-7.978359999999999896e-01,-6.149630000000000374e-01,-1.000000000000000000e+00
2.326388033381104469e+04,-8.562049999999999939e-01,-7.234920000000000240e-01,-1.000000000000000000e+00
2.326712132397294044e+04,-8.613499999999999490e-01,-7.341600000000000348e-01,-1.000000000000000000e+00
2.337083322785794735e+04,-8.644859999999999767e-01,-7.370510000000000117e-01,-1.000000000000000000e+00
2.352964212371408939e+04,-8.984149999999999636e-01,-8.010960000000000303e-01,-1.000000000000000000e+00
2.360418507644534111e+04,-8.992010000000000280e-01,-7.907830000000000137e-01,-1.000000000000000000e+00
2.375002999185025692e+04,-8.988329999999999931e-01,-7.906320000000000014e-01,-1.000000000000000000e+00
2.386670592619478703e+04,-8.625559999999999894e-01,-7.330919999999999659e-01,-1.000000000000000000e+00
2.402227382197976112e+04,-7.940279999999999561e-01,-6.112100000000000311e-01,-1.000000000000000000e+00
2.433665059371292591e+04,-7.999190000000000467e-01,-6.172039999999999749e-01,-1.000000000000000000e+00
2.448573649919033051e+04,-8.518369999999999553e-01,-7.092129999999999823e-01,-1.000000000000000000e+00
2.481631826151907444e+04,-8.514890000000000514e-01,-7.091929999999999623e-01,-1.000000000000000000e+00
2.485845125304162502e+04,-8.903240000000000043e-01,-7.756680000000000241e-01,-1.000000000000000000e+00
2.518579204522073269e+04,-8.908829999999999805e-01,-7.752200000000000202e-01,-9.999989999999999712e-01
2.518903305530548096e+04,-8.540360000000000174e-01,-7.069560000000000288e-01,-9.999989999999999712e-01
2.542238491398096085e+04,-8.251680000000000126e-01,-6.307420000000000249e-01,-9.999989999999999712e-01
2.554230182845890522e+04,-8.068809999999999594e-01,-6.010290000000000354e-01,-1.000000000000000000e+00
2.559091681022942066e+04,-8.048739999999999783e-01,-5.935359999999999525e-01,-1.000000000000000000e+00
2.561360380105674267e+04,-7.825720000000000454e-01,-5.501359999999999584e-01,-1.000000000000000000e+00
2.570111073432862759e+04,-7.473579999999999668e-01,-4.773279999999999745e-01,-1.000000000000000000e+00
2.607382546818256378e+04,-6.373379999999999601e-01,-2.545979999999999910e-01,-1.000000000000000000e+00
2.613864541061222553e+04,-6.680949999999999944e-01,-2.936940000000000106e-01,-1.000000000000000000e+00
2.615160940107703209e+04,-6.636419999999999542e-01,-2.903240000000000265e-01,-1.000000000000000000e+00
2.661831307844817638e+04,-4.656210000000000071e-01,4.909899999999999681e-02,-1.000000000000000000e+00
2.677063999406993389e+04,-3.498379999999999823e-01,1.704539999999999944e-01,-1.000000000000000000e+00
2.680953196550905704e+04,-3.618160000000000265e-01,1.618970000000000131e-01,-1.000000000000000000e+00
2.688407492825388908e+04,-2.361679999999999890e-01,2.753869999999999929e-01,-1.000000000000000000e+00
2.730540461394190788e+04,-2.156299999999999883e-01,2.888959999999999861e-01,-1.000000000000000000e+00
2.739615255729854107e+04,-2.384910000000000085e-01,2.821839999999999904e-01,-1.000000000000000000e+00
2.765867339703440666e+04,-7.248899999999999788e-02,4.217159999999999798e-01,-1.000000000000000000e+00
2.869255173547565937e+04,-2.279059999999999975e-01,2.741930000000000200e-01,-1.000000000000000000e+00
2.918194239360094070e+04,-6.007500000000000340e-02,4.323629999999999973e-01,-1.000000000000000000e+00
2.946390921409428120e+04,-7.567799999999999527e-02,4.019039999999999835e-01,-1.000000000000000000e+00
2.962271812996268272e+04,-8.596099999999999575e-02,3.974389999999999867e-01,-1.000000000000000000e+00
3.007645782677829266e+04,-1.034619999999999984e-01,3.900279999999999858e-01,-1.000000000000000000e+00
3.046537756125628948e+04,-2.128609999999999947e-01,2.725679999999999770e-01,-1.000000000000000000e+00
3.076679038244485855e+04,-2.650520000000000098e-01,2.437580000000000024e-01,-1.000000000000000000e+00
3.089318929715454578e+04,-4.062500000000000000e-01,3.753700000000000092e-02,-1.000000000000000000e+00
3.106172120340168476e+04,-2.432070000000000065e-01,2.550959999999999894e-01,-1.000000000000000000e+00
3.120108411858975887e+04,-2.717860000000000276e-01,2.293699999999999906e-01,-1.000000000000000000e+00
3.120432513865828514e+04,-1.845410000000000106e-01,3.183960000000000123e-01,-1.000000000000000000e+00
3.123025310964882374e+04,-1.435299999999999944e-02,4.915149999999999797e-01,-1.000000000000000000e+00
3.128859106186032295e+04,1.985599999999999865e-02,1.000000000000000000e+00,-4.616910000000000180e-01
3.147332793870568275e+04,-3.883799999999999752e-02,4.761980000000000102e-01,-1.000000000000000000e+00
3.147980993893742561e+04,-2.094100000000000128e-02,4.685150000000000148e-01,-1.000000000000000000e+00
3.153814791105687618e+04,-1.544300000000000013e-02,4.874560000000000004e-01,-1.000000000000000000e+00
3.155759388183057308e+04,-2.012519999999999865e-01,3.290710000000000024e-01,-1.000000000000000000e+00
3.168075179639458656e+04,-4.893120000000000247e-01,-1.005390000000000034e-01,-1.000000000000000000e+00
3.182659669180214405e+04,-3.238329999999999820e-01,7.972700000000000620e-02,-1.000000000000000000e+00
3.195623660658299923e+04,-2.766529999999999823e-01,1.442660000000000053e-01,-1.000000000000000000e+00
3.219607044550776482e+04,-6.378499999999999448e-02,3.824899999999999967e-01,-1.000000000000000000e+00
3.246507326555252075e+04,-1.001910000000000023e-01,3.013689999999999980e-01,-1.000000000000000000e+00
3.247803726600110531e+04,-3.324860000000000038e-01,5.546999999999999847e-02,-1.000000000000000000e+00
3.276972705689072609e+04,-3.935779999999999834e-01,-4.024799999999999905e-02,-1.000000000000000000e+00
3.312299581000208855e+04,-3.625950000000000006e-01,-2.721300000000000108e-02,-1.000000000000000000e+00
3.318133378212153912e+04,-5.550140000000000073e-01,-2.794070000000000165e-01,-1.000000000000000000e+00
3.380684639532864094e+04,-6.712810000000000166e-01,-4.274709999999999899e-01,-1.000000000000000000e+00
3.385222035701572895e+04,-5.172029999999999683e-01,-2.329269999999999952e-01,-1.000000000000000000e+00
3.400778824280202389e+04,-6.776860000000000106e-01,-4.269040000000000057e-01,-1.000000000000000000e+00
3.406936719508469105e+04,-6.694329999999999448e-01,-4.209809999999999941e-01,-1.000000000000000000e+00
3.431568303422629833e+04,-5.367950000000000221e-01,-2.642530000000000157e-01,-1.000000000000000000e+00
3.437077999627590179e+04,-6.876259999999999595e-01,-4.487160000000000037e-01,-1.000000000000000000e+00
3.439346695718169212e+04,-7.087120000000000086e-01,-4.780369999999999897e-01,-1.000000000000000000e+00
3.461385483533143997e+04,-7.865619999999999834e-01,-5.951250000000000151e-01,-1.000000000000000000e+00
3.527177736976742744e+04,-8.444939999999999669e-01,-6.968370000000000397e-01,-1.000000000000000000e+00
3.550512921844422817e+04,-8.336379999999999901e-01,-6.789410000000000167e-01,-9.999989999999999712e-01
3.573848108704388142e+04,-8.315669999999999451e-01,-6.754689999999999861e-01,-1.000000000000000000e+00
3.576765007811784744e+04,-8.299659999999999815e-01,-6.727899999999999991e-01,-1.000000000000000000e+00
3.592645894406735897e+04,-8.335110000000000019e-01,-6.759319999999999773e-01,-1.000000000000000000e+00
3.600424288696050644e+04,-8.329119999999999857e-01,-6.755299999999999638e-01,-1.000000000000000000e+00
3.603341186802089214e+04,-8.402830000000000021e-01,-6.849979999999999958e-01,-1.000000000000000000e+00
3.617601577326655388e+04,-8.828799999999999981e-01,-7.747629999999999795e-01,-1.000000000000000000e+00
3.628296868731081486e+04,-9.151049999999999462e-01,-8.332760000000000167e-01,-1.000000000000000000e+00
3.633482465919852257e+04,-9.147260000000000391e-01,-8.330260000000000442e-01,-1.000000000000000000e+00
3.636399365027248859e+04,-8.833750000000000213e-01,-7.810719999999999885e-01,-1.000000000000000000e+00
3.651632054598629475e+04,-8.754779999999999784e-01,-7.673600000000000421e-01,-1.000000000000000000e+00
3.653900752681493759e+04,-8.817340000000000177e-01,-7.735790000000000166e-01,-1.000000000000000000e+00
3.659086350873112679e+04,-8.312589999999999701e-01,-6.846700000000000008e-01,-1.000000000000000000e+00
3.660382747925817966e+04,-8.378050000000000219e-01,-6.972800000000000109e-01,-1.000000000000000000e+00
3.700571123418211937e+04,-7.774210000000000287e-01,-6.113480000000000025e-01,-1.000000000000000000e+00
3.740111299879848957e+04,-8.444949999999999957e-01,-7.037060000000000537e-01,-1.000000000000000000e+00
3.745945094099640846e+04,-8.141180000000000083e-01,-6.805090000000000305e-01,-1.000000000000000000e+00
3.747565593160688877e+04,-8.598710000000000520e-01,-7.457359999999999545e-01,-1.000000000000000000e+00
3.749186091221868992e+04,-8.070140000000000091e-01,-6.739650000000000363e-01,-1.000000000000000000e+00
3.771873076060414314e+04,-7.379090000000000371e-01,-5.719739999999999824e-01,-1.000000000000000000e+00
3.775438172195851803e+04,-7.428620000000000223e-01,-5.739039999999999697e-01,-1.000000000000000000e+00
3.775762270212173462e+04,-7.269900000000000251e-01,-5.648999999999999577e-01,-1.000000000000000000e+00
3.790346759752929211e+04,-6.021689999999999543e-01,-4.204080000000000039e-01,-1.000000000000000000e+00
3.795208257927000523e+04,-6.480879999999999974e-01,-4.564739999999999909e-01,-1.000000000000000000e+00
3.799097455072402954e+04,-7.598380000000000134e-01,-5.875899999999999457e-01,-1.000000000000000000e+00
3.799745655095577240e+04,-7.913379999999999859e-01,-6.205019999999999980e-01,-1.000000000000000000e+00
3.827618238130211830e+04,-7.103800000000000114e-01,-5.058519999999999683e-01,-1.000000000000000000e+00
3.852898020073771477e+04,-7.896509999999999918e-01,-6.163859999999999895e-01,-1.000000000000000000e+00
3.856787218219041824e+04,-7.925600000000000422e-01,-6.215249999999999941e-01,-1.000000000000000000e+00
3.867806611622869968e+04,-7.882740000000000302e-01,-6.130510000000000126e-01,-1.000000000000000000e+00
3.878177803009748459e+04,-6.793310000000000182e-01,-4.682000000000000051e-01,-1.000000000000000000e+00
3.884011597231030464e+04,-6.924630000000000507e-01,-4.984040000000000137e-01,-1.000000000000000000e+00
3.893734591589868069e+04,-5.296469999999999789e-01,-3.317339999999999733e-01,-1.000000000000000000e+00
3.940404964317381382e+04,-5.765230000000000077e-01,-3.265109999999999957e-01,-1.000000000000000000e+00
3.965036550231277943e+04,-5.781150000000000455e-01,-3.272709999999999786e-01,-1.000000000000000000e+00
3.979621038778126240e+04,-5.916179999999999772e-01,-2.893629999999999813e-01,-1.000000000000000000e+00
3.989344034136831760e+04,-5.814319999999999489e-01,-2.946650000000000102e-01,-1.000000000000000000e+00
3.989344034136831760e+04,-5.694139999999999757e-01,-2.862939999999999929e-01,-1.000000000000000000e+00
4.027587807561457157e+04,-5.709499999999999575e-01,-2.839220000000000077e-01,-1.000000000000000000e+00
4.036986700911819935e+04,-5.651239999999999597e-01,-2.816690000000000027e-01,-1.000000000000000000e+00
4.074582274302840233e+04,-7.079769999999999675e-01,-4.603659999999999974e-01,-1.000000000000000000e+00
4.098241560178995132e+04,-7.927260000000000417e-01,-6.019980000000000331e-01,-1.000000000000000000e+00
4.100186157256364822e+04,-7.592299999999999605e-01,-5.374120000000000008e-01,-1.000000000000000000e+00
4.111853750690817833e+04,-6.843590000000000506e-01,-4.070570000000000022e-01,-1.000000000000000000e+00
4.118983947947621346e+04,-7.666539999999999466e-01,-5.663200000000000456e-01,-1.000000000000000000e+00
4.125465943191945553e+04,-7.586220000000000185e-01,-5.388479999999999936e-01,-1.000000000000000000e+00
4.137133535626530647e+04,-8.242949999999999999e-01,-6.422210000000000418e-01,-9.999989999999999712e-01
4.139726332725584507e+04,-8.237700000000000022e-01,-6.269890000000000185e-01,-1.000000000000000000e+00
4.183479802347719669e+04,-8.278419999999999668e-01,-6.395170000000000021e-01,-9.999989999999999712e-01
4.186720799468457699e+04,-8.219130000000000047e-01,-6.244070000000000453e-01,-1.000000000000000000e+00
4.254781759995222092e+04,-8.201319999999999721e-01,-6.317519999999999802e-01,-1.000000000000000000e+00
4.256726357072591782e+04,-8.753429999999999822e-01,-7.414190000000000502e-01,-1.000000000000000000e+00
4.259967358186841011e+04,-8.707709999999999617e-01,-7.333939999999999904e-01,-1.000000000000000000e+00
4.260939656223356724e+04,-8.222770000000000357e-01,-6.335579999999999545e-01,-9.999989999999999712e-01
4.280385643948614597e+04,-8.587569999999999926e-01,-7.188999999999999835e-01,-1.000000000000000000e+00
4.323815014562010765e+04,-8.712779999999999969e-01,-7.313819999999999766e-01,-1.000000000000000000e+00
4.325435513623058796e+04,-8.498480000000000478e-01,-6.907250000000000334e-01,-1.000000000000000000e+00
4.365623884114623070e+04,-8.664570000000000327e-01,-7.343600000000000128e-01,-1.000000000000000000e+00
4.375670978486537933e+04,-8.703640000000000265e-01,-7.355500000000000371e-01,-1.000000000000000000e+00
4.375670978486537933e+04,-8.681349999999999900e-01,-7.386340000000000128e-01,-1.000000000000000000e+00
4.406136361613869667e+04,-8.635880000000000223e-01,-7.207280000000000353e-01,-1.000000000000000000e+00
4.420720853154361248e+04,-8.688150000000000039e-01,-7.331649999999999556e-01,-1.000000000000000000e+00
4.458640525563061237e+04,-8.673459999999999503e-01,-7.166010000000000435e-01,-1.000000000000000000e+00
4.462205621699988842e+04,-8.689510000000000289e-01,-7.200490000000000501e-01,-1.000000000000000000e+00
4.473549115119874477e+04,-8.967659999999999521e-01,-7.780639999999999779e-01,-1.000000000000000000e+00
4.484244408515095711e+04,-9.000369999999999759e-01,-7.876840000000000508e-01,-1.000000000000000000e+00
4.492346902818977833e+04,-8.775309999999999500e-01,-7.301530000000000520e-01,-1.000000000000000000e+00
4.525729183061420918e+04,-8.656439999999999690e-01,-7.251870000000000260e-01,-1.000000000000000000e+00
4.540313675601780415e+04,-8.643830000000000124e-01,-7.262600000000000167e-01,-1.000000000000000000e+00
4.547119771853089333e+04,-8.947920000000000318e-01,-7.744060000000000388e-01,-1.000000000000000000e+00
4.551333068011701107e+04,-8.957669999999999799e-01,-7.765800000000000480e-01,-1.000000000000000000e+00
4.621662722624838352e+04,-8.960700000000000331e-01,-7.771050000000000457e-01,-1.000000000000000000e+00
4.621662722624838352e+04,-8.754650000000000487e-01,-7.512889999999999846e-01,-1.000000000000000000e+00
4.626848319813609123e+04,-8.387590000000000323e-01,-6.624590000000000201e-01,-1.000000000000000000e+00
4.639812310294806957e+04,-8.606150000000000189e-01,-7.094629999999999548e-01,-9.999989999999999712e-01
4.671249988465011120e+04,-9.022219999999999684e-01,-7.966509999999999980e-01,-1.000000000000000000e+00
4.674815087595582008e+04,-8.952069999999999750e-01,-7.879089999999999705e-01,-1.000000000000000000e+00
4.770424525143206120e+04,-9.037589999999999790e-01,-8.043230000000000102e-01,-1.000000000000000000e+00
4.771072725166380405e+04,-8.756730000000000347e-01,-7.498519999999999630e-01,-1.000000000000000000e+00
4.771072725166380405e+04,-8.477019999999999555e-01,-6.997790000000000399e-01,-1.000000000000000000e+00
4.815798495833575726e+04,-8.486599999999999699e-01,-7.050279999999999880e-01,-1.000000000000000000e+00
4.822604592084884644e+04,-7.838410000000000100e-01,-5.905629999999999491e-01,-1.000000000000000000e+00
4.830058887359499931e+04,-8.466569999999999929e-01,-7.008419999999999650e-01,-1.000000000000000000e+00
4.848208473035693169e+04,-8.485580000000000345e-01,-7.060419999999999474e-01,-1.000000000000000000e+00
4.857931466394662857e+04,-8.531649999999999512e-01,-7.122659999999999547e-01,-1.000000000000000000e+00
4.859227866441011429e+04,-8.903919999999999613e-01,-7.830089999999999550e-01,-1.000000000000000000e+00
4.876081054072082043e+04,-8.863330000000000375e-01,-7.625790000000000068e-01,-9.999989999999999712e-01
4.884831747399270535e+04,-8.811360000000000303e-01,-7.601179999999999604e-01,-9.999989999999999712e-01
4.895527041795849800e+04,-8.777190000000000270e-01,-7.615779999999999772e-01,-1.000000000000000000e+00
4.898443940901756287e+04,-8.771360000000000268e-01,-7.485840000000000272e-01,-9.999989999999999712e-01
4.921455026754736900e+04,-9.013020000000000476e-01,-7.953780000000000294e-01,-1.000000000000000000e+00
4.942521510539948940e+04,-8.957370000000000054e-01,-7.879089999999999705e-01,-1.000000000000000000e+00
4.963263896308839321e+04,-8.899679999999999813e-01,-7.780540000000000234e-01,-1.000000000000000000e+00
4.965208493384718895e+04,-8.832430000000000003e-01,-7.624490000000000434e-01,-1.000000000000000000e+00
4.982385785016417503e+04,-9.062879999999999825e-01,-8.077910000000000368e-01,-1.000000000000000000e+00
4.995349777495861053e+04,-9.062879999999999825e-01,-8.082160000000000455e-01,-1.000000000000000000e+00
4.995997975525259972e+04,-8.782219999999999471e-01,-7.588810000000000278e-01,-1.000000000000000000e+00
4.997618473587930202e+04,-8.700959999999999805e-01,-7.479160000000000252e-01,-9.999989999999999712e-01
5.005720970883965492e+04,-8.716129999999999711e-01,-7.476819999999999578e-01,-9.999989999999999712e-01
5.014471664211153984e+04,-8.661619999999999875e-01,-7.232129999999999947e-01,-9.999989999999999712e-01
5.058225138832628727e+04,-8.677839999999999998e-01,-7.297259999999999858e-01,-1.000000000000000000e+00
5.102950909492373466e+04,-8.111589999999999634e-01,-6.271930000000000005e-01,-1.000000000000000000e+00
5.133416285628080368e+04,-8.168309999999999738e-01,-6.389740000000000419e-01,-1.000000000000000000e+00
5.154482770410180092e+04,-8.222880000000000189e-01,-6.477610000000000312e-01,-1.000000000000000000e+00
5.190457850743830204e+04,-8.727770000000000250e-01,-7.410560000000000480e-01,-9.999989999999999712e-01
5.204394141261279583e+04,-9.010730000000000128e-01,-7.932329999999999659e-01,-1.000000000000000000e+00
5.249768106950819492e+04,-8.688160000000000327e-01,-7.342499999999999583e-01,-9.999989999999999712e-01
5.277964791995286942e+04,-8.660290000000000488e-01,-7.294199999999999573e-01,-1.000000000000000000e+00
5.288335984382033348e+04,-8.089749999999999996e-01,-6.314130000000000020e-01,-1.000000000000000000e+00
5.301948177886009216e+04,-8.307130000000000347e-01,-6.614459999999999784e-01,-1.000000000000000000e+00
5.302596377909183502e+04,-8.731489999999999529e-01,-7.426930000000000476e-01,-1.000000000000000000e+00
5.304865076991915703e+04,-8.888930000000000442e-01,-7.746189999999999465e-01,-1.000000000000000000e+00
5.334034058080613613e+04,-8.901810000000000000e-01,-7.781930000000000236e-01,-1.000000000000000000e+00
5.345701653507351875e+04,-8.783560000000000256e-01,-7.571409999999999529e-01,-1.000000000000000000e+00
5.399502215509116650e+04,-8.807650000000000201e-01,-7.605290000000000106e-01,-1.000000000000000000e+00
5.400150415532290936e+04,-8.807899999999999618e-01,-7.620500000000000052e-01,-1.000000000000000000e+00
5.430291693651676178e+04,-8.621130000000000182e-01,-7.145629999999999482e-01,-1.000000000000000000e+00
5.439042386978864670e+04,-8.606150000000000189e-01,-7.122500000000000497e-01,-9.999989999999999712e-01
5.447468982291221619e+04,-8.728019999999999667e-01,-7.417350000000000332e-01,-9.999989999999999712e-01
5.449413582359254360e+04,-8.773600000000000287e-01,-7.596429999999999572e-01,-1.000000000000000000e+00
5.452654580481350422e+04,-8.758550000000000502e-01,-7.558139999999999858e-01,-9.999989999999999712e-01
5.476637966372072697e+04,-8.727559999999999762e-01,-7.547160000000000535e-01,-1.000000000000000000e+00
5.476962064386904240e+04,-8.758280000000000509e-01,-7.601320000000000299e-01,-1.000000000000000000e+00
5.479554862485826015e+04,-8.748010000000000508e-01,-7.582069999999999643e-01,-1.000000000000000000e+00
5.493491155996918678e+04,-8.479529999999999568e-01,-7.020149999999999446e-01,-1.000000000000000000e+00
5.513909440758824348e+04,-8.464690000000000270e-01,-6.980490000000000306e-01,-1.000000000000000000e+00
5.573867902980744839e+04,-7.745159999999999823e-01,-5.977869999999999573e-01,-1.000000000000000000e+00
5.580998098248243332e+04,-7.765419999999999545e-01,-6.040440000000000254e-01,-1.000000000000000000e+00
5.623131067816913128e+04,-8.426759999999999806e-01,-6.982890000000000486e-01,-1.000000000000000000e+00
5.623455168823897839e+04,-8.355679999999999774e-01,-6.946430000000000105e-01,-1.000000000000000000e+00
5.637391458341479301e+04,-8.782720000000000526e-01,-7.718789999999999818e-01,-1.000000000000000000e+00
5.640308354455232620e+04,-9.011719999999999731e-01,-8.136940000000000284e-01,-1.000000000000000000e+00
5.648086751736700535e+04,-9.000209999999999599e-01,-8.119309999999999583e-01,-1.000000000000000000e+00
5.669477336537837982e+04,-8.968709999999999738e-01,-8.027849999999999708e-01,-1.000000000000000000e+00
5.671097835597395897e+04,-8.954220000000000512e-01,-7.997309999999999697e-01,-1.000000000000000000e+00
5.685682327137887478e+04,-8.972290000000000543e-01,-8.014890000000000070e-01,-1.000000000000000000e+00
5.699618617655336857e+04,-9.023919999999999719e-01,-8.078560000000000185e-01,-1.000000000000000000e+00
5.711610311096906662e+04,-8.993349999999999955e-01,-8.027940000000000076e-01,-1.000000000000000000e+00
5.713554908172786236e+04,-9.253940000000000499e-01,-8.484580000000000455e-01,-1.000000000000000000e+00
5.737538290064036846e+04,-9.242390000000000327e-01,-8.464909999999999934e-01,-1.000000000000000000e+00
5.747261282429099083e+04,-9.231460000000000221e-01,-8.428459999999999841e-01,-1.000000000000000000e+00
5.760873474933207035e+04,-9.236779999999999990e-01,-8.417329999999999535e-01,-1.000000000000000000e+00
5.761845775963366032e+04,-9.225780000000000092e-01,-8.414960000000000218e-01,-1.000000000000000000e+00
5.765410872100293636e+04,-9.210450000000000026e-01,-8.370180000000000398e-01,-1.000000000000000000e+00
5.781939961716532707e+04,-8.994330000000000380e-01,-8.040979999999999794e-01,-1.000000000000000000e+00
5.784856860823929310e+04,-9.232719999999999816e-01,-8.439200000000000035e-01,-1.000000000000000000e+00
5.788097860938310623e+04,-9.232719999999999816e-01,-8.439200000000000035e-01,-1.000000000000000000e+00
5.795876253235340118e+04,-8.886300000000000310e-01,-7.902749999999999497e-01,-1.000000000000000000e+00
5.857455215518176556e+04,-8.856570000000000276e-01,-7.866210000000000147e-01,-1.000000000000000000e+00
5.868474607929587364e+04,-8.984010000000000051e-01,-8.010960000000000303e-01,-1.000000000000000000e+00
5.897643587011098862e+04,-8.576880000000000059e-01,-7.314610000000000278e-01,-1.000000000000000000e+00
5.906070181323587894e+04,-8.549820000000000197e-01,-7.245489999999999986e-01,-1.000000000000000000e+00
5.924867966023087502e+04,-8.598999999999999977e-01,-7.298390000000000155e-01,-1.000000000000000000e+00
5.931349963259696960e+04,-8.567209999999999548e-01,-7.275749999999999718e-01,-1.000000000000000000e+00
5.939776556579768658e+04,-8.617909999999999737e-01,-7.308360000000000412e-01,-1.000000000000000000e+00
5.962139443409442902e+04,-8.624500000000000499e-01,-7.336409999999999876e-01,-1.000000000000000000e+00
5.986446929307281971e+04,-8.929240000000000510e-01,-7.894430000000000058e-01,-1.000000000000000000e+00
5.996494022680819035e+04,-8.887969999999999482e-01,-7.854419999999999735e-01,-1.000000000000000000e+00
6.003300114940106869e+04,-9.158279999999999754e-01,-8.263470000000000537e-01,-1.000000000000000000e+00
6.016912306441366673e+04,-8.946619999999999573e-01,-7.822419999999999929e-01,-1.000000000000000000e+00
6.021449703609943390e+04,-8.567299999999999915e-01,-7.122129999999999850e-01,-1.000000000000000000e+00
6.023070201671123505e+04,-8.235289999999999555e-01,-6.249160000000000270e-01,-1.000000000000000000e+00
6.037654692211747169e+04,-7.426139999999999963e-01,-4.835380000000000233e-01,-1.000000000000000000e+00
6.039275191271305084e+04,-7.426139999999999963e-01,-4.835380000000000233e-01,-1.000000000000000000e+00
6.080111767788231373e+04,-6.238700000000000356e-01,-2.958689999999999931e-01,-1.000000000000000000e+00
6.090482964166998863e+04,-7.612010000000000165e-01,-5.412759999999999794e-01,-1.000000000000000000e+00
6.115438645103573799e+04,-7.608620000000000383e-01,-5.388479999999999936e-01,-1.000000000000000000e+00
6.144283529171347618e+04,-7.658110000000000195e-01,-5.396079999999999766e-01,-1.000000000000000000e+00
6.144283529171347618e+04,-6.426800000000000290e-01,-3.275509999999999811e-01,-1.000000000000000000e+00
6.169239212098717690e+04,-4.931289999999999840e-01,-9.306100000000000483e-02,-9.999989999999999712e-01
6.172156110206246376e+04,-5.009919999999999929e-01,-9.396699999999999497e-02,-9.999989999999999712e-01
6.174424808289110661e+04,-5.167329999999999979e-01,-1.358590000000000075e-01,-1.000000000000000000e+00
6.185120101685822010e+04,-6.626330000000000275e-01,-3.531900000000000039e-01,-1.000000000000000000e+00
6.229845868353545666e+04,-6.764799999999999702e-01,-3.941490000000000271e-01,-1.000000000000000000e+00
6.317352813597023487e+04,-6.788419999999999455e-01,-3.981649999999999912e-01,-1.000000000000000000e+00
6.325455306901037693e+04,-6.497209999999999930e-01,-3.412529999999999730e-01,-1.000000000000000000e+00
6.352031490892171860e+04,-6.367119999999999447e-01,-3.118900000000000006e-01,-1.000000000000000000e+00
6.366291884416341782e+04,-6.367119999999999447e-01,-3.118900000000000006e-01,-1.000000000000000000e+00
6.374394378720223904e+04,-6.374119999999999786e-01,-3.148900000000000032e-01,-1.000000000000000000e+00
6.392543969391286373e+04,-7.678779999999999495e-01,-5.396320000000000006e-01,-1.000000000000000000e+00
6.398701866619288921e+04,-8.299260000000000526e-01,-6.428180000000000005e-01,-9.999989999999999712e-01
6.408748959992825985e+04,-8.315369999999999706e-01,-6.561930000000000263e-01,-1.000000000000000000e+00
6.456391630758345127e+04,-8.338060000000000471e-01,-6.685680000000000511e-01,-9.999989999999999712e-01
6.461253126941621304e+04,-8.405529999999999946e-01,-6.843949999999999756e-01,-9.999989999999999712e-01
6.499172799350321293e+04,-8.465789999999999704e-01,-7.027759999999999563e-01,-1.000000000000000000e+00
6.509868092747032642e+04,-7.914290000000000491e-01,-5.986320000000000530e-01,-1.000000000000000000e+00
6.510840391783416271e+04,-7.961589999999999501e-01,-6.162570000000000547e-01,-1.000000000000000000e+00
6.534175578652322292e+04,-7.962500000000000133e-01,-6.115420000000000300e-01,-1.000000000000000000e+00
6.542602173963189125e+04,-7.970800000000000107e-01,-6.071280000000000010e-01,-1.000000000000000000e+00
6.559131262581050396e+04,-7.931799999999999962e-01,-6.048270000000000035e-01,-1.000000000000000000e+00
6.582466448441147804e+04,-8.069260000000000321e-01,-6.322060000000000457e-01,-1.000000000000000000e+00
6.602236532180011272e+04,-7.166590000000000460e-01,-5.434639999999999471e-01,-1.000000000000000000e+00
6.610987225507199764e+04,-8.070410000000000084e-01,-6.565590000000000037e-01,-1.000000000000000000e+00
6.612283625553548336e+04,-8.591569999999999485e-01,-7.290980000000000238e-01,-1.000000000000000000e+00
6.620062020841240883e+04,-8.875039999999999596e-01,-7.885790000000000299e-01,-1.000000000000000000e+00
6.627192216108739376e+04,-8.916929999999999579e-01,-7.940789999999999793e-01,-1.000000000000000000e+00
6.639832110573351383e+04,-9.218509999999999760e-01,-8.406879999999999908e-01,-1.000000000000000000e+00
6.642424907672405243e+04,-9.192630000000000523e-01,-8.360790000000000166e-01,-1.000000000000000000e+00
6.645665905794501305e+04,-8.894220000000000459e-01,-7.912930000000000241e-01,-1.000000000000000000e+00
6.652796101060509682e+04,-8.841949999999999532e-01,-7.830000000000000293e-01,-1.000000000000000000e+00
6.655712999166548252e+04,-9.132350000000000190e-01,-8.321129999999999916e-01,-1.000000000000000000e+00
6.659926298318803310e+04,-9.337149999999999617e-01,-8.665089999999999737e-01,-1.000000000000000000e+00
6.682937381179630756e+04,-9.304609999999999825e-01,-8.610259999999999581e-01,-1.000000000000000000e+00
6.692012174515426159e+04,-9.049930000000000474e-01,-8.194869999999999655e-01,-1.000000000000000000e+00
6.692336276522278786e+04,-8.523009999999999753e-01,-7.359200000000000186e-01,-1.000000000000000000e+00
6.725718549771606922e+04,-7.733680000000000554e-01,-6.308099999999999818e-01,-1.000000000000000000e+00
6.737386146196722984e+04,-7.880260000000000042e-01,-6.468540000000000401e-01,-1.000000000000000000e+00
6.740951242335140705e+04,-7.851169999999999538e-01,-6.462949999999999529e-01,-1.000000000000000000e+00
6.789242112123966217e+04,-8.563429999999999653e-01,-7.431729999999999725e-01,-1.000000000000000000e+00
6.796048208375275135e+04,-7.875429999999999930e-01,-6.547209999999999974e-01,-1.000000000000000000e+00
6.820031588274240494e+04,-6.972669999999999702e-01,-5.441059999999999786e-01,-1.000000000000000000e+00
6.826513585509359837e+04,-5.922910000000000119e-01,-4.228709999999999969e-01,-1.000000000000000000e+00
6.833643780776858330e+04,-6.030219999999999470e-01,-4.320669999999999789e-01,-1.000000000000000000e+00
6.834940180821716785e+04,-4.982380000000000142e-01,-3.014660000000000117e-01,-1.000000000000000000e+00
6.837532978920638561e+04,-4.960640000000000049e-01,-2.955420000000000269e-01,-1.000000000000000000e+00
6.844014976157248020e+04,-4.918669999999999987e-01,-2.965760000000000063e-01,-1.000000000000000000e+00
6.845635475218296051e+04,-4.677330000000000099e-01,-2.563929999999999820e-01,-1.000000000000000000e+00
6.860544065773487091e+04,-6.485480000000000134e-01,-4.508199999999999985e-01,-1.000000000000000000e+00
6.860868164788186550e+04,-4.801480000000000192e-01,-2.466520000000000101e-01,-1.000000000000000000e+00
6.870591160146892071e+04,-4.339790000000000036e-01,-1.763109999999999955e-01,-1.000000000000000000e+00
6.893602247998118401e+04,-4.264319999999999777e-01,-1.843660000000000021e-01,-1.000000000000000000e+00
6.923743529118597507e+04,-3.888229999999999742e-01,-4.973400000000000043e-02,-1.000000000000000000e+00
6.932494222445785999e+04,-4.320209999999999884e-01,-9.143199999999999938e-02,-1.000000000000000000e+00
6.948375111040472984e+04,-5.829600000000000337e-01,-3.194930000000000270e-01,-1.000000000000000000e+00
6.955181206291913986e+04,-5.713660000000000405e-01,-3.065370000000000039e-01,-1.000000000000000000e+00
6.964256000626087189e+04,-5.695700000000000207e-01,-3.053910000000000236e-01,-1.000000000000000000e+00
6.975599493044614792e+04,-5.608039999999999692e-01,-2.398419999999999996e-01,-1.000000000000000000e+00
6.991156281623244286e+04,-4.402030000000000109e-01,-1.098080000000000028e-01,-1.000000000000000000e+00
7.020649362720549107e+04,-1.964430000000000065e-01,1.382289999999999908e-01,-1.000000000000000000e+00
7.021945760774612427e+04,2.678399999999999878e-02,1.000000000000000000e+00,-2.915809999999999791e-01
7.028751857024431229e+04,3.012199999999999947e-02,9.999919999999999920e-01,-3.686269999999999825e-01
7.060837738212943077e+04,4.953699999999999770e-02,9.999980000000000535e-01,-3.468829999999999969e-01
7.080931924960017204e+04,1.573740000000000139e-01,1.000000000000000000e+00,-2.641879999999999784e-01
7.096812811553478241e+04,2.268479999999999941e-01,9.999989999999999712e-01,-1.955810000000000048e-01
7.122416697496175766e+04,2.973330000000000140e-01,1.000000000000000000e+00,-1.249669999999999948e-01
7.123388996535539627e+04,1.500519999999999909e-01,1.000000000000000000e+00,-2.850989999999999913e-01
7.199876551383733749e+04,-3.067500000000000088e-02,4.431899999999999729e-01,-1.000000000000000000e+00
7.204413951542973518e+04,-1.187529999999999974e-01,3.550200000000000022e-01,-1.000000000000000000e+00
7.209275447726249695e+04,-1.358469999999999955e-01,3.346350000000000158e-01,-1.000000000000000000e+00
7.211544146808981895e+04,6.668200000000000516e-02,1.000000000000000000e+00,-3.727460000000000218e-01
7.230990133531391621e+04,1.896859999999999935e-01,1.000000000000000000e+00,-2.491379999999999983e-01
7.286087094581127167e+04,5.957799999999999901e-02,1.000000000000000000e+00,-4.060819999999999985e-01
7.290624491748213768e+04,-1.321259999999999935e-01,3.560949999999999949e-01,-1.000000000000000000e+00
7.298402887037396431e+04,-2.953640000000000154e-01,2.100910000000000000e-01,-9.999980000000000535e-01
7.300671586121618748e+04,-1.471669999999999923e-01,3.349500000000000255e-01,-1.000000000000000000e+00
7.346693760827183723e+04,-3.277610000000000245e-01,1.686860000000000026e-01,-1.000000000000000000e+00
7.356416752192378044e+04,-4.124050000000000216e-01,6.414000000000000257e-02,-1.000000000000000000e+00
