# Time,Median,Upper Error,Lower Error
0.000000000000000000e+00,-8.262779999999999569e-01,-6.699180000000000135e-01,-1.000000000000000000e+00
6.282010436058044434e+00,-7.969979999999999842e-01,-6.285410000000000164e-01,-1.000000000000000000e+00
4.083307242393493652e+01,-7.731170000000000542e-01,-5.795599999999999641e-01,-1.000000000000000000e+00
1.444862587451934814e+02,-8.009530000000000260e-01,-6.232619999999999827e-01,-1.000000000000000000e+00
3.360876700878143311e+02,-8.265919999999999934e-01,-6.810680000000000067e-01,-1.000000000000000000e+00
1.017686460971832275e+03,-8.140990000000000171e-01,-6.508500000000000396e-01,-1.000000000000000000e+00
1.268967275977134705e+03,-7.586720000000000130e-01,-5.725580000000000114e-01,-1.000000000000000000e+00
1.272108286142349243e+03,-7.105890000000000262e-01,-5.059129999999999461e-01,-1.000000000000000000e+00
1.312941418647766113e+03,-6.327800000000000091e-01,-4.251409999999999911e-01,-1.000000000000000000e+00
1.520248171091079712e+03,-5.891319999999999890e-01,-3.670749999999999846e-01,-1.000000000000000000e+00
1.708708892345428467e+03,-4.908489999999999798e-01,-2.750920000000000032e-01,-1.000000000000000000e+00
1.831208389639854431e+03,-4.021879999999999900e-01,-1.801300000000000123e-01,-1.000000000000000000e+00
2.201848021864891052e+03,-4.677740000000000231e-01,-2.593690000000000162e-01,-1.000000000000000000e+00
2.274091346144676208e+03,-5.056289999999999951e-01,-3.033009999999999873e-01,-1.000000000000000000e+00
2.349475720643997192e+03,-4.153069999999999817e-01,-2.266970000000000096e-01,-1.000000000000000000e+00
2.428001115322113037e+03,-4.895070000000000254e-01,-2.953430000000000222e-01,-1.000000000000000000e+00
2.522231561064720154e+03,-3.834640000000000271e-01,-1.930600000000000094e-01,-9.999989999999999712e-01
2.537936642050743103e+03,-2.546720000000000095e-01,1.977289999999999881e-01,-6.253379999999999495e-01
2.547359692454338074e+03,-1.207140000000000019e-01,3.228559999999999763e-01,-4.860729999999999773e-01
2.729538643479347229e+03,-1.156220000000000026e-01,3.253730000000000233e-01,-5.154269999999999685e-01
2.786076946735382080e+03,8.208799999999999430e-02,5.027679999999999927e-01,-2.689659999999999829e-01
2.836333219885826111e+03,4.632499999999999812e-02,4.745860000000000078e-01,-3.022000000000000242e-01
2.930563735485076904e+03,7.322700000000000042e-02,4.992519999999999736e-01,-2.303600000000000092e-01
2.968255947709083557e+03,-4.059000000000000108e-03,3.672179999999999889e-01,-3.415480000000000183e-01
3.046781402468681335e+03,1.068090000000000012e-01,5.254550000000000054e-01,-1.814099999999999879e-01
3.141011928200721741e+03,2.417249999999999954e-01,6.334070000000000533e-01,-5.478800000000000336e-02
3.144152958273887634e+03,3.015720000000000067e-01,6.242640000000000411e-01,2.188700000000000020e-02
3.200691281676292419e+03,1.837159999999999904e-01,4.964450000000000252e-01,-1.016510000000000052e-01
3.266652675628662109e+03,8.256399999999999850e-02,4.034969999999999946e-01,-2.013989999999999947e-01
3.276075726270675659e+03,1.281499999999999861e-01,3.957939999999999792e-01,-1.658429999999999904e-01
3.379729362368583679e+03,1.018820000000000003e-01,4.023439999999999794e-01,-1.755829999999999891e-01
3.401716513633728027e+03,2.149540000000000062e-01,4.963389999999999747e-01,-5.693000000000000144e-02
3.448831786513328552e+03,1.978800000000000003e-01,5.254130000000000189e-01,-6.055900000000000172e-02
3.527357281208038330e+03,2.210840000000000027e-01,5.361089999999999467e-01,-2.754699999999999857e-02
3.656139109015464783e+03,1.923529999999999962e-01,4.960430000000000117e-01,-9.980200000000000182e-02
3.681267270445823669e+03,3.015410000000000035e-01,6.002399999999999958e-01,1.599199999999999927e-02
3.762933805346488953e+03,3.131829999999999892e-01,6.454929999999999835e-01,6.373600000000000099e-02
4.083317984461784363e+03,3.049740000000000228e-01,6.243410000000000348e-01,2.960300000000000084e-02
4.083317984461784363e+03,2.847049999999999859e-01,5.973629999999999773e-01,-1.362299999999999969e-02
4.174407619953155518e+03,8.143699999999999550e-02,4.925300000000000233e-01,-2.303600000000000092e-01
4.318894658565521240e+03,8.143699999999999550e-02,4.925300000000000233e-01,-2.303600000000000092e-01
4.334599769592285156e+03,-3.355099999999999749e-02,3.964550000000000018e-01,-3.404690000000000216e-01
4.479086838126182556e+03,-4.867099999999999899e-02,3.993340000000000223e-01,-3.410239999999999938e-01
4.482227858424186707e+03,-1.917540000000000078e-01,2.242589999999999861e-01,-5.540920000000000289e-01
4.589022664785385132e+03,-5.462999999999999801e-02,3.977629999999999777e-01,-3.408120000000000038e-01
4.783766156435012817e+03,9.097800000000000331e-02,4.697709999999999941e-01,-2.193309999999999982e-01
4.837163569569587708e+03,6.171200000000000296e-02,5.035969999999999613e-01,-2.243060000000000054e-01
5.122996866703033447e+03,5.102999999999999897e-02,5.012079999999999869e-01,-2.361340000000000106e-01
5.135560957551002502e+03,-7.342700000000000615e-02,3.200120000000000187e-01,-4.537149999999999794e-01
5.295753287076950073e+03,-7.342700000000000615e-02,3.200120000000000187e-01,-4.537149999999999794e-01
5.333445599317550659e+03,-7.164199999999999735e-02,3.610999999999999766e-01,-3.796640000000000015e-01
5.694663700938224792e+03,-2.252480000000000038e-01,1.925149999999999917e-01,-5.773399999999999643e-01
5.842292009830474854e+03,-3.224710000000000076e-01,8.858499999999999708e-02,-6.805719999999999548e-01
6.002484449386596680e+03,-2.087179999999999869e-01,2.094959999999999878e-01,-5.366039999999999699e-01
6.385690002202987671e+03,-2.731549999999999812e-01,1.157849999999999990e-01,-6.177890000000000326e-01
6.410818233847618103e+03,-1.421159999999999923e-01,2.305979999999999974e-01,-4.673900000000000277e-01
6.410818233847618103e+03,-2.975689999999999724e-01,1.306249999999999911e-01,-6.089980000000000393e-01
6.536459431409835815e+03,-4.185860000000000136e-01,-5.115299999999999708e-02,-7.950629999999999642e-01
6.555305622458457947e+03,-4.454690000000000039e-01,-2.734079999999999844e-01,-1.000000000000000000e+00
6.592997974753379822e+03,-2.981480000000000241e-01,1.253100000000000047e-01,-6.093269999999999520e-01
6.630690347075462341e+03,-2.981480000000000241e-01,1.253100000000000047e-01,-6.093269999999999520e-01
6.696651991009712219e+03,-2.803649999999999753e-01,1.309659999999999991e-01,-6.072739999999999805e-01
6.856844570517539978e+03,-3.074439999999999951e-01,1.251859999999999917e-01,-6.527319999999999789e-01
6.929088284969329834e+03,-4.628010000000000179e-01,-2.803740000000000121e-01,-1.000000000000000000e+00
6.973062727570533752e+03,-5.499330000000000052e-01,-3.683830000000000160e-01,-1.000000000000000000e+00
6.988767878532409668e+03,-6.280829999999999469e-01,-4.610020000000000229e-01,-1.000000000000000000e+00
7.032742321014404297e+03,-6.140020000000000477e-01,-4.444969999999999755e-01,-1.000000000000000000e+00
7.039024391412734985e+03,-6.027989999999999737e-01,-4.343099999999999739e-01,-1.000000000000000000e+00
7.123832246422767639e+03,-5.784359999999999502e-01,-4.094849999999999879e-01,-1.000000000000000000e+00
7.227486302733421326e+03,-6.372090000000000254e-01,-4.783419999999999894e-01,-1.000000000000000000e+00
7.233768373131752014e+03,-6.874240000000000350e-01,-5.375259999999999483e-01,-1.000000000000000000e+00
7.657807808518409729e+03,-5.060430000000000206e-01,-1.736590000000000078e-01,-7.960260000000000113e-01
7.855692940235137939e+03,-5.562030000000000030e-01,-4.083669999999999800e-01,-1.000000000000000000e+00
7.902808443307876587e+03,-4.651759999999999784e-01,-1.344059999999999977e-01,-8.034170000000000478e-01
7.921654654264450073e+03,-5.127739999999999521e-01,-1.823859999999999926e-01,-8.107100000000000417e-01
7.927936724781990051e+03,-4.051370000000000249e-01,-7.415900000000000269e-02,-7.151769999999999516e-01
7.943641895651817322e+03,-5.127739999999999521e-01,-1.823859999999999926e-01,-8.107100000000000417e-01
8.399091953039169312e+03,-6.140170000000000350e-01,-4.655139999999999834e-01,-1.000000000000000000e+00
8.468194736957550049e+03,-6.445680000000000298e-01,-4.983730000000000104e-01,-1.000000000000000000e+00
8.515310269832611084e+03,-5.276170000000000027e-01,-3.823509999999999964e-01,-9.999989999999999712e-01
8.515310269832611084e+03,-5.553900000000000503e-01,-4.066569999999999907e-01,-1.000000000000000000e+00
8.653515848159790039e+03,-5.762709999999999777e-01,-4.223700000000000232e-01,-9.999980000000000535e-01
8.653515848159790039e+03,-7.124580000000000357e-01,-5.647849999999999815e-01,-1.000000000000000000e+00
8.672362069249153137e+03,-6.164250000000000007e-01,-4.570940000000000003e-01,-1.000000000000000000e+00
8.722618652224540710e+03,-5.384200000000000097e-01,-3.771349999999999980e-01,-9.999989999999999712e-01
8.741464873313903809e+03,-6.392980000000000329e-01,-4.783419999999999894e-01,-1.000000000000000000e+00
8.798003526806831360e+03,-5.601639999999999953e-01,-3.968900000000000206e-01,-1.000000000000000000e+00
9.036722321033477783e+03,-6.131870000000000376e-01,-4.455589999999999828e-01,-1.000000000000000000e+00
9.262877014517784119e+03,-4.822839999999999905e-01,-3.196840000000000237e-01,-1.000000000000000000e+00
9.303710507035255432e+03,-5.266650000000000498e-01,-3.359790000000000276e-01,-1.000000000000000000e+00
9.316274657607078552e+03,-4.169350000000000001e-01,-2.177219999999999989e-01,-1.000000000000000000e+00
9.363390230536460876e+03,-4.169350000000000001e-01,-2.177219999999999989e-01,-1.000000000000000000e+00
9.410505793452262878e+03,-4.289490000000000247e-01,-2.153889999999999971e-01,-1.000000000000000000e+00
9.536147330880165100e+03,-5.076629999999999754e-01,-2.856540000000000190e-01,-1.000000000000000000e+00
9.551852521896362305e+03,-2.974680000000000102e-01,-8.130099999999999827e-02,-9.999980000000000535e-01
9.690058220148086548e+03,-7.176299999999999346e-02,3.871729999999999894e-01,-4.833580000000000099e-01
9.922495103955268860e+03,-3.872199999999999948e-02,4.505100000000000215e-01,-3.801709999999999812e-01
1.000416212880611420e+04,-6.916300000000000225e-02,3.868010000000000059e-01,-4.750960000000000183e-01
1.006384188258647919e+04,-2.120039999999999980e-01,2.765659999999999785e-01,-5.873509999999999565e-01
1.017377826905250549e+04,-2.961699999999999888e-01,-7.714400000000000424e-02,-9.999980000000000535e-01
1.023659907281398773e+04,-2.006709999999999883e-01,3.815999999999999948e-02,-1.000000000000000000e+00
1.029941987657546997e+04,4.982999999999999582e-03,5.385400000000000187e-01,-4.606750000000000012e-01
1.058211351358890533e+04,1.843180000000000096e-01,8.094660000000000188e-01,-2.266749999999999876e-01
1.070461411082744598e+04,-4.928600000000000342e-02,5.736949999999999550e-01,-5.251219999999999777e-01
1.156840067267417908e+04,-1.892469999999999986e-01,1.396660000000000124e-01,-1.000000000000000000e+00
1.161551631546020508e+04,-1.819050000000000111e-01,1.378820000000000046e-01,-1.000000000000000000e+00
1.162808049619197845e+04,-2.431560000000000110e-01,9.499199999999999311e-02,-1.000000000000000000e+00
1.203641615056991577e+04,-4.601779999999999760e-01,-1.463389999999999969e-01,-1.000000000000000000e+00
1.228455863547325134e+04,-2.169329999999999870e-01,1.282310000000000116e-01,-1.000000000000000000e+00
1.237250788080692291e+04,-2.328900000000000067e-02,3.513129999999999864e-01,-9.999980000000000535e-01
1.238507206153869629e+04,3.224899999999999989e-02,1.000000000000000000e+00,-3.451799999999999868e-01
1.241648251330852509e+04,-4.567700000000000232e-02,3.326109999999999900e-01,-9.999980000000000535e-01
1.257667579293251038e+04,2.176099999999999979e-01,1.000000000000000000e+00,-1.809139999999999915e-01
1.267090714859962463e+04,-5.312800000000000161e-02,3.371460000000000012e-01,-9.999980000000000535e-01
1.287507510077953339e+04,2.448490000000000111e-01,1.000000000000000000e+00,-1.652679999999999982e-01
1.331796258735656738e+04,2.652729999999999810e-01,1.000000000000000000e+00,-1.300149999999999917e-01
1.333680886852741241e+04,-6.289899999999999658e-02,3.283980000000000232e-01,-9.999980000000000535e-01
1.348443805730342865e+04,1.796679999999999944e-01,1.000000000000000000e+00,-2.665250000000000119e-01
1.366033667790889740e+04,1.691030000000000033e-01,1.000000000000000000e+00,-2.825469999999999926e-01
1.455867636168003082e+04,2.234649999999999970e-01,9.999989999999999712e-01,-1.962029999999999885e-01
1.470316461026668549e+04,2.115460000000000118e-01,1.000000000000000000e+00,-1.911370000000000013e-01
1.481624236702919006e+04,4.369239999999999791e-01,1.000000000000000000e+00,1.413079999999999892e-01
1.483508866822719574e+04,3.897639999999999993e-01,1.000000000000000000e+00,6.447200000000000153e-02
1.486021704959869385e+04,1.320880000000000110e-01,9.999980000000000535e-01,-2.319819999999999938e-01
1.514605254685878754e+04,2.436089999999999922e-01,1.000000000000000000e+00,-1.005709999999999937e-01
1.528425873506069183e+04,2.559819999999999873e-01,9.999919999999999920e-01,-2.904899999999999843e-02
1.550099118804931641e+04,2.576939999999999786e-01,1.000000000000000000e+00,-2.471100000000000033e-02
1.559208164346218109e+04,2.480030000000000012e-01,9.999989999999999712e-01,-5.410899999999999738e-02
1.591560985279083252e+04,2.017029999999999934e-01,9.999989999999999712e-01,-1.439580000000000026e-01
1.593759720420837402e+04,1.025309999999999971e-01,9.999839999999999840e-01,-2.550549999999999762e-01
1.595330246520042419e+04,2.831099999999999728e-01,1.000000000000000000e+00,-9.465500000000000302e-02
1.615118867707252502e+04,3.555550000000000099e-01,1.000000000000000000e+00,3.694999999999999934e-03
1.645272961509227753e+04,1.480450000000000099e-01,8.739069999999999894e-01,-2.775599999999999734e-01
1.654696116065979004e+04,-6.866400000000000281e-02,5.222890000000000033e-01,-6.399949999999999806e-01
1.655324327111244202e+04,-2.912210000000000076e-01,-4.406500000000000000e-02,-1.000000000000000000e+00
1.659407694339752197e+04,-9.380700000000000149e-02,5.296560000000000157e-01,-5.732880000000000198e-01
1.659721799373626709e+04,5.065200000000000258e-02,5.406649999999999512e-01,-2.984499999999999931e-01
1.675112954282760620e+04,-8.513600000000000334e-02,3.820339999999999847e-01,-4.636259999999999826e-01
1.692074636316299438e+04,6.855300000000000282e-02,5.375600000000000378e-01,-2.690779999999999839e-01
1.721286425054073334e+04,2.244680000000000009e-01,6.971439999999999859e-01,-9.004900000000000404e-02
1.723171056163311005e+04,2.543420000000000125e-01,7.067329999999999446e-01,-9.768499999999999406e-02
1.723799267196655273e+04,1.005240000000000022e-01,5.575440000000000396e-01,-2.761399999999999966e-01
1.741389163255691528e+04,7.497800000000000298e-02,5.379570000000000185e-01,-3.264920000000000044e-01
1.768716325891017914e+04,1.001380000000000048e-01,5.808170000000000277e-01,-2.456230000000000080e-01
1.794787070453166962e+04,-5.038800000000000223e-02,4.316960000000000242e-01,-4.241039999999999810e-01
1.809550025343894958e+04,1.423399999999999943e-01,6.078639999999999599e-01,-1.677319999999999922e-01
1.820543713998794556e+04,1.400359999999999938e-01,6.095310000000000450e-01,-1.680830000000000102e-01
1.825255295276641846e+04,-3.437099999999999878e-02,4.464920000000000000e-01,-3.876709999999999878e-01
1.826511716341972351e+04,-6.839999999999999726e-03,4.089110000000000245e-01,-3.801430000000000087e-01
1.836877195978164673e+04,-7.793999999999999539e-02,3.618239999999999790e-01,-3.776789999999999869e-01
1.837505407023429871e+04,-6.604100000000000248e-02,3.626269999999999771e-01,-3.726169999999999760e-01
1.847870886635780334e+04,-2.081800000000000039e-01,1.946670000000000067e-01,-5.774540000000000228e-01
1.857294049191474915e+04,-1.911849999999999938e-01,2.084270000000000012e-01,-5.479509999999999659e-01
1.857608155214786530e+04,-3.285279999999999867e-01,-1.260199999999999931e-01,-9.999980000000000535e-01
1.866403108739852905e+04,-2.934439999999999826e-01,1.266690000000000038e-01,-7.328700000000000214e-01
1.882422488701343536e+04,-2.498819999999999930e-01,1.989410000000000067e-01,-6.212879999999999514e-01
1.893102075338363647e+04,-2.483269999999999922e-01,1.941900000000000015e-01,-5.895709999999999562e-01
1.910377878367900848e+04,-2.483269999999999922e-01,1.941900000000000015e-01,-5.895709999999999562e-01
1.913518934571743011e+04,-2.617419999999999747e-01,1.683779999999999999e-01,-6.362799999999999567e-01
1.926083155310153961e+04,-3.697219999999999951e-01,5.607000000000000178e-02,-7.422490000000000476e-01
1.934878110849857330e+04,-1.835579999999999989e-01,1.946670000000000067e-01,-5.509589999999999765e-01
1.938961484086513519e+04,-1.075160000000000005e-01,2.678949999999999942e-01,-4.121699999999999808e-01
1.958436029255390167e+04,-7.488000000000000211e-02,2.655080000000000218e-01,-3.781430000000000069e-01
1.969743830931186676e+04,-6.210999999999999854e-02,2.605959999999999943e-01,-3.764879999999999893e-01
1.971628464031219482e+04,6.431900000000000117e-02,3.958720000000000017e-01,-2.028189999999999993e-01
1.972256675076484680e+04,1.588380000000000070e-01,4.836520000000000263e-01,-1.088569999999999954e-01
1.972256675076484680e+04,2.675350000000000228e-01,5.751589999999999758e-01,1.008700000000000048e-02
1.977282365381717682e+04,2.629929999999999768e-01,5.631000000000000449e-01,-1.378099999999999985e-02
2.034449592804908752e+04,2.719509999999999983e-01,5.751950000000000118e-01,1.743899999999999964e-02
2.039161178088188171e+04,3.784580000000000166e-01,6.982709999999999750e-01,9.185100000000000209e-02
2.041988129246234894e+04,2.187099999999999878e-01,5.838179999999999481e-01,-8.390300000000000535e-02
2.060520365369319916e+04,2.104379999999999862e-01,5.781730000000000480e-01,-7.696600000000000663e-02
2.065231951653957367e+04,2.017970000000000041e-01,5.738940000000000152e-01,-8.116700000000000303e-02
2.072770489108562469e+04,3.225069999999999881e-01,6.333210000000000228e-01,1.952999999999999875e-02
2.079680814504623413e+04,3.464929999999999954e-01,6.308810000000000251e-01,5.627000000000000057e-02
2.080623131573200226e+04,2.255379999999999885e-01,5.711340000000000305e-01,-4.204800000000000204e-02
2.087533456969261169e+04,3.570189999999999753e-01,6.544780000000000042e-01,9.481499999999999651e-02
2.094443784391880035e+04,2.530209999999999959e-01,5.522979999999999556e-01,-1.055999999999999994e-02
2.103552850937843323e+04,1.001409999999999939e-01,4.168870000000000076e-01,-1.938850000000000018e-01
2.106693908131122589e+04,2.380379999999999996e-01,5.109010000000000495e-01,-4.337499999999999689e-02
2.114860657596588135e+04,3.553359999999999852e-01,6.436250000000000027e-01,1.024290000000000062e-01
2.122713303089141846e+04,3.525030000000000108e-01,6.517899999999999805e-01,1.016340000000000021e-01
2.135591639852523804e+04,3.298800000000000066e-01,6.309540000000000148e-01,5.706599999999999867e-02
2.138732699048519135e+04,4.725260000000000016e-01,7.807969999999999633e-01,2.100049999999999972e-01
2.183963936746120453e+04,4.779510000000000147e-01,7.981930000000000414e-01,2.308159999999999934e-01
2.194015323352813721e+04,3.486639999999999739e-01,6.300670000000000437e-01,1.262540000000000051e-01
2.205323134028911591e+04,3.034069999999999823e-01,5.931009999999999893e-01,3.550400000000000084e-02
2.214746310591697693e+04,3.963639999999999941e-01,6.918050000000000033e-01,1.326400000000000079e-01
2.215688628649711609e+04,2.580939999999999901e-01,5.755660000000000220e-01,-2.986400000000000166e-02
2.221342533993721008e+04,2.559660000000000268e-01,6.146179999999999977e-01,7.447999999999999760e-03
2.226054122269153595e+04,2.601470000000000171e-01,6.058360000000000412e-01,-1.489900000000000078e-02
2.226054122269153595e+04,2.587149999999999728e-01,6.361219999999999652e-01,-1.356699999999999920e-02
2.229509287476539612e+04,8.744100000000000483e-02,4.999239999999999795e-01,-2.417670000000000097e-01
2.240817099153995514e+04,1.898779999999999912e-01,5.984770000000000367e-01,-1.429499999999999937e-01
2.244586370396614075e+04,1.899959999999999982e-01,6.028339999999999810e-01,-1.631330000000000002e-01
2.248983852648735046e+04,5.068999999999999895e-02,4.901699999999999946e-01,-2.771819999999999840e-01
2.253067229890823364e+04,-9.270399999999999474e-02,3.673190000000000066e-01,-4.429489999999999816e-01
2.271599478995800018e+04,-2.557110000000000216e-01,2.172820000000000029e-01,-6.313320000000000043e-01
2.289503519082069397e+04,-2.306729999999999892e-01,2.300369999999999915e-01,-5.968210000000000459e-01
2.297356167542934418e+04,-3.740499999999999936e-01,-1.695780000000000065e-01,-9.999980000000000535e-01
2.306151134061813354e+04,-4.701330000000000231e-01,-2.742510000000000225e-01,-1.000000000000000000e+00
2.344472064363956451e+04,-4.192159999999999775e-01,-2.401689999999999936e-01,-9.999989999999999712e-01
2.353267032885551453e+04,-2.433170000000000055e-01,1.906740000000000101e-01,-5.774540000000000228e-01
2.371799287998676300e+04,-2.047960000000000058e-01,1.705440000000000011e-01,-5.689089999999999980e-01
2.376510878276824951e+04,-1.996020000000000016e-01,1.641539999999999944e-01,-5.674360000000000515e-01
2.387504590940475464e+04,-3.327100000000000057e-01,8.351100000000000190e-02,-6.723639999999999617e-01
2.410434333312511444e+04,-5.110320000000000418e-01,-3.289219999999999922e-01,-1.000000000000000000e+00
2.427396061336994171e+04,-3.905370000000000230e-01,-2.109080000000000121e-01,-1.000000000000000000e+00
2.449383487653732300e+04,-4.233379999999999921e-01,-2.321989999999999887e-01,-1.000000000000000000e+00
2.466345217657089233e+04,-3.213289999999999758e-01,9.152699999999999725e-02,-7.387669999999999515e-01
2.467915747749805450e+04,-1.519540000000000057e-01,2.575049999999999839e-01,-5.415830000000000366e-01
2.469800383853912354e+04,-1.710959999999999981e-01,2.721729999999999983e-01,-5.240359999999999463e-01
2.496185299444198608e+04,-3.141070000000000251e-01,1.171790000000000054e-01,-7.223410000000000108e-01
2.496813511478900909e+04,-2.932969999999999744e-01,1.712460000000000093e-01,-6.386020000000000030e-01
2.520057366859912872e+04,-3.804250000000000131e-01,-1.944059999999999955e-01,-1.000000000000000000e+00
2.521313791954517365e+04,-5.053440000000000154e-01,-3.130009999999999737e-01,-1.000000000000000000e+00
2.527595915317535400e+04,-5.821049999999999836e-01,-3.837709999999999733e-01,-1.000000000000000000e+00
2.531051082539558411e+04,-4.521200000000000219e-01,-2.463289999999999924e-01,-1.000000000000000000e+00
2.532621614623069763e+04,-4.290660000000000029e-01,-2.447209999999999941e-01,-1.000000000000000000e+00
2.533249826657772064e+04,-3.807130000000000236e-01,3.371999999999999997e-03,-7.756680000000000241e-01
2.543301224267482758e+04,-3.594620000000000037e-01,3.718099999999999877e-02,-7.231919999999999460e-01
2.561205276334285736e+04,-3.594620000000000037e-01,3.718099999999999877e-02,-7.231919999999999460e-01
2.566230976641178131e+04,-3.961129999999999929e-01,-1.127799999999999983e-02,-7.843120000000000092e-01
2.585705561804771423e+04,-2.303779999999999994e-01,1.495549999999999935e-01,-5.798299999999999566e-01
2.601410871744155884e+04,-6.213199999999999973e-02,3.173900000000000055e-01,-3.363650000000000251e-01
2.607064785087108612e+04,-1.893360000000000043e-01,2.096629999999999883e-01,-4.912270000000000247e-01
2.619000821793079376e+04,-1.825739999999999863e-01,1.778240000000000098e-01,-5.016979999999999773e-01
2.619943140852451324e+04,-7.894600000000000228e-02,2.611260000000000248e-01,-3.916520000000000001e-01
2.623398310065269470e+04,-7.894600000000000228e-02,2.611260000000000248e-01,-3.916520000000000001e-01
2.638475409960746765e+04,-5.541800000000000198e-02,2.611260000000000248e-01,-3.770990000000000175e-01
2.654180723905563354e+04,-9.845399999999999985e-02,3.032150000000000123e-01,-3.834580000000000211e-01
2.684334926712512970e+04,1.302099999999999959e-02,3.365969999999999795e-01,-3.029669999999999863e-01
2.689360627007484436e+04,1.299659999999999982e-01,4.549929999999999808e-01,-1.493230000000000113e-01
2.696585072445869446e+04,3.606399999999999884e-02,3.970949999999999758e-01,-2.280089999999999895e-01
2.699097922599315643e+04,-9.476000000000000048e-03,3.601539999999999742e-01,-3.221820000000000239e-01
2.713546812450885773e+04,-2.143700000000000119e-02,3.602449999999999819e-01,-3.468950000000000089e-01
2.713546812450885773e+04,-3.972400000000000236e-02,3.626269999999999771e-01,-3.559620000000000006e-01
2.745899765396118164e+04,9.302399999999999558e-02,4.698049999999999726e-01,-2.084219999999999962e-01
2.747784402513504028e+04,2.461409999999999987e-01,5.722019999999999884e-01,-2.442599999999999980e-02
2.750297253656387329e+04,2.309990000000000099e-01,5.192970000000000086e-01,-6.801799999999999513e-02
2.772284698975086212e+04,1.929430000000000034e-01,5.449810000000000487e-01,-8.419300000000000395e-02
2.778252720332145691e+04,1.702299999999999924e-01,5.374360000000000248e-01,-1.579830000000000123e-01
2.781707890546321869e+04,1.526399999999999979e-02,4.324299999999999811e-01,-2.980329999999999924e-01
2.782021995544433594e+04,-1.565050000000000052e-01,2.566570000000000240e-01,-5.417939999999999978e-01
2.797413208484649658e+04,-2.804399999999999948e-02,4.276440000000000241e-01,-3.570260000000000100e-01
2.810919783282279968e+04,-9.122399999999999953e-02,3.369269999999999765e-01,-5.064999999999999503e-01
2.827881529307365417e+04,2.159600000000000061e-02,4.795960000000000223e-01,-3.388669999999999738e-01
2.830708486473560333e+04,6.112900000000000278e-02,4.845490000000000075e-01,-3.178989999999999871e-01
2.831964912545681000e+04,2.097100000000000006e-02,4.746489999999999876e-01,-3.417089999999999850e-01
2.863689660453796387e+04,-1.785499999999999934e-02,5.357709999999999972e-01,-3.513169999999999904e-01
2.873741066050529480e+04,-5.739199999999999857e-02,4.454659999999999731e-01,-4.437420000000000253e-01
2.877824448287487030e+04,-2.655810000000000115e-01,-4.113399999999999695e-02,-1.000000000000000000e+00
2.896670835411548615e+04,-3.129500000000000337e-02,4.474650000000000016e-01,-4.373279999999999945e-01
2.905151710927486420e+04,-2.149550000000000072e-01,2.946039999999999770e-01,-6.867199999999999971e-01
2.911433840310573578e+04,-3.720209999999999906e-01,-1.350139999999999951e-01,-1.000000000000000000e+00
2.935934143769741058e+04,-4.092529999999999779e-01,-1.729640000000000066e-01,-1.000000000000000000e+00
2.969229430747032166e+04,-5.624190000000000023e-01,-3.387089999999999823e-01,-1.000000000000000000e+00
2.976453882205486298e+04,-5.045840000000000325e-01,-2.821580000000000199e-01,-1.000000000000000000e+00
2.990902780055999756e+04,-5.769459999999999589e-01,-3.690910000000000024e-01,-1.000000000000000000e+00
3.000640083646774292e+04,-6.226490000000000080e-01,-4.145809999999999773e-01,-1.000000000000000000e+00
3.030480202424526215e+04,-5.973600000000000021e-01,-3.709200000000000275e-01,-1.000000000000000000e+00
3.043672678232192993e+04,-6.219519999999999493e-01,-3.972060000000000035e-01,-1.000000000000000000e+00
3.058749792122840881e+04,-6.975259999999999794e-01,-4.942770000000000219e-01,-1.000000000000000000e+00
3.087961702883243561e+04,-7.432849999999999735e-01,-5.538110000000000532e-01,-1.000000000000000000e+00
3.109635056173801422e+04,-7.722830000000000528e-01,-5.870149999999999535e-01,-1.000000000000000000e+00
3.118115934681892395e+04,-7.330780000000000074e-01,-5.249080000000000412e-01,-1.000000000000000000e+00
3.134135370635986328e+04,-7.742489999999999650e-01,-5.867229999999999945e-01,-1.000000000000000000e+00
3.143558569204807281e+04,-8.108020000000000227e-01,-6.450420000000000043e-01,-1.000000000000000000e+00
3.157065153002738953e+04,-8.096100000000000518e-01,-6.440690000000000026e-01,-1.000000000000000000e+00
3.199469547545909882e+04,-8.479550000000000143e-01,-7.132119999999999571e-01,-1.000000000000000000e+00
3.206379892957210541e+04,-8.442229999999999457e-01,-7.047290000000000498e-01,-1.000000000000000000e+00
3.215488986515998840e+04,-8.556979999999999587e-01,-7.284490000000000132e-01,-1.000000000000000000e+00
3.215488986515998840e+04,-8.688289999999999624e-01,-7.533130000000000104e-01,-1.000000000000000000e+00
3.215488986515998840e+04,-8.863410000000000455e-01,-7.829220000000000068e-01,-1.000000000000000000e+00
3.243130372166633606e+04,-8.440229999999999677e-01,-7.106639999999999624e-01,-1.000000000000000000e+00
3.272656398940086365e+04,-8.137619999999999854e-01,-6.611540000000000195e-01,-1.000000000000000000e+00
3.277996212255954742e+04,-8.395200000000000440e-01,-7.024890000000000301e-01,-1.000000000000000000e+00
3.283650131583213806e+04,-8.358560000000000434e-01,-7.006529999999999703e-01,-1.000000000000000000e+00
3.309720987141132355e+04,-8.597369999999999735e-01,-7.352600000000000247e-01,-1.000000000000000000e+00
3.358093420040607452e+04,-8.622360000000000024e-01,-7.417409999999999837e-01,-1.000000000000000000e+00
3.363433234357833862e+04,-8.941869999999999541e-01,-8.001819999999999489e-01,-1.000000000000000000e+00
3.373484648966789246e+04,-8.856169999999999876e-01,-7.861590000000000522e-01,-1.000000000000000000e+00
3.376311610138416290e+04,-8.834359999999999991e-01,-7.830089999999999550e-01,-1.000000000000000000e+00
3.381651424455642700e+04,-8.488750000000000462e-01,-7.273680000000000145e-01,-1.000000000000000000e+00
3.386363025736808777e+04,-8.486339999999999995e-01,-7.270750000000000268e-01,-1.000000000000000000e+00
3.391074627006053925e+04,-8.366980000000000528e-01,-7.031439999999999912e-01,-1.000000000000000000e+00
3.419030127692222595e+04,-7.671569999999999778e-01,-6.004479999999999817e-01,-1.000000000000000000e+00
3.423427621948719025e+04,-7.519799999999999818e-01,-5.816559999999999508e-01,-1.000000000000000000e+00
3.425312262058258057e+04,-6.437070000000000292e-01,-4.455339999999999856e-01,-1.000000000000000000e+00
3.427196902179718018e+04,-6.520200000000000440e-01,-4.538900000000000157e-01,-1.000000000000000000e+00
3.439761173939704895e+04,-6.040100000000000469e-01,-3.904900000000000038e-01,-1.000000000000000000e+00
3.447299736392498016e+04,-6.505980000000000096e-01,-4.518010000000000081e-01,-1.000000000000000000e+00
3.452011337673664093e+04,-5.728410000000000446e-01,-3.791140000000000065e-01,-1.000000000000000000e+00
3.455152404856681824e+04,-4.503400000000000181e-01,-2.447620000000000073e-01,-1.000000000000000000e+00
3.462376860284805298e+04,-3.218980000000000175e-01,1.449809999999999988e-01,-7.192300000000000360e-01
3.503210741722583771e+04,-3.804250000000000131e-01,-1.944059999999999955e-01,-1.000000000000000000e+00
3.505409489858150482e+04,-3.425830000000000264e-01,2.916099999999999942e-02,-6.992819999999999592e-01
3.519230187690258026e+04,-4.471450000000000147e-01,-1.218069999999999986e-01,-8.389889999999999848e-01
3.531794461452960968e+04,-3.148070000000000035e-01,8.698500000000000676e-02,-6.326530000000000209e-01
3.532736782515048981e+04,-4.047229999999999994e-01,-2.410699999999999996e-02,-7.822339999999999849e-01
3.569801384723186493e+04,-5.075840000000000352e-01,-3.407709999999999906e-01,-1.000000000000000000e+00
3.597442785370349884e+04,-5.374299999999999633e-01,-3.546159999999999868e-01,-1.000000000000000000e+00
3.602782601690292358e+04,-5.324680000000000524e-01,-3.544240000000000168e-01,-1.000000000000000000e+00
3.608122418010234833e+04,-4.905249999999999888e-01,-3.270419999999999994e-01,-1.000000000000000000e+00
3.620686690771579742e+04,-4.098180000000000156e-01,-1.123099999999999966e-02,-7.666849999999999499e-01
3.639847209918498993e+04,-3.216559999999999975e-01,9.299200000000000521e-02,-6.787100000000000355e-01
3.642045958054065704e+04,-3.634560000000000013e-01,4.684200000000000169e-02,-7.455230000000000468e-01
3.644872918212413788e+04,-3.845970000000000222e-01,-2.042450000000000099e-01,-1.000000000000000000e+00
3.664347543370723724e+04,-2.803689999999999793e-01,1.707390000000000019e-01,-6.319169999999999510e-01
3.667174505543708801e+04,-2.455120000000000080e-01,1.853140000000000065e-01,-5.852159999999999584e-01
3.689790199899673462e+04,-2.455120000000000080e-01,1.853140000000000065e-01,-5.852159999999999584e-01
3.690418414950370789e+04,-1.831849999999999867e-01,2.652289999999999925e-01,-5.400380000000000180e-01
3.697328764355182648e+04,-5.972600000000000131e-02,3.039870000000000072e-01,-3.873699999999999921e-01
3.697328764355182648e+04,-1.179189999999999960e-01,3.004629999999999801e-01,-4.430549999999999766e-01
3.726854811120033264e+04,-1.317339999999999900e-01,3.004629999999999801e-01,-4.471840000000000259e-01
3.733136950492858887e+04,-2.453130000000000033e-01,1.557179999999999953e-01,-5.987029999999999852e-01
3.746643546319007874e+04,-4.328679999999999750e-01,-2.436089999999999922e-01,-1.000000000000000000e+00
3.759521930086612701e+04,-3.234150000000000080e-01,8.734899999999999609e-02,-6.664179999999999549e-01
3.760464249122142792e+04,-4.325100000000000056e-01,-6.362800000000000400e-02,-7.905020000000000380e-01
3.763919425344467163e+04,-4.394190000000000040e-01,-2.720859999999999945e-01,-1.000000000000000000e+00
3.781509412395954132e+04,-4.394190000000000040e-01,-2.720859999999999945e-01,-1.000000000000000000e+00
3.800984040558338165e+04,-3.798340000000000050e-01,3.701999999999999996e-03,-7.720179999999999820e-01
3.818259920597076416e+04,-3.190419999999999923e-01,8.740199999999999358e-02,-6.456279999999999797e-01
3.829567772281169891e+04,-2.259450000000000069e-01,1.557179999999999953e-01,-5.873660000000000547e-01
3.830824197340011597e+04,-2.259450000000000069e-01,1.557179999999999953e-01,-5.873660000000000547e-01
3.835849909651279449e+04,-3.167590000000000128e-01,8.734899999999999609e-02,-6.350970000000000226e-01
3.860350249111652374e+04,-3.361589999999999856e-01,8.756400000000000294e-02,-6.515659999999999785e-01
3.860978463149070740e+04,-3.313980000000000259e-01,8.756400000000000294e-02,-6.450780000000000403e-01
3.900870045542716980e+04,-2.228519999999999945e-01,1.780279999999999918e-01,-5.500939999999999719e-01
3.904639330768585205e+04,-1.014530000000000015e-01,2.584859999999999935e-01,-4.469500000000000139e-01
3.908094504976272583e+04,-2.909959999999999769e-01,1.364539999999999920e-01,-6.530989999999999851e-01
3.941389843976497650e+04,-2.794690000000000230e-01,1.548410000000000064e-01,-6.385150000000000547e-01
3.943902699112892151e+04,-1.317699999999999982e-01,2.963040000000000118e-01,-4.470500000000000029e-01
3.956781085884571075e+04,-1.074849999999999972e-01,3.161800000000000166e-01,-4.478139999999999898e-01
3.961806796181201935e+04,-3.251879999999999771e-01,1.364539999999999920e-01,-6.874069999999999903e-01
3.970601791715621948e+04,-3.388209999999999833e-01,-1.431620000000000115e-01,-9.999980000000000535e-01
3.982537856423854828e+04,-4.315430000000000099e-01,-2.332249999999999879e-01,-1.000000000000000000e+00
3.983480178487300873e+04,-4.527030000000000221e-01,-2.489530000000000076e-01,-1.000000000000000000e+00
3.996044457232952118e+04,-5.270970000000000377e-01,-3.353659999999999974e-01,-1.000000000000000000e+00
4.002012489581108093e+04,-5.031710000000000349e-01,-3.090979999999999839e-01,-1.000000000000000000e+00
4.004525346744060516e+04,-5.495299999999999629e-01,-3.581779999999999964e-01,-1.000000000000000000e+00
4.012063913190364838e+04,-4.646069999999999922e-01,-2.561669999999999781e-01,-1.000000000000000000e+00
4.023371765887737274e+04,-4.633639999999999981e-01,-2.572360000000000202e-01,-1.000000000000000000e+00
4.028397477173805237e+04,-4.996050000000000213e-01,-3.039819999999999744e-01,-1.000000000000000000e+00
4.034679617547988892e+04,-4.996050000000000213e-01,-3.017529999999999935e-01,-1.000000000000000000e+00
4.055724787807464600e+04,-4.427280000000000104e-01,-2.661479999999999957e-01,-1.000000000000000000e+00
4.078968705201148987e+04,-3.185180000000000233e-01,1.147549999999999959e-01,-6.640639999999999876e-01
4.080225133275985718e+04,-3.521299999999999986e-01,4.609200000000000103e-02,-7.527359999999999607e-01
4.097815126323699951e+04,-2.846629999999999994e-01,1.363969999999999905e-01,-6.092849999999999655e-01
4.131110470318794250e+04,-4.090820000000000012e-01,-8.210999999999999549e-03,-7.673480000000000301e-01
4.139277253806591034e+04,-3.249360000000000026e-01,9.299200000000000521e-02,-6.780500000000000416e-01
4.146187606215476990e+04,-5.687109999999999665e-01,-3.704990000000000228e-01,-1.000000000000000000e+00
4.153726177692413330e+04,-6.649070000000000258e-01,-4.797409999999999730e-01,-1.000000000000000000e+00
4.170687956690788269e+04,-7.441499999999999782e-01,-5.869579999999999798e-01,-1.000000000000000000e+00
4.182938131427764893e+04,-8.296970000000000178e-01,-6.926099999999999479e-01,-1.000000000000000000e+00
4.200214018464088440e+04,-8.681429999999999980e-01,-7.486380000000000257e-01,-1.000000000000000000e+00
4.212778302216529846e+04,-8.733239999999999892e-01,-7.573910000000000364e-01,-1.000000000000000000e+00
4.220945085716247559e+04,-8.773689999999999545e-01,-7.723700000000000010e-01,-1.000000000000000000e+00
4.223772047865390778e+04,-8.836340000000000305e-01,-7.822480000000000544e-01,-1.000000000000000000e+00
4.225028475940227509e+04,-8.957990000000000119e-01,-8.035179999999999545e-01,-1.000000000000000000e+00
4.238849187779426575e+04,-8.939460000000000184e-01,-8.013099999999999667e-01,-1.000000000000000000e+00
4.243874899065494537e+04,-8.964079999999999826e-01,-8.043040000000000189e-01,-1.000000000000000000e+00
4.261150787103176117e+04,-8.848310000000000342e-01,-7.843189999999999884e-01,-1.000000000000000000e+00
4.266490609431266785e+04,-8.464429999999999454e-01,-7.203950000000000076e-01,-1.000000000000000000e+00
4.270888107693195343e+04,-8.478350000000000053e-01,-7.260510000000000019e-01,-1.000000000000000000e+00
4.281253640294075012e+04,-8.448229999999999906e-01,-7.160649999999999515e-01,-1.000000000000000000e+00
4.319574703598022461e+04,-7.489789999999999504e-01,-5.949560000000000404e-01,-1.000000000000000000e+00
4.321459347724914551e+04,-7.662539999999999907e-01,-6.052030000000000465e-01,-1.000000000000000000e+00
4.345017377126216888e+04,-6.818070000000000519e-01,-4.926220000000000043e-01,-1.000000000000000000e+00
4.362921483206748962e+04,-8.365709999999999535e-01,-7.026369999999999560e-01,-1.000000000000000000e+00
4.397473263263702393e+04,-8.367630000000000345e-01,-7.030330000000000190e-01,-1.000000000000000000e+00
4.418518439519405365e+04,-8.671649999999999636e-01,-7.476169999999999760e-01,-1.000000000000000000e+00
4.436736652612686157e+04,-8.572520000000000140e-01,-7.336369999999999836e-01,-1.000000000000000000e+00
4.457781827867031097e+04,-8.544920000000000293e-01,-7.311520000000000241e-01,-1.000000000000000000e+00
4.496417005181312561e+04,-8.673440000000000039e-01,-7.546819999999999640e-01,-1.000000000000000000e+00
4.501756826519966125e+04,-8.339269999999999738e-01,-6.977670000000000261e-01,-1.000000000000000000e+00
4.504583790683746338e+04,-7.973829999999999529e-01,-6.424360000000000070e-01,-1.000000000000000000e+00
4.509609505987167358e+04,-7.973829999999999529e-01,-6.424360000000000070e-01,-1.000000000000000000e+00
4.518404504501819611e+04,-8.324610000000000065e-01,-6.903500000000000192e-01,-1.000000000000000000e+00
4.526571290004253387e+04,-8.323760000000000048e-01,-6.923230000000000217e-01,-1.000000000000000000e+00
4.529084148156642914e+04,-7.895499999999999741e-01,-6.323180000000000467e-01,-1.000000000000000000e+00
4.533481647408008575e+04,-7.302830000000000155e-01,-5.397800000000000376e-01,-1.000000000000000000e+00
4.550757539439201355e+04,-7.774109999999999632e-01,-6.196660000000000501e-01,-1.000000000000000000e+00
4.553898612642288208e+04,-6.159019999999999495e-01,-4.099070000000000213e-01,-1.000000000000000000e+00
4.619547006571292877e+04,-5.242989999999999595e-01,-3.092730000000000201e-01,-1.000000000000000000e+00
4.631483080291748047e+04,-3.892180000000000084e-01,-1.640530000000000044e-01,-1.000000000000000000e+00
4.644361472058296204e+04,-2.083009999999999862e-01,2.723349999999999937e-01,-5.873509999999999565e-01
4.652842364549636841e+04,-1.470920000000000005e-01,2.997319999999999984e-01,-5.090510000000000312e-01
4.656925760805606842e+04,-2.893959999999999866e-01,-8.069700000000000484e-02,-9.999980000000000535e-01
4.705612368714809418e+04,-2.527050000000000129e-01,2.112219999999999931e-01,-6.892139999999999933e-01
4.706868799805641174e+04,-1.927689999999999959e-01,2.322569999999999912e-01,-5.955749999999999655e-01
4.710952193033695221e+04,-8.955899999999999972e-02,3.610280000000000156e-01,-3.951529999999999765e-01
4.716920229399204254e+04,-1.108910000000000035e-01,3.204810000000000159e-01,-4.567869999999999986e-01
4.718490763485431671e+04,-2.128710000000000047e-01,2.723349999999999937e-01,-5.861769999999999481e-01
4.725715229928493500e+04,-4.587399999999999811e-02,4.466970000000000107e-01,-3.903550000000000075e-01
4.726029335927963257e+04,-2.083009999999999862e-01,2.723349999999999937e-01,-5.873509999999999565e-01
4.737337194609642029e+04,-1.842239999999999989e-01,3.077820000000000000e-01,-5.293339999999999712e-01
4.742991124951839447e+04,-1.898569999999999980e-01,2.493980000000000086e-01,-5.886879999999999891e-01
4.768433806467056274e+04,-3.271350000000000091e-01,-1.288539999999999963e-01,-9.999980000000000535e-01
4.775972379922866821e+04,-3.049250000000000016e-01,1.174130000000000035e-01,-7.307360000000000522e-01
4.785081487464904785e+04,-3.000169999999999781e-01,1.306769999999999876e-01,-7.205449999999999910e-01
4.786023809528350830e+04,2.965299999999999880e-02,3.763909999999999756e-01,-2.501390000000000002e-01
4.791991845893859863e+04,2.236899999999999999e-02,3.933099999999999929e-01,-2.394010000000000027e-01
4.836280961549282074e+04,1.194319999999999965e-01,4.502070000000000238e-01,-1.726189999999999947e-01
4.838793818688392639e+04,-8.835000000000000839e-03,4.024159999999999959e-01,-2.648300000000000098e-01
4.839736140751838684e+04,-9.154999999999999943e-03,3.423390000000000044e-01,-3.225939999999999919e-01
4.842563105916976929e+04,1.070440000000000003e-01,4.310789999999999900e-01,-1.421789999999999998e-01
4.853556856572628021e+04,5.889400000000000190e-02,3.670180000000000109e-01,-2.401290000000000091e-01
4.898788296282291412e+04,-7.132999999999999584e-03,3.680160000000000098e-01,-2.736910000000000176e-01
4.907583298814296722e+04,-5.071599999999999719e-02,3.350549999999999917e-01,-3.510220000000000007e-01
4.909782047927379608e+04,1.014800000000000077e-02,3.987999999999999878e-01,-3.006280000000000063e-01
4.913237227141857147e+04,1.030240000000000045e-01,4.775420000000000220e-01,-2.150690000000000102e-01
4.914179550206661224e+04,2.933799999999999950e-02,4.239319999999999755e-01,-3.372330000000000050e-01
4.916378300344944000e+04,-2.688799999999999871e-02,3.850259999999999794e-01,-3.732070000000000110e-01
4.925487408876419067e+04,7.817499999999999449e-02,5.232210000000000472e-01,-2.560040000000000093e-01
4.927686160016059875e+04,1.310599999999999959e-02,4.425270000000000037e-01,-3.189219999999999833e-01
4.938679913675785065e+04,-2.695000000000000173e-02,4.419930000000000248e-01,-3.553120000000000167e-01
4.948103128230571747e+04,-1.127340000000000009e-01,3.827530000000000099e-01,-4.695949999999999847e-01
4.971975278663635254e+04,-2.463059999999999972e-01,2.731020000000000114e-01,-6.428070000000000173e-01
4.981084390211105347e+04,-1.371610000000000051e-01,3.817679999999999962e-01,-5.959579999999999878e-01
4.982969033324718475e+04,-7.081800000000000594e-02,4.481399999999999828e-01,-3.977069999999999772e-01
