# Time,Median,Upper Error,Lower Error
0.000000000000000000e+00,-2.581319999999999726e-01,-4.970499999999999918e-02,-5.251270000000000104e-01
2.889722838401794434e+02,-1.863059999999999994e-01,2.577099999999999877e-02,-4.433849999999999736e-01
1.030248919248580933e+03,-1.112459999999999977e-01,1.146459999999999979e-01,-3.477779999999999760e-01
1.039671939671039581e+03,-5.086399999999999949e-02,1.812020000000000020e-01,-2.704480000000000217e-01
1.099350972592830658e+03,-9.375500000000000500e-02,8.536000000000000532e-02,-3.547950000000000270e-01
1.162171035587787628e+03,-1.335210000000000008e-01,4.184700000000000225e-02,-3.833539999999999726e-01
1.460566269874572754e+03,-1.721870000000000067e-01,-6.194999999999999986e-03,-4.183830000000000049e-01
1.485694301068782806e+03,-2.075899999999999967e-01,-4.656199999999999922e-02,-4.470399999999999929e-01
2.007100765943527222e+03,-2.425920000000000021e-01,-7.637700000000000045e-02,-4.639860000000000095e-01
2.161009883344173431e+03,-2.718990000000000018e-01,-1.077250000000000013e-01,-4.833180000000000254e-01
2.283509019136428833e+03,-3.049830000000000041e-01,-1.268700000000000105e-01,-4.967590000000000061e-01
2.585045313596725464e+03,-3.341189999999999993e-01,-1.955060000000000131e-01,-5.534360000000000390e-01
2.600750324308872223e+03,-3.577239999999999864e-01,-2.134979999999999933e-01,-5.604219999999999757e-01
2.814338554501533508e+03,-3.098190000000000111e-01,-1.519719999999999960e-01,-4.990539999999999976e-01
2.914850659310817719e+03,-2.646100000000000119e-01,-1.098429999999999962e-01,-4.577849999999999975e-01
3.210104993462562561e+03,-2.887359999999999927e-01,-1.402249999999999885e-01,-4.808810000000000029e-01
3.348309159994125366e+03,-2.887359999999999927e-01,-1.402249999999999885e-01,-4.808810000000000029e-01
3.753498649418354034e+03,-2.887359999999999927e-01,-1.402249999999999885e-01,-4.808810000000000029e-01
4.526185716331005096e+03,-3.536369999999999791e-01,-2.192999999999999949e-01,-5.506109999999999616e-01
4.962785377204418182e+03,-3.531050000000000022e-01,-1.969569999999999932e-01,-5.297739999999999672e-01
5.311436933875083923e+03,-2.828180000000000138e-01,-1.105700000000000016e-01,-4.498369999999999869e-01
5.411949108600616455e+03,-2.828180000000000138e-01,-1.105700000000000016e-01,-4.498369999999999869e-01
5.597268427431583405e+03,-3.482040000000000135e-01,-1.892900000000000138e-01,-5.171590000000000353e-01
5.638101469576358795e+03,-4.158100000000000129e-01,-2.531050000000000244e-01,-5.778900000000000148e-01
5.713485593140125275e+03,-4.158100000000000129e-01,-2.531050000000000244e-01,-5.778900000000000148e-01
6.143803383648395538e+03,-4.158220000000000249e-01,-2.631220000000000225e-01,-5.813169999999999726e-01
6.260020589232444763e+03,-4.147129999999999983e-01,-2.647240000000000149e-01,-5.812699999999999534e-01
6.329122712552547455e+03,-4.784550000000000192e-01,-3.391739999999999755e-01,-6.448399999999999688e-01
6.366814794301986694e+03,-4.784550000000000192e-01,-3.391739999999999755e-01,-6.448399999999999688e-01
6.426493907153606415e+03,-4.147129999999999983e-01,-2.647240000000000149e-01,-5.812699999999999534e-01
6.464185988903045654e+03,-4.147129999999999983e-01,-2.647240000000000149e-01,-5.812699999999999534e-01
6.473608999371528625e+03,-4.847540000000000182e-01,-3.389820000000000055e-01,-6.494879999999999542e-01
6.523865081846714020e+03,-4.883580000000000143e-01,-3.389820000000000055e-01,-6.480550000000000477e-01
6.555275143325328827e+03,-4.883580000000000143e-01,-3.389820000000000055e-01,-6.480550000000000477e-01
6.577262184381484985e+03,-5.550840000000000218e-01,-4.130770000000000275e-01,-7.093429999999999458e-01
6.611813246011734009e+03,-6.203610000000000513e-01,-5.082020000000000426e-01,-7.901460000000000150e-01
6.706043430566787720e+03,-5.523599999999999621e-01,-3.949079999999999813e-01,-6.933169999999999611e-01
6.859952757835388184e+03,-4.881989999999999941e-01,-3.389820000000000055e-01,-6.500270000000000215e-01
7.164630352437496185e+03,-4.881989999999999941e-01,-3.389820000000000055e-01,-6.500270000000000215e-01
7.174053362905979156e+03,-4.214589999999999725e-01,-2.626609999999999778e-01,-5.852579999999999449e-01
7.472448967218399048e+03,-3.567379999999999995e-01,-1.967689999999999995e-01,-5.298850000000000504e-01
7.739434539914131165e+03,-3.567379999999999995e-01,-1.967689999999999995e-01,-5.298850000000000504e-01
7.742575550079345703e+03,-3.518009999999999748e-01,-1.858499999999999874e-01,-5.152900000000000258e-01
7.940458969533443451e+03,-3.537330000000000196e-01,-1.957810000000000106e-01,-5.269399999999999640e-01
8.062958255350589752e+03,-3.537330000000000196e-01,-1.957810000000000106e-01,-5.269399999999999640e-01
8.141483409106731415e+03,-4.212989999999999791e-01,-2.554830000000000156e-01,-5.782310000000000505e-01
8.245136654078960419e+03,-4.860900000000000221e-01,-3.295230000000000103e-01,-6.420839999999999881e-01
8.370776940047740936e+03,-4.860900000000000221e-01,-3.295230000000000103e-01,-6.420839999999999881e-01
8.461866124451160431e+03,-5.502869999999999706e-01,-4.193410000000000193e-01,-7.151359999999999939e-01
8.731992737352848053e+03,-4.858750000000000013e-01,-3.306780000000000275e-01,-6.405049999999999910e-01
8.961286258339881897e+03,-4.858750000000000013e-01,-3.306780000000000275e-01,-6.405049999999999910e-01
8.992696339786052704e+03,-4.830740000000000034e-01,-3.354110000000000147e-01,-6.437979999999999814e-01
9.401027309298515320e+03,-4.830740000000000034e-01,-3.354110000000000147e-01,-6.437979999999999814e-01
9.488975523531436920e+03,-4.830740000000000034e-01,-3.354110000000000147e-01,-6.437979999999999814e-01
9.492116513729095459e+03,-4.882059999999999733e-01,-3.376930000000000209e-01,-6.481170000000000542e-01
9.532949635565280914e+03,-4.217910000000000270e-01,-2.628210000000000268e-01,-5.850379999999999470e-01
9.598910778820514679e+03,-3.587529999999999886e-01,-1.967689999999999995e-01,-5.298429999999999529e-01
9.680576972723007202e+03,-3.587529999999999886e-01,-1.967689999999999995e-01,-5.298429999999999529e-01
9.718269074499607086e+03,-3.573450000000000237e-01,-1.964909999999999990e-01,-5.291749999999999510e-01
9.975831716716289520e+03,-3.583000000000000074e-01,-2.069149999999999878e-01,-5.408589999999999787e-01
1.017057417619228363e+04,-3.583000000000000074e-01,-2.069149999999999878e-01,-5.408589999999999787e-01
1.018313821673393250e+04,-4.239919999999999800e-01,-2.862520000000000064e-01,-6.097709999999999519e-01
1.036217566525936127e+04,-3.583000000000000074e-01,-2.069149999999999878e-01,-5.408589999999999787e-01
1.053493111348152161e+04,-2.946540000000000270e-01,-1.576529999999999876e-01,-5.014889999999999626e-01
1.083018583768606186e+04,-3.612679999999999780e-01,-2.252109999999999945e-01,-5.593920000000000003e-01
1.097153122437000275e+04,-3.602580000000000227e-01,-2.248670000000000113e-01,-5.598720000000000363e-01
1.117883776420354843e+04,-3.606750000000000234e-01,-2.217300000000000104e-01,-5.564160000000000217e-01
1.170338614934682846e+04,-3.597659999999999747e-01,-2.159770000000000023e-01,-5.500909999999999966e-01
1.170966816961765289e+04,-4.274959999999999871e-01,-2.866349999999999731e-01,-6.106350000000000389e-01
1.183844951575994492e+04,-4.254589999999999761e-01,-2.862520000000000064e-01,-6.100119999999999987e-01
1.197037185215950012e+04,-4.254589999999999761e-01,-2.862520000000000064e-01,-6.100119999999999987e-01
1.235671591061353683e+04,-4.898239999999999816e-01,-3.390710000000000113e-01,-6.513740000000000085e-01
1.238498498195409775e+04,-5.549530000000000296e-01,-4.253770000000000051e-01,-7.275089999999999613e-01
1.262056062322854996e+04,-4.898239999999999816e-01,-3.390710000000000113e-01,-6.513740000000000085e-01
1.288126434564590454e+04,-4.919499999999999984e-01,-3.587549999999999906e-01,-6.723299999999999832e-01
1.290953341698646545e+04,-4.260289999999999910e-01,-2.873499999999999943e-01,-6.112149999999999528e-01
1.308542992538213730e+04,-3.579809999999999937e-01,-2.200570000000000026e-01,-5.508509999999999796e-01
1.314825009840726852e+04,-3.579809999999999937e-01,-2.200570000000000026e-01,-5.508509999999999796e-01
1.325818539369106293e+04,-3.612440000000000095e-01,-2.204689999999999983e-01,-5.512390000000000345e-01
1.328017247462272644e+04,-2.946360000000000090e-01,-1.536720000000000030e-01,-4.956079999999999930e-01
1.340267181056737900e+04,-2.946360000000000090e-01,-1.536720000000000030e-01,-4.956079999999999930e-01
1.428215433257818222e+04,-3.612440000000000095e-01,-2.204689999999999983e-01,-5.512390000000000345e-01
1.519304696619510651e+04,-3.636300000000000088e-01,-2.222169999999999979e-01,-5.508750000000000036e-01
1.564221130752563477e+04,-2.986320000000000086e-01,-1.571960000000000024e-01,-4.962099999999999844e-01
1.588721002930402756e+04,-2.986320000000000086e-01,-1.571960000000000024e-01,-4.962099999999999844e-01
1.604111949664354324e+04,-2.317099999999999993e-01,-8.117599999999999816e-02,-4.273890000000000189e-01
1.665675733608007431e+04,-2.268199999999999938e-01,-7.783700000000000341e-02,-4.269649999999999834e-01
1.669444945788383484e+04,-2.268199999999999938e-01,-7.783700000000000341e-02,-4.269649999999999834e-01
1.676041066104173660e+04,-2.275899999999999868e-01,-7.227000000000000091e-02,-4.207330000000000236e-01
1.707451162600517273e+04,-1.626209999999999878e-01,-1.290099999999999927e-02,-3.669649999999999856e-01
1.756450911939144135e+04,-1.605119999999999880e-01,2.829999999999999942e-04,-3.544869999999999965e-01
1.781578988146781921e+04,-1.626799999999999913e-01,-9.469999999999999252e-03,-3.636220000000000008e-01
1.785348200321197510e+04,-9.707300000000000650e-02,6.497100000000000097e-02,-2.952170000000000072e-01
1.819271103954315186e+04,-9.707300000000000650e-02,6.497100000000000097e-02,-2.952170000000000072e-01
1.831835143548250198e+04,-9.707300000000000650e-02,6.497100000000000097e-02,-2.952170000000000072e-01
1.846597889256477356e+04,-1.640729999999999966e-01,-9.003000000000000586e-03,-3.636220000000000008e-01
1.894027137511968613e+04,-1.640729999999999966e-01,-9.003000000000000586e-03,-3.636220000000000008e-01
1.935488466501235962e+04,-2.257649999999999935e-01,-6.449000000000000565e-02,-4.127959999999999963e-01
1.948366609114408493e+04,-2.268650000000000111e-01,-6.877999999999999392e-02,-4.153229999999999977e-01
1.955590930467844009e+04,-2.257649999999999935e-01,-6.449000000000000565e-02,-4.127959999999999963e-01
1.964699859893321991e+04,-2.272369999999999945e-01,-6.889099999999999391e-02,-4.160570000000000102e-01
1.978520302557945251e+04,-2.923970000000000180e-01,-1.261269999999999891e-01,-4.683800000000000185e-01
2.020609835571050644e+04,-2.283729999999999927e-01,-6.909500000000000364e-02,-4.191909999999999803e-01
2.027834158915281296e+04,-2.279120000000000035e-01,-6.480700000000000349e-02,-4.162049999999999916e-01
2.034116178220510483e+04,-2.268689999999999873e-01,-6.416800000000000281e-02,-4.151900000000000035e-01
2.041340501558780670e+04,-2.919209999999999861e-01,-1.562540000000000040e-01,-4.982710000000000194e-01
2.078404419338703156e+04,-2.929160000000000097e-01,-1.358840000000000048e-01,-4.801469999999999905e-01
2.082801833540201187e+04,-2.974350000000000049e-01,-1.554310000000000136e-01,-4.979910000000000170e-01
2.086885146737098694e+04,-2.974350000000000049e-01,-1.554310000000000136e-01,-4.979910000000000170e-01
2.108244014757871628e+04,-2.947359999999999980e-01,-1.564820000000000100e-01,-4.980999999999999872e-01
2.121750357401371002e+04,-2.919209999999999861e-01,-1.562540000000000040e-01,-4.982710000000000194e-01
2.122378559428453445e+04,-3.584780000000000189e-01,-2.183769999999999878e-01,-5.507379999999999498e-01
2.130545185822248459e+04,-3.584780000000000189e-01,-2.183769999999999878e-01,-5.507379999999999498e-01
2.134314396011829376e+04,-3.570929999999999938e-01,-2.184329999999999883e-01,-5.506109999999999616e-01
2.174205224913358688e+04,-3.551190000000000180e-01,-2.183769999999999878e-01,-5.510260000000000158e-01
2.244877952289581299e+04,-4.224570000000000269e-01,-2.862520000000000064e-01,-6.108050000000000423e-01
2.253358680689334869e+04,-4.224570000000000269e-01,-2.862520000000000064e-01,-6.108050000000000423e-01
2.267179126346111298e+04,-4.891809999999999770e-01,-3.390710000000000113e-01,-6.518730000000000357e-01
2.328114722269773483e+04,-4.891809999999999770e-01,-3.390710000000000113e-01,-6.518730000000000357e-01
2.350101794314384460e+04,-5.537640000000000340e-01,-4.123620000000000063e-01,-7.143059999999999965e-01
2.395332340478897095e+04,-6.178240000000000398e-01,-4.959279999999999800e-01,-7.824529999999999541e-01
2.404441268920898438e+04,-6.872979999999999645e-01,-5.750450000000000284e-01,-8.387940000000000396e-01
2.481081919574737549e+04,-6.872979999999999645e-01,-5.750450000000000284e-01,-8.387940000000000396e-01
2.484222930723428726e+04,-6.195659999999999501e-01,-5.092940000000000245e-01,-7.967340000000000533e-01
2.521915053522586823e+04,-6.876729999999999787e-01,-5.725050000000000416e-01,-8.365500000000000158e-01
2.525370164692401886e+04,-6.203440000000000065e-01,-5.059679999999999733e-01,-7.933449999999999669e-01
2.526312467741966248e+04,-6.928879999999999484e-01,-5.751560000000000006e-01,-8.369839999999999502e-01
2.545158530628681183e+04,-6.925489999999999702e-01,-5.751429999999999598e-01,-8.365150000000000086e-01
2.546729035711288452e+04,-6.923479999999999634e-01,-5.750450000000000284e-01,-8.359400000000000164e-01
2.548299539786577225e+04,-6.948720000000000452e-01,-5.784589999999999455e-01,-8.397160000000000180e-01
2.574998128062486649e+04,-6.948720000000000452e-01,-5.784589999999999455e-01,-8.397160000000000180e-01
2.593530087953805923e+04,-6.925489999999999702e-01,-5.751429999999999598e-01,-8.365150000000000086e-01
2.620856879258155823e+04,-6.241879999999999651e-01,-5.109350000000000280e-01,-7.963449999999999696e-01
2.675510460865497589e+04,-6.247650000000000148e-01,-5.108489999999999975e-01,-7.965069999999999650e-01
2.677709166967868805e+04,-6.869309999999999583e-01,-5.751429999999999598e-01,-8.386879999999999891e-01
2.698125733953714371e+04,-6.200870000000000548e-01,-5.102780000000000094e-01,-7.922259999999999858e-01
2.717914099889993668e+04,-6.203610000000000513e-01,-5.082020000000000426e-01,-7.901460000000000150e-01
2.718228199911117554e+04,-6.175019999999999953e-01,-5.107429999999999470e-01,-7.934330000000000549e-01
2.721683311080932617e+04,-6.175019999999999953e-01,-5.107429999999999470e-01,-7.934330000000000549e-01
2.726394827300310135e+04,-6.817929999999999824e-01,-5.817620000000000013e-01,-8.381189999999999474e-01
2.729221737432479858e+04,-6.817929999999999824e-01,-5.817620000000000013e-01,-8.381189999999999474e-01
2.773509981554746628e+04,-6.170219999999999594e-01,-4.927599999999999758e-01,-7.725760000000000405e-01
2.814029017490148544e+04,-6.170219999999999594e-01,-4.927599999999999758e-01,-7.725760000000000405e-01
2.839785301715135574e+04,-5.562859999999999472e-01,-4.219769999999999910e-01,-7.204009999999999581e-01
2.845125019973516464e+04,-4.930599999999999983e-01,-3.419530000000000070e-01,-6.551259999999999861e-01
2.864285181897878647e+04,-4.321960000000000246e-01,-2.968310000000000115e-01,-6.217530000000000001e-01
2.873708215337991714e+04,-3.657320000000000015e-01,-2.262589999999999879e-01,-5.601909999999999945e-01
2.892240176230669022e+04,-3.030399999999999761e-01,-1.564820000000000100e-01,-4.985049999999999759e-01
2.922079776644706726e+04,-3.030399999999999761e-01,-1.564820000000000100e-01,-4.985049999999999759e-01
2.942496344631910324e+04,-3.048080000000000234e-01,-1.561180000000000068e-01,-4.984839999999999827e-01
2.969194933897256851e+04,-2.389439999999999897e-01,-8.961500000000000021e-02,-4.389520000000000088e-01
3.006258856678009033e+04,-2.389439999999999897e-01,-8.961500000000000021e-02,-4.389520000000000088e-01
3.015681888127326965e+04,-2.415549999999999919e-01,-8.833499999999999686e-02,-4.400299999999999767e-01
3.027303626680374146e+04,-2.389439999999999897e-01,-8.961500000000000021e-02,-4.389520000000000088e-01
3.064681651467084885e+04,-2.389439999999999897e-01,-8.961500000000000021e-02,-4.389520000000000088e-01
3.069393167692422867e+04,-2.389439999999999897e-01,-8.961500000000000021e-02,-4.389520000000000088e-01
3.074104682922363281e+04,-1.731939999999999868e-01,-1.361399999999999937e-02,-3.683520000000000127e-01
3.091066138726472855e+04,-2.389439999999999897e-01,-8.961500000000000021e-02,-4.389520000000000088e-01
3.108027596539258957e+04,-1.731939999999999868e-01,-1.361399999999999937e-02,-3.683520000000000127e-01
3.110540405654907227e+04,-1.072099999999999997e-01,4.213299999999999684e-02,-3.191749999999999865e-01
3.229270601332187653e+04,-1.065129999999999966e-01,7.086399999999999644e-02,-2.894430000000000058e-01
3.236180824673175812e+04,-1.014919999999999989e-01,6.171999999999999709e-02,-2.980450000000000044e-01
3.284238286960124969e+04,-1.014919999999999989e-01,6.171999999999999709e-02,-2.980450000000000044e-01
3.284552386981248856e+04,-1.014919999999999989e-01,6.171999999999999709e-02,-2.980450000000000044e-01
3.309994574189186096e+04,-1.674180000000000113e-01,-1.308299999999999914e-02,-3.705729999999999857e-01
3.319731706655025482e+04,-1.014919999999999989e-01,6.171999999999999709e-02,-2.980450000000000044e-01
3.353654619282484055e+04,-3.603100000000000053e-02,1.262429999999999941e-01,-2.382950000000000068e-01
3.389148037981987000e+04,-9.994400000000000506e-02,6.444900000000000628e-02,-2.954249999999999932e-01
3.402340283602476120e+04,-1.011110000000000064e-01,6.174600000000000227e-02,-2.948250000000000037e-01
3.406737696820497513e+04,-1.011110000000000064e-01,6.174600000000000227e-02,-2.948250000000000037e-01
3.407051798826456070e+04,-1.011110000000000064e-01,6.174600000000000227e-02,-2.948250000000000037e-01
3.423699154621362686e+04,-9.962899999999999534e-02,6.204199999999999993e-02,-2.954249999999999932e-01
3.430295277935266495e+04,-1.650129999999999930e-01,-1.382599999999999975e-02,-3.689700000000000202e-01
3.434378591132164001e+04,-2.301590000000000025e-01,-8.692099999999999826e-02,-4.368799999999999906e-01
3.435949095213413239e+04,-2.291509999999999936e-01,-8.713100000000000012e-02,-4.366419999999999746e-01
3.436891398262977600e+04,-2.301590000000000025e-01,-8.692099999999999826e-02,-4.368799999999999906e-01
3.477096333181858063e+04,-2.301590000000000025e-01,-8.692099999999999826e-02,-4.368799999999999906e-01
3.493429589956998825e+04,-2.880590000000000095e-01,-1.244870000000000004e-01,-4.683800000000000185e-01
3.499711610257625580e+04,-3.531050000000000022e-01,-1.969569999999999932e-01,-5.297739999999999672e-01
3.508820539700984955e+04,-4.178810000000000024e-01,-2.625790000000000068e-01,-5.852850000000000552e-01
3.511647450828552246e+04,-4.822580000000000200e-01,-3.382609999999999784e-01,-6.494109999999999605e-01
3.514160257953405380e+04,-4.774479999999999835e-01,-3.356509999999999772e-01,-6.404459999999999598e-01
3.555307498914003372e+04,-4.799539999999999917e-01,-3.357589999999999741e-01,-6.482240000000000224e-01
3.607134173387289047e+04,-4.799539999999999917e-01,-3.357589999999999741e-01,-6.482240000000000224e-01
3.629121247440576553e+04,-4.826690000000000147e-01,-3.386759999999999771e-01,-6.494879999999999542e-01
3.632262257599830627e+04,-4.826690000000000147e-01,-3.386759999999999771e-01,-6.494879999999999542e-01
3.638858379912376404e+04,-4.826690000000000147e-01,-3.386759999999999771e-01,-6.494879999999999542e-01
3.639172481924295425e+04,-5.497220000000000439e-01,-4.108769999999999922e-01,-7.099429999999999907e-01
3.657076242774724960e+04,-6.153480000000000061e-01,-4.831840000000000024e-01,-7.671829999999999483e-01
3.677178708744049072e+04,-6.153480000000000061e-01,-4.831840000000000024e-01,-7.671829999999999483e-01
3.699165782791376114e+04,-6.160539999999999905e-01,-4.831840000000000024e-01,-7.676110000000000433e-01
3.709217017269134521e+04,-6.837109999999999577e-01,-5.750680000000000236e-01,-8.384920000000000151e-01
3.712043926405906677e+04,-6.160539999999999905e-01,-4.831840000000000024e-01,-7.676110000000000433e-01
3.741569425815343857e+04,-6.192360000000000086e-01,-4.836059999999999803e-01,-7.672160000000000091e-01
3.792767898267507553e+04,-6.206690000000000262e-01,-5.107429999999999470e-01,-7.963289999999999536e-01
3.806902447938919067e+04,-5.574879999999999836e-01,-4.329700000000000215e-01,-7.348940000000000472e-01
3.814440873295068741e+04,-4.914600000000000080e-01,-3.403579999999999939e-01,-6.551259999999999861e-01
3.840825361561775208e+04,-4.914600000000000080e-01,-3.403579999999999939e-01,-6.551259999999999861e-01
3.843338170677423477e+04,-5.574879999999999836e-01,-4.329700000000000215e-01,-7.348940000000000472e-01
3.864697041708230972e+04,-5.521040000000000392e-01,-4.130770000000000275e-01,-7.102289999999999992e-01
3.889196925872564316e+04,-4.892159999999999842e-01,-3.404159999999999964e-01,-6.519279999999999520e-01
3.928145457732677460e+04,-4.892159999999999842e-01,-3.404159999999999964e-01,-6.519279999999999520e-01
3.932228770929574966e+04,-4.879180000000000184e-01,-3.385199999999999876e-01,-6.518730000000000357e-01
3.944164612501859665e+04,-4.204370000000000052e-01,-2.863620000000000054e-01,-6.110409999999999453e-01
3.945735116577148438e+04,-4.221150000000000180e-01,-2.865739999999999954e-01,-6.106350000000000389e-01
3.992850275826454163e+04,-4.221150000000000180e-01,-2.865739999999999954e-01,-6.106350000000000389e-01
3.998818196111917496e+04,-3.532719999999999749e-01,-2.183769999999999878e-01,-5.511829999999999785e-01
4.076715259838104248e+04,-3.532719999999999749e-01,-2.183769999999999878e-01,-5.511829999999999785e-01
4.095561323738098145e+04,-4.204370000000000052e-01,-2.863620000000000054e-01,-6.110409999999999453e-01
4.125400926160812378e+04,-4.221150000000000180e-01,-2.865739999999999954e-01,-6.106350000000000389e-01
4.138593169796466827e+04,-4.221150000000000180e-01,-2.865739999999999954e-01,-6.106350000000000389e-01
4.175342995548248291e+04,-4.224570000000000269e-01,-2.862520000000000064e-01,-6.108050000000000423e-01
4.187907038146257401e+04,-3.488879999999999759e-01,-2.175759999999999916e-01,-5.511829999999999785e-01
4.191990352344512939e+04,-2.815289999999999737e-01,-1.383119999999999905e-01,-4.808810000000000029e-01
4.242246522742509842e+04,-3.498999999999999888e-01,-1.961970000000000103e-01,-5.298850000000000504e-01
4.248528543049097061e+04,-3.498999999999999888e-01,-1.961970000000000103e-01,-5.298850000000000504e-01
4.284336065751314163e+04,-2.839550000000000129e-01,-1.246400000000000008e-01,-4.683800000000000185e-01
4.337733246308565140e+04,-2.839550000000000129e-01,-1.246400000000000008e-01,-4.683800000000000185e-01
4.352495996016263962e+04,-2.839550000000000129e-01,-1.246400000000000008e-01,-4.683800000000000185e-01
4.404950874519348145e+04,-2.839550000000000129e-01,-1.246400000000000008e-01,-4.683800000000000185e-01
4.416258514064550400e+04,-2.197699999999999931e-01,-6.661599999999999466e-02,-4.127959999999999963e-01
4.428194354635477066e+04,-2.197699999999999931e-01,-6.661599999999999466e-02,-4.127959999999999963e-01
4.453322439837455750e+04,-2.163680000000000048e-01,-6.559600000000000153e-02,-4.127709999999999990e-01
4.462745471286773682e+04,-2.163680000000000048e-01,-6.559600000000000153e-02,-4.127709999999999990e-01
4.475309514886140823e+04,-2.815289999999999737e-01,-1.383119999999999905e-01,-4.808810000000000029e-01
4.477822324001789093e+04,-2.815289999999999737e-01,-1.383119999999999905e-01,-4.808810000000000029e-01
4.494783780819177628e+04,-2.170819999999999972e-01,-6.543000000000000205e-02,-4.123669999999999836e-01
4.540956638020277023e+04,-2.170819999999999972e-01,-6.543000000000000205e-02,-4.123669999999999836e-01
4.548495063382387161e+04,-2.819139999999999979e-01,-1.389960000000000084e-01,-4.808810000000000029e-01
4.550693772476911545e+04,-2.871429999999999816e-01,-1.390369999999999939e-01,-4.808810000000000029e-01
4.562629611063003540e+04,-2.871429999999999816e-01,-1.390369999999999939e-01,-4.808810000000000029e-01
4.572680845534801483e+04,-2.929069999999999729e-01,-1.538990000000000080e-01,-4.956079999999999930e-01
4.598437131768465042e+04,-2.955059999999999909e-01,-1.541140000000000010e-01,-4.956420000000000270e-01
4.638013867664337158e+04,-2.955059999999999909e-01,-1.541140000000000010e-01,-4.956420000000000270e-01
4.646494597065448761e+04,-2.280790000000000040e-01,-8.117599999999999816e-02,-4.278140000000000276e-01
4.653718922412395477e+04,-2.265739999999999976e-01,-8.117599999999999816e-02,-4.277070000000000038e-01
4.663141953855752945e+04,-1.585679999999999867e-01,-1.379900000000000050e-02,-3.688899999999999957e-01
4.746692837858200073e+04,-1.585679999999999867e-01,-1.379900000000000050e-02,-3.688899999999999957e-01
4.775276036220788956e+04,-1.585679999999999867e-01,-1.379900000000000050e-02,-3.688899999999999957e-01
4.777160641312599182e+04,-1.587530000000000052e-01,3.600000000000000091e-05,-3.581090000000000106e-01
4.777474743330478668e+04,-1.587530000000000052e-01,3.600000000000000091e-05,-3.581090000000000106e-01
4.794436200141906738e+04,-9.211400000000000143e-02,6.519600000000000395e-02,-2.952540000000000164e-01
4.801032323455810547e+04,-8.929499999999999937e-02,8.789700000000000291e-02,-2.753700000000000037e-01
4.816109173178672791e+04,-2.460499999999999840e-02,1.568779999999999897e-01,-2.089479999999999948e-01
4.869192255705595016e+04,-8.798999999999999877e-02,9.089899999999999369e-02,-2.729960000000000164e-01
4.887724218595027924e+04,-1.484979999999999911e-01,3.037799999999999875e-02,-3.318329999999999891e-01
5.133665357357263565e+04,-1.484979999999999911e-01,3.037799999999999875e-02,-3.318329999999999891e-01
5.335946450018882751e+04,-1.507489999999999941e-01,3.465300000000000324e-02,-3.318329999999999891e-01
5.344113077408075333e+04,-2.138869999999999938e-01,-4.574099999999999694e-02,-4.086199999999999832e-01
5.390600036633014679e+04,-2.138869999999999938e-01,-4.574099999999999694e-02,-4.086199999999999832e-01
5.407247393423318863e+04,-2.138869999999999938e-01,-4.574099999999999694e-02,-4.086199999999999832e-01
5.411330707621574402e+04,-1.459969999999999879e-01,3.760399999999999854e-02,-3.313039999999999874e-01
5.423266549193859100e+04,-2.153539999999999899e-01,-6.131000000000000338e-02,-4.237150000000000083e-01
5.438657501924037933e+04,-2.153539999999999899e-01,-6.131000000000000338e-02,-4.237150000000000083e-01
5.525977601099014282e+04,-2.853879999999999750e-01,-1.287210000000000021e-01,-4.814160000000000106e-01
5.536028834581375122e+04,-2.853879999999999750e-01,-1.287210000000000021e-01,-4.814160000000000106e-01
5.580317086696624756e+04,-2.880570000000000075e-01,-1.309279999999999888e-01,-4.845309999999999895e-01
5.726374086678028107e+04,-2.880570000000000075e-01,-1.309279999999999888e-01,-4.845309999999999895e-01
5.767207226628065109e+04,-2.871119999999999783e-01,-1.308870000000000033e-01,-4.850490000000000079e-01
5.805527557462453842e+04,-3.537529999999999841e-01,-2.050049999999999928e-01,-5.485149999999999748e-01
6.090731337094306946e+04,-2.871119999999999783e-01,-1.308870000000000033e-01,-4.850490000000000079e-01
6.093244146209955215e+04,-3.487500000000000044e-01,-2.050790000000000113e-01,-5.485149999999999748e-01
6.103609480708837509e+04,-2.815320000000000045e-01,-1.255449999999999899e-01,-4.800280000000000102e-01
6.377819723814725876e+04,-2.726799999999999780e-01,-1.307760000000000034e-01,-4.808589999999999809e-01
6.379704329901933670e+04,-2.743090000000000250e-01,-1.108259999999999940e-01,-4.606870000000000132e-01
6.404832418102025986e+04,-2.066969999999999918e-01,-3.710100000000000203e-02,-3.930529999999999857e-01
6.405774720150232315e+04,-2.750969999999999804e-01,-1.147880000000000011e-01,-4.643300000000000205e-01
6.452261680376529694e+04,-3.450130000000000141e-01,-2.079739999999999922e-01,-5.467250000000000165e-01
6.495921732455492020e+04,-4.135380000000000167e-01,-2.766770000000000063e-01,-6.062469999999999803e-01
6.500319145667552948e+04,-4.118459999999999899e-01,-2.760839999999999961e-01,-6.071100000000000385e-01
6.529216445046663284e+04,-4.822949999999999737e-01,-3.418419999999999792e-01,-6.608770000000000477e-01
6.539895882558822632e+04,-4.828259999999999774e-01,-3.418419999999999792e-01,-6.610179999999999945e-01
6.542408689683675766e+04,-4.828259999999999774e-01,-3.418419999999999792e-01,-6.610179999999999945e-01
6.545863802844285965e+04,-4.855909999999999949e-01,-3.552080000000000237e-01,-6.731070000000000109e-01
6.548376610970497131e+04,-4.883799999999999808e-01,-3.552080000000000237e-01,-6.712690000000000046e-01
6.552459926152229309e+04,-5.536140000000000505e-01,-4.318270000000000164e-01,-7.345239999999999547e-01
6.567222677862644196e+04,-5.543200000000000349e-01,-4.319000000000000061e-01,-7.347270000000000190e-01
6.569421383970975876e+04,-4.889709999999999890e-01,-3.346549999999999803e-01,-6.482240000000000224e-01
6.571934194082021713e+04,-4.889709999999999890e-01,-3.346549999999999803e-01,-6.482240000000000224e-01
6.590152053964138031e+04,-4.895079999999999987e-01,-3.344030000000000058e-01,-6.477060000000000040e-01
6.593607168120145798e+04,-4.198600000000000110e-01,-2.650620000000000198e-01,-5.880450000000000399e-01
6.597690482318401337e+04,-4.198600000000000110e-01,-2.650620000000000198e-01,-5.880450000000000399e-01
6.600831493467092514e+04,-4.239919999999999800e-01,-2.862520000000000064e-01,-6.097709999999999519e-01
6.607427614796161652e+04,-4.892159999999999842e-01,-3.404159999999999964e-01,-6.519279999999999520e-01
6.665536315566301346e+04,-4.892159999999999842e-01,-3.404159999999999964e-01,-6.519279999999999520e-01
6.671504236847162247e+04,-4.892159999999999842e-01,-3.404159999999999964e-01,-6.519279999999999520e-01
6.735266755896806717e+04,-4.239919999999999800e-01,-2.862520000000000064e-01,-6.097709999999999519e-01
6.741234676182270050e+04,-3.602580000000000227e-01,-2.248670000000000113e-01,-5.598720000000000363e-01
6.773901187747716904e+04,-3.623580000000000134e-01,-2.181680000000000008e-01,-5.510260000000000158e-01
6.820074047952890396e+04,-2.919209999999999861e-01,-1.562540000000000040e-01,-4.982710000000000194e-01
6.832009889525175095e+04,-2.929160000000000097e-01,-1.358840000000000048e-01,-4.801469999999999905e-01
6.867189210206270218e+04,-2.929160000000000097e-01,-1.358840000000000048e-01,-4.801469999999999905e-01
6.906451847076416016e+04,-3.661960000000000215e-01,-2.220409999999999884e-01,-5.512390000000000345e-01
6.906765947097539902e+04,-3.649720000000000186e-01,-2.230729999999999935e-01,-5.513850000000000140e-01
6.912419767355918884e+04,-3.671010000000000106e-01,-2.182959999999999900e-01,-5.510260000000000158e-01
6.913047969388961792e+04,-3.671010000000000106e-01,-2.182959999999999900e-01,-5.510260000000000158e-01
6.914304372459650040e+04,-4.341309999999999891e-01,-2.835529999999999995e-01,-6.080630000000000202e-01
6.919644090712070465e+04,-4.386399999999999744e-01,-2.833999999999999853e-01,-6.085679999999999978e-01
6.932836336338520050e+04,-3.713489999999999847e-01,-2.241259999999999919e-01,-5.563179999999999792e-01
6.951054199212789536e+04,-3.047579999999999734e-01,-1.574699999999999989e-01,-5.002969999999999917e-01
6.983406610763072968e+04,-3.042409999999999837e-01,-1.573410000000000086e-01,-5.002969999999999917e-01
6.986547621905803680e+04,-3.044129999999999892e-01,-1.565290000000000015e-01,-4.985069999999999779e-01
7.044970423704385757e+04,-2.393490000000000062e-01,-8.692099999999999826e-02,-4.371300000000000185e-01
7.061931881517171860e+04,-3.016849999999999810e-01,-1.570199999999999929e-01,-4.957400000000000140e-01
7.158989118146896362e+04,-3.016849999999999810e-01,-1.570199999999999929e-01,-4.957400000000000140e-01
7.167783947575092316e+04,-3.636300000000000088e-01,-2.222169999999999979e-01,-5.508750000000000036e-01
7.211443998658657074e+04,-3.669720000000000204e-01,-2.236609999999999987e-01,-5.563179999999999792e-01
7.260129667979478836e+04,-2.983790000000000053e-01,-1.533960000000000046e-01,-4.959620000000000140e-01
7.275520619726181030e+04,-2.983790000000000053e-01,-1.533960000000000046e-01,-4.959620000000000140e-01
7.317924267739057541e+04,-3.631369999999999876e-01,-2.222330000000000139e-01,-5.510260000000000158e-01
7.330802412354946136e+04,-3.631369999999999876e-01,-2.222330000000000139e-01,-5.510260000000000158e-01
7.353103588426113129e+04,-2.955059999999999909e-01,-1.541140000000000010e-01,-4.956420000000000270e-01
7.421263524681329727e+04,-3.625360000000000249e-01,-2.204689999999999983e-01,-5.513850000000000140e-01
7.425975038915872574e+04,-2.909129999999999772e-01,-1.374299999999999966e-01,-4.826059999999999794e-01
7.429744253093004227e+04,-2.888729999999999909e-01,-1.380629999999999913e-01,-4.826059999999999794e-01
7.478429922413825989e+04,-2.888729999999999909e-01,-1.380629999999999913e-01,-4.826059999999999794e-01
7.487852955859899521e+04,-2.918899999999999828e-01,-1.342129999999999990e-01,-4.827750000000000097e-01
7.498218290364742279e+04,-2.918899999999999828e-01,-1.342129999999999990e-01,-4.827750000000000097e-01
7.519263064360618591e+04,-3.594330000000000025e-01,-2.105470000000000119e-01,-5.482930000000000303e-01
7.545961655646562576e+04,-4.229709999999999859e-01,-2.820659999999999834e-01,-6.077150000000000052e-01
7.633281757825613022e+04,-3.562029999999999919e-01,-2.094779999999999975e-01,-5.434160000000000101e-01
7.728140288352966309e+04,-4.234930000000000083e-01,-2.816960000000000020e-01,-6.077150000000000052e-01
7.761749104952812195e+04,-4.935939999999999772e-01,-3.604559999999999986e-01,-6.758399999999999963e-01
7.806037357079982758e+04,-4.239649999999999808e-01,-2.815150000000000152e-01,-6.074810000000000487e-01
7.812633479392528534e+04,-3.564120000000000066e-01,-2.151299999999999879e-01,-5.499810000000000532e-01
7.850011510181427002e+04,-3.530619999999999870e-01,-2.123960000000000015e-01,-5.500720000000000054e-01
7.869799877130985260e+04,-4.175909999999999900e-01,-2.789269999999999805e-01,-6.070020000000000415e-01
7.871056282186508179e+04,-3.497640000000000193e-01,-2.103319999999999912e-01,-5.480829999999999869e-01
7.943927736663818359e+04,-3.542139999999999733e-01,-2.114099999999999868e-01,-5.493799999999999795e-01
7.944241836684942245e+04,-3.530619999999999870e-01,-2.123960000000000015e-01,-5.500720000000000054e-01
7.945498240745067596e+04,-4.196860000000000035e-01,-2.773349999999999982e-01,-6.067259999999999875e-01
8.061715646290779114e+04,-4.886309999999999820e-01,-3.552080000000000237e-01,-6.728610000000000424e-01
8.063286151367425919e+04,-4.889709999999999890e-01,-3.552080000000000237e-01,-6.728610000000000424e-01
8.076478395003080368e+04,-4.904789999999999983e-01,-3.596389999999999865e-01,-6.757429999999999826e-01
8.096266764944791794e+04,-5.568039999999999656e-01,-4.319000000000000061e-01,-7.334709999999999841e-01
8.099721877110004425e+04,-5.568039999999999656e-01,-4.319000000000000061e-01,-7.334709999999999841e-01
8.112285918718576431e+04,-4.904789999999999983e-01,-3.596389999999999865e-01,-6.757429999999999826e-01
8.129875579559803009e+04,-4.913259999999999850e-01,-3.596389999999999865e-01,-6.741740000000000510e-01
8.146208838337659836e+04,-4.191799999999999971e-01,-2.833309999999999995e-01,-6.109620000000000051e-01
8.152490861630439758e+04,-4.198299999999999810e-01,-2.832689999999999930e-01,-6.096449999999999925e-01
8.154375466728210449e+04,-4.224330000000000029e-01,-2.833309999999999995e-01,-6.106350000000000389e-01
8.168195915389060974e+04,-4.231240000000000001e-01,-2.832689999999999930e-01,-6.092410000000000325e-01
8.171336926531791687e+04,-4.231240000000000001e-01,-2.832689999999999930e-01,-6.092410000000000325e-01
8.203375237071514130e+04,-4.913259999999999850e-01,-3.590389999999999970e-01,-6.730310000000000459e-01
8.205259844160079956e+04,-4.893850000000000144e-01,-3.561280000000000001e-01,-6.730310000000000459e-01
8.241381469881534576e+04,-5.576710000000000278e-01,-4.320930000000000049e-01,-7.334709999999999841e-01
8.247663491189479828e+04,-4.913259999999999850e-01,-3.590389999999999970e-01,-6.730310000000000459e-01
8.259285232734680176e+04,-4.244999999999999885e-01,-2.833999999999999853e-01,-6.080630000000000202e-01
8.299804272675514221e+04,-4.204370000000000052e-01,-2.863620000000000054e-01,-6.110409999999999453e-01
8.305772192955017090e+04,-4.204370000000000052e-01,-2.863620000000000054e-01,-6.110409999999999453e-01
8.311740114241838455e+04,-3.532719999999999749e-01,-2.183769999999999878e-01,-5.511829999999999785e-01
8.312368316274881363e+04,-2.904789999999999872e-01,-1.543829999999999925e-01,-4.956630000000000202e-01
8.314567023378610611e+04,-3.551190000000000180e-01,-2.183769999999999878e-01,-5.510260000000000158e-01
8.315195226413011551e+04,-2.859940000000000260e-01,-1.398999999999999966e-01,-4.808810000000000029e-01
8.321791349720954895e+04,-2.887359999999999927e-01,-1.402249999999999885e-01,-4.808810000000000029e-01
8.362310389661788940e+04,-2.839550000000000129e-01,-1.246400000000000008e-01,-4.683800000000000185e-01
8.372361625146865845e+04,-3.449690000000000256e-01,-1.856849999999999890e-01,-5.133900000000000130e-01
8.394662800216674805e+04,-3.490960000000000174e-01,-2.182099999999999873e-01,-5.506109999999999616e-01
8.398117914378643036e+04,-3.532719999999999749e-01,-2.183769999999999878e-01,-5.511829999999999785e-01
8.416649879264831543e+04,-4.204370000000000052e-01,-2.863620000000000054e-01,-6.110409999999999453e-01
8.419476789397001266e+04,-4.198600000000000110e-01,-2.876830000000000220e-01,-6.089639999999999498e-01
8.479784199273586273e+04,-4.870889999999999942e-01,-3.396379999999999955e-01,-6.487420000000000408e-01
8.509623803699016571e+04,-4.198600000000000110e-01,-2.876830000000000220e-01,-6.089639999999999498e-01
8.514021217912435532e+04,-4.198600000000000110e-01,-2.876830000000000220e-01,-6.089639999999999498e-01
8.520931441241502762e+04,-4.198600000000000110e-01,-2.876830000000000220e-01,-6.089639999999999498e-01
8.525642957472801208e+04,-3.568109999999999893e-01,-2.076719999999999955e-01,-5.392080000000000206e-01
8.534437788897752762e+04,-3.536369999999999791e-01,-2.192999999999999949e-01,-5.506109999999999616e-01
8.538207002073526382e+04,-2.887359999999999927e-01,-1.402249999999999885e-01,-4.808810000000000029e-01
8.539777507144212723e+04,-3.536369999999999791e-01,-2.192999999999999949e-01,-5.506109999999999616e-01
8.573386325746774673e+04,-2.859940000000000260e-01,-1.398999999999999966e-01,-4.808810000000000029e-01
8.591290087610483170e+04,-3.551190000000000180e-01,-2.183769999999999878e-01,-5.510260000000000158e-01
8.591918289637565613e+04,-4.251289999999999791e-01,-2.862520000000000064e-01,-6.112149999999999528e-01
8.618616882914304733e+04,-3.570929999999999938e-01,-2.184329999999999883e-01,-5.506109999999999616e-01
8.639347553908824921e+04,-3.570929999999999938e-01,-2.184329999999999883e-01,-5.506109999999999616e-01
8.645001375174522400e+04,-2.904789999999999872e-01,-1.544399999999999940e-01,-4.966510000000000091e-01
8.670757663410902023e+04,-2.904789999999999872e-01,-1.544399999999999940e-01,-4.966510000000000091e-01
8.707193392145633698e+04,-2.945780000000000065e-01,-1.352939999999999976e-01,-4.801469999999999905e-01
8.735776590520143509e+04,-2.279120000000000035e-01,-6.480700000000000349e-02,-4.162049999999999916e-01
8.739859904712438583e+04,-2.947359999999999980e-01,-1.564820000000000100e-01,-4.980999999999999872e-01
8.761532881742715836e+04,-3.602520000000000167e-01,-2.192999999999999949e-01,-5.515999999999999792e-01
8.763731588846445084e+04,-3.635459999999999803e-01,-2.192999999999999949e-01,-5.515999999999999792e-01
8.769385408121347427e+04,-3.635459999999999803e-01,-2.192999999999999949e-01,-5.515999999999999792e-01
8.795141699349880219e+04,-4.306780000000000053e-01,-2.863620000000000054e-01,-6.106530000000000014e-01
8.797026304441690445e+04,-4.306780000000000053e-01,-2.863620000000000054e-01,-6.106530000000000014e-01
8.804878831815719604e+04,-4.306780000000000053e-01,-2.863620000000000054e-01,-6.106530000000000014e-01
8.824353099745512009e+04,-4.952619999999999800e-01,-3.607929999999999748e-01,-6.740310000000000468e-01
8.840686356532573700e+04,-4.952619999999999800e-01,-3.607929999999999748e-01,-6.740310000000000468e-01
8.884346410608291626e+04,-5.584170000000000522e-01,-4.334509999999999752e-01,-7.347270000000000190e-01
8.888429722815752029e+04,-4.929950000000000165e-01,-3.573560000000000070e-01,-6.712690000000000046e-01
8.889372027856111526e+04,-4.910809999999999897e-01,-3.396330000000000182e-01,-6.518119999999999470e-01
8.898480960285663605e+04,-4.898239999999999816e-01,-3.396379999999999955e-01,-6.518119999999999470e-01
8.903192474520206451e+04,-4.898239999999999816e-01,-3.396379999999999955e-01,-6.518119999999999470e-01
8.935544889056682587e+04,-4.898239999999999816e-01,-3.396379999999999955e-01,-6.518119999999999470e-01
9.030089319580793381e+04,-4.898239999999999816e-01,-3.396379999999999955e-01,-6.518119999999999470e-01
9.030717520612478256e+04,-4.914600000000000080e-01,-3.403579999999999939e-01,-6.551259999999999861e-01
9.038255947965383530e+04,-4.278859999999999886e-01,-2.833169999999999855e-01,-6.085679999999999978e-01
9.047050778394937515e+04,-4.278859999999999886e-01,-2.833169999999999855e-01,-6.085679999999999978e-01
9.052076395636796951e+04,-4.278859999999999886e-01,-2.833169999999999855e-01,-6.085679999999999978e-01
9.087883921343088150e+04,-3.623580000000000134e-01,-2.181680000000000008e-01,-5.510260000000000158e-01
9.096050549733638763e+04,-4.278859999999999886e-01,-2.833169999999999855e-01,-6.085679999999999978e-01
9.098877459871768951e+04,-3.606750000000000234e-01,-2.217300000000000104e-01,-5.564160000000000217e-01
9.099819761919975281e+04,-4.274609999999999799e-01,-2.955030000000000157e-01,-6.190890000000000004e-01
9.101390268987417221e+04,-3.583000000000000074e-01,-2.069149999999999878e-01,-5.408589999999999787e-01
9.119608131861686707e+04,-2.918760000000000243e-01,-1.367869999999999919e-01,-4.801469999999999905e-01
9.142537511956691742e+04,-3.573450000000000237e-01,-1.964909999999999990e-01,-5.291749999999999510e-01
9.172691217398643494e+04,-3.573450000000000237e-01,-1.964909999999999990e-01,-5.291749999999999510e-01
9.182114250844717026e+04,-3.553419999999999912e-01,-1.965520000000000045e-01,-5.298850000000000504e-01
9.184941159981489182e+04,-3.553419999999999912e-01,-1.965520000000000045e-01,-5.298850000000000504e-01
9.196248799526691437e+04,-3.519579999999999931e-01,-1.965520000000000045e-01,-5.298850000000000504e-01
9.197505204582214355e+04,-4.178810000000000024e-01,-2.625790000000000068e-01,-5.852850000000000552e-01
9.199703911685943604e+04,-3.963139999999999996e-01,-2.353010000000000101e-01,-5.679140000000000299e-01
9.256870311421155930e+04,-3.752730000000000232e-01,-2.092050000000000021e-01,-5.509460000000000468e-01
9.259697221559286118e+04,-3.539379999999999749e-01,-1.853080000000000005e-01,-5.331569999999999920e-01
9.291421432077884674e+04,-3.285919999999999952e-01,-1.633219999999999950e-01,-5.223330000000000473e-01
9.356440359187126160e+04,-3.029560000000000031e-01,-1.375869999999999871e-01,-5.067570000000000130e-01
9.358010866254568100e+04,-3.545650000000000190e-01,-1.807020000000000015e-01,-5.474700000000000122e-01
9.369318505793809891e+04,-3.272160000000000069e-01,-1.476310000000000122e-01,-5.264900000000000135e-01
9.373087717980146408e+04,-2.981880000000000086e-01,-1.243849999999999956e-01,-5.172039999999999971e-01
9.421773389303684235e+04,-2.659259999999999957e-01,-8.299499999999999933e-02,-4.891759999999999997e-01
9.422087489324808121e+04,-2.306950000000000112e-01,-5.256299999999999861e-02,-4.718519999999999937e-01
9.423972096407413483e+04,-2.943769999999999998e-01,-9.861399999999999333e-02,-5.199979999999999603e-01
9.450670690685510635e+04,-2.557289999999999841e-01,-5.858700000000000019e-02,-4.960359999999999769e-01
9.456638611966371536e+04,-2.075809999999999877e-01,-1.070300000000000071e-02,-4.607240000000000224e-01
9.502497372162342072e+04,-1.592699999999999949e-01,5.592500000000000249e-02,-4.118200000000000194e-01
9.535477987736463547e+04,-1.064350000000000018e-01,1.151780000000000026e-01,-3.690160000000000107e-01
