# Time,Median,Upper Error,Lower Error
0.000000000000000000e+00,-2.373119999999999952e-01,1.704489999999999894e-01,-1.000000000000000000e+00
3.141000199317932129e+01,-9.048899999999999999e-02,3.175490000000000257e-01,-1.000000000000000000e+00
8.166605496406555176e+01,2.672499999999999876e-02,9.999989999999999712e-01,-4.021600000000000175e-01
1.256400775909423828e+02,1.321839999999999959e-01,1.000000000000000000e+00,-2.669500000000000206e-01
1.413451083898544312e+02,2.290270000000000084e-01,1.000000000000000000e+00,-1.533090000000000008e-01
1.570501095056533813e+02,3.850640000000000174e-01,1.000000000000000000e+00,4.682000000000000051e-02
1.664731100797653198e+02,4.673120000000000052e-01,1.000000000000000000e+00,1.578710000000000113e-01
1.790371206998825073e+02,5.482409999999999783e-01,1.000000000000000000e+00,2.745779999999999887e-01
2.073061623573303223e+02,3.547319999999999918e-01,9.999980000000000535e-01,4.750499999999999862e-02
2.732672064304351807e+02,3.173639999999999795e-01,9.999989999999999712e-01,-3.028799999999999895e-02
3.298052698373794556e+02,3.973590000000000177e-01,1.000000000000000000e+00,8.216299999999999992e-02
4.114713147878646851e+02,4.480259999999999798e-01,1.000000000000000000e+00,1.019609999999999961e-01
4.428813565969467163e+02,5.066910000000000025e-01,1.000000000000000000e+00,1.782680000000000098e-01
4.491633670330047607e+02,4.039030000000000120e-01,9.999989999999999712e-01,1.634899999999999895e-02
4.585863875150680542e+02,4.565690000000000026e-01,1.000000000000000000e+00,9.038499999999999313e-02
4.617273777723312378e+02,4.147140000000000271e-01,9.999989999999999712e-01,2.138800000000000076e-02
4.711504081487655640e+02,6.350430000000000241e-01,1.000000000000000000e+00,3.137010000000000076e-01
4.899963995218276978e+02,3.768909999999999760e-01,1.000000000000000000e+00,-9.313599999999999657e-02
4.899963995218276978e+02,4.233290000000000108e-01,1.000000000000000000e+00,-1.089999999999999997e-02
4.962784396409988403e+02,6.233670000000000044e-01,1.000000000000000000e+00,3.003379999999999939e-01
5.025604400634765625e+02,6.607089999999999907e-01,1.000000000000000000e+00,3.448999999999999844e-01
5.214064412117004395e+02,6.548599999999999977e-01,1.000000000000000000e+00,3.325670000000000015e-01
5.245474613904953003e+02,6.531109999999999971e-01,1.000000000000000000e+00,3.368559999999999888e-01
5.371114821434020996e+02,3.456589999999999940e-01,1.000000000000000000e+00,-7.971799999999999720e-02
5.905085154771804810e+02,3.385059999999999736e-01,1.000000000000000000e+00,-8.067599999999999771e-02
5.967905455827713013e+02,3.116820000000000146e-01,1.000000000000000000e+00,-1.369430000000000092e-01
6.973026418685913086e+02,2.923049999999999815e-01,1.000000000000000000e+00,-1.576619999999999966e-01
7.255716735124588013e+02,5.669969999999999732e-01,1.000000000000000000e+00,2.149050000000000127e-01
8.103787984848022461e+02,6.408920000000000172e-01,1.000000000000000000e+00,3.507049999999999890e-01
8.386478302478790283e+02,6.328470000000000484e-01,1.000000000000000000e+00,3.465150000000000174e-01
9.203139650821685791e+02,3.668109999999999982e-01,1.000000000000000000e+00,-1.089999999999999997e-02
9.454419866800308228e+02,3.551710000000000145e-01,1.000000000000000000e+00,-1.157500000000000022e-02
1.033390151858329773e+03,6.138879999999999892e-01,1.000000000000000000e+00,3.291109999999999869e-01
1.042813152432441711e+03,6.247730000000000228e-01,1.000000000000000000e+00,3.243969999999999909e-01
1.077364214539527893e+03,6.187420000000000142e-01,1.000000000000000000e+00,3.147300000000000098e-01
1.077364214539527893e+03,6.396030000000000326e-01,1.000000000000000000e+00,3.409079999999999888e-01
1.102492255926132202e+03,6.190330000000000554e-01,1.000000000000000000e+00,3.100840000000000263e-01
1.115056266784667969e+03,5.390610000000000124e-01,1.000000000000000000e+00,1.999869999999999981e-01
1.165312359690666199e+03,1.989509999999999890e-01,1.000000000000000000e+00,-2.589369999999999727e-01
1.177876390457153320e+03,2.025710000000000011e-01,1.000000000000000000e+00,-2.478210000000000135e-01
1.224991473317146301e+03,4.891739999999999977e-01,9.999989999999999712e-01,1.137319999999999998e-01
1.287811597108840942e+03,4.575370000000000270e-01,9.999989999999999712e-01,8.111100000000000254e-02
1.287811597108840942e+03,4.623720000000000052e-01,1.000000000000000000e+00,9.453899999999999804e-02
1.290952607274055481e+03,4.131340000000000012e-01,1.000000000000000000e+00,1.604799999999999977e-02
1.300375617861747742e+03,4.204319999999999724e-01,1.000000000000000000e+00,9.827000000000000665e-03
1.312939648509025574e+03,5.257479999999999931e-01,1.000000000000000000e+00,2.027049999999999963e-01
1.316080668687820435e+03,2.704849999999999755e-01,1.000000000000000000e+00,-9.896900000000000142e-02
1.328644699454307556e+03,3.528169999999999917e-01,1.000000000000000000e+00,5.702100000000000224e-02
1.363195741653442383e+03,3.900930000000000231e-01,1.000000000000000000e+00,1.253890000000000005e-01
1.375759772419929504e+03,6.712949999999999751e-01,1.000000000000000000e+00,4.970510000000000206e-01
1.400887833833694458e+03,6.667450000000000321e-01,1.000000000000000000e+00,4.946010000000000129e-01
1.410310844540596008e+03,6.074420000000000375e-01,1.000000000000000000e+00,3.455670000000000130e-01
1.457425947308540344e+03,3.754640000000000200e-01,1.000000000000000000e+00,4.107800000000000340e-02
1.469989977955818176e+03,3.694430000000000214e-01,1.000000000000000000e+00,1.476500000000000035e-02
1.476271988391876221e+03,1.942909999999999915e-01,1.000000000000000000e+00,-2.771199999999999775e-01
1.485695028901100159e+03,2.763909999999999978e-01,1.000000000000000000e+00,-1.190530000000000060e-01
1.554797183036804199e+03,2.921159999999999868e-01,1.000000000000000000e+00,-7.674400000000000666e-02
1.583066244840621948e+03,3.769890000000000185e-01,9.999989999999999712e-01,4.755199999999999705e-02
1.667873469710350037e+03,6.151539999999999786e-01,1.000000000000000000e+00,3.546259999999999968e-01
1.667873469710350037e+03,6.454670000000000130e-01,1.000000000000000000e+00,3.673429999999999751e-01
1.686719520807266235e+03,6.428380000000000205e-01,1.000000000000000000e+00,3.475400000000000156e-01
1.696142531514167786e+03,3.776459999999999817e-01,1.000000000000000000e+00,-2.762999999999999831e-03
1.705565552234649658e+03,6.581110000000000015e-01,1.000000000000000000e+00,3.834839999999999915e-01
1.708706572294235229e+03,4.245140000000000025e-01,9.999989999999999712e-01,7.241599999999999426e-02
1.746398674488067627e+03,3.268360000000000154e-01,1.000000000000000000e+00,-4.667700000000000321e-02
1.752680674910545349e+03,5.513400000000000245e-02,9.999980000000000535e-01,-3.343639999999999946e-01
1.903449113965034485e+03,-8.712300000000000599e-02,2.769750000000000267e-01,-1.000000000000000000e+00
1.903449113965034485e+03,-5.404300000000000076e-02,2.965979999999999728e-01,-1.000000000000000000e+00
1.950564246654510498e+03,-5.831499999999999878e-02,2.937460000000000071e-01,-1.000000000000000000e+00
2.054217582821846008e+03,-6.632000000000000395e-02,3.060410000000000075e-01,-1.000000000000000000e+00
2.060499603152275085e+03,2.293590000000000073e-01,9.999989999999999712e-01,-1.815710000000000102e-01
2.063640603423118591e+03,2.282810000000000117e-01,9.999980000000000535e-01,-2.071929999999999883e-01
2.069922623753547668e+03,2.810289999999999733e-01,1.000000000000000000e+00,-1.532290000000000041e-01
2.104473735928535461e+03,3.696349999999999913e-01,9.999989999999999712e-01,-3.578800000000000037e-02
2.132742817640304565e+03,-3.285600000000000326e-02,3.540599999999999858e-01,-1.000000000000000000e+00
2.145306868314743042e+03,8.592900000000000538e-02,9.999970000000000248e-01,-3.126430000000000042e-01
2.151588888645172119e+03,9.371999999999999775e-02,9.999989999999999712e-01,-2.869019999999999904e-01
2.182999000549316406e+03,9.101499999999999868e-02,9.999970000000000248e-01,-2.980479999999999796e-01
2.198704041481018066e+03,3.673040000000000194e-01,9.999989999999999712e-01,-2.842400000000000135e-02
2.230114153385162354e+03,4.001049999999999884e-01,9.999989999999999712e-01,1.796599999999999933e-02
2.236396183729171753e+03,-3.728900000000000270e-02,3.527689999999999992e-01,-1.000000000000000000e+00
2.302357397794723511e+03,-2.777040000000000064e-01,1.143259999999999971e-01,-1.000000000000000000e+00
2.311780438303947449e+03,-2.243390000000000106e-01,1.689549999999999941e-01,-1.000000000000000000e+00
2.321203468918800354e+03,-8.432999999999999524e-03,6.937280000000000113e-01,-5.574010000000000353e-01
2.390305732965469360e+03,2.062080000000000024e-01,9.999980000000000535e-01,-1.518299999999999927e-01
2.406010784029960632e+03,4.216999999999999915e-02,6.679450000000000109e-01,-5.211130000000000484e-01
2.409151784062385559e+03,1.711129999999999873e-01,7.671000000000000041e-01,-2.269710000000000061e-01
2.459407987117767334e+03,3.894549999999999956e-01,1.000000000000000000e+00,1.489099999999999868e-01
2.471972037792205811e+03,1.230969999999999981e-01,7.399620000000000086e-01,-3.827429999999999999e-01
2.503382149815559387e+03,1.092100000000000015e-01,9.999679999999999680e-01,-2.400029999999999941e-01
2.528510251283645630e+03,1.639339999999999964e-01,9.999980000000000535e-01,-1.757410000000000083e-01
2.534792271733283997e+03,-1.626990000000000103e-01,1.056679999999999980e-01,-1.000000000000000000e+00
2.550497332572937012e+03,-1.450899999999999967e-01,1.208800000000000013e-01,-1.000000000000000000e+00
2.588189494848251343e+03,5.462000000000000188e-02,7.285800000000000054e-01,-5.105680000000000218e-01
2.613317576408386230e+03,1.283739999999999881e-01,7.802210000000000534e-01,-3.816820000000000213e-01
2.682419880390167236e+03,2.527179999999999982e-01,9.999989999999999712e-01,-5.770100000000000229e-02
2.688701900839805603e+03,2.475829999999999975e-01,9.999980000000000535e-01,-9.847300000000000497e-02
2.710688992142677307e+03,4.384879999999999889e-01,1.000000000000000000e+00,9.645199999999999607e-02
2.729535073280334473e+03,5.262700000000000156e-01,1.000000000000000000e+00,1.995889999999999886e-01
2.735817103743553162e+03,3.735029999999999739e-01,9.999989999999999712e-01,-1.059299999999999999e-02
2.782932306408882141e+03,3.285429999999999739e-01,9.999989999999999712e-01,-1.001920000000000033e-01
2.795496367216110229e+03,3.435509999999999953e-01,1.000000000000000000e+00,-1.014899999999999969e-01
2.814342448353767395e+03,6.468899999999999650e-02,1.000000000000000000e+00,-3.730959999999999832e-01
2.842611570000648499e+03,1.955099999999999894e-02,1.000000000000000000e+00,-4.142710000000000004e-01
2.883444752454757690e+03,-1.427789999999999893e-01,2.492830000000000046e-01,-1.000000000000000000e+00
2.902290843605995178e+03,-4.133620000000000072e-01,-6.786899999999999877e-02,-1.000000000000000000e+00
2.965111127495765686e+03,-3.487560000000000104e-01,-2.144799999999999832e-02,-1.000000000000000000e+00
2.971393157720565796e+03,-2.810150000000000148e-01,3.184800000000000131e-02,-9.999989999999999712e-01
2.974534177899360657e+03,-3.942010000000000236e-01,-5.197299999999999837e-02,-1.000000000000000000e+00
2.983957218408584595e+03,-4.144329999999999958e-01,-7.205100000000000393e-02,-1.000000000000000000e+00
3.002803309559822083e+03,-4.025750000000000162e-01,-7.320300000000000418e-02,-1.000000000000000000e+00
3.097033755183219910e+03,-4.193089999999999873e-01,-9.366299999999999626e-02,-1.000000000000000000e+00
3.144148988127708435e+03,2.046999999999999861e-02,7.349879999999999747e-01,-5.713679999999999870e-01
3.206969291806221008e+03,1.727039999999999964e-01,9.999940000000000495e-01,-2.250189999999999968e-01
3.269789625525474548e+03,1.873350000000000015e-01,1.000000000000000000e+00,-2.016489999999999949e-01
3.313763848185539246e+03,1.834210000000000007e-01,9.999919999999999920e-01,-2.088740000000000041e-01
3.401712313532829285e+03,1.162450000000000011e-01,1.000000000000000000e+00,-2.991690000000000182e-01
3.411135363936424255e+03,2.926039999999999752e-01,1.000000000000000000e+00,-1.537469999999999948e-01
3.429981474995613098e+03,3.297039999999999971e-01,1.000000000000000000e+00,-1.110059999999999936e-01
3.429981474995613098e+03,3.318729999999999736e-01,1.000000000000000000e+00,-1.306499999999999884e-01
3.429981474995613098e+03,2.814429999999999987e-01,1.000000000000000000e+00,-1.591710000000000069e-01
3.448827566385269165e+03,2.493049999999999988e-01,9.999989999999999712e-01,-1.833899999999999975e-01
3.464532657265663147e+03,2.426079999999999903e-01,9.999989999999999712e-01,-2.009950000000000070e-01
3.514788930177688599e+03,3.628979999999999984e-01,9.999989999999999712e-01,-3.887199999999999683e-02
3.599596405267715454e+03,3.210129999999999928e-01,9.999989999999999712e-01,-8.814299999999999913e-02
3.599596405267715454e+03,3.367450000000000165e-01,1.000000000000000000e+00,-8.102099999999999580e-02
3.599596405267715454e+03,1.882139999999999924e-01,1.000000000000000000e+00,-3.248159999999999936e-01
3.599596405267715454e+03,1.608209999999999917e-01,1.000000000000000000e+00,-3.522350000000000203e-01
3.627865566968917847e+03,-1.274649999999999950e-01,3.027580000000000271e-01,-1.000000000000000000e+00
3.634147607326507568e+03,-9.123799999999999966e-02,3.642270000000000230e-01,-1.000000000000000000e+00
3.665557779312133789e+03,-2.182300000000000073e-01,1.789360000000000117e-01,-1.000000000000000000e+00
3.712673052191734314e+03,-3.777389999999999914e-01,-3.440700000000000008e-02,-1.000000000000000000e+00
3.828890748977661133e+03,-3.524820000000000175e-01,-1.481299999999999978e-02,-1.000000000000000000e+00
3.832031759262084961e+03,-2.309889999999999999e-01,9.303000000000000158e-02,-1.000000000000000000e+00
3.850877880454063416e+03,-2.696569999999999800e-01,4.989199999999999885e-02,-1.000000000000000000e+00
3.885429092407226562e+03,-2.883249999999999980e-01,3.840199999999999864e-02,-1.000000000000000000e+00
3.913698274016380310e+03,-6.888500000000000179e-02,3.105260000000000242e-01,-1.000000000000000000e+00
3.916839284181594849e+03,2.047450000000000103e-01,1.000000000000000000e+00,-2.204780000000000073e-01
3.941967445731163025e+03,4.902029999999999998e-01,1.000000000000000000e+00,1.327369999999999939e-01
3.951390496373176575e+03,4.135420000000000207e-01,9.999989999999999712e-01,-5.577000000000000360e-03
3.992223758816719055e+03,2.057120000000000060e-01,1.000000000000000000e+00,-2.365299999999999903e-01
4.077031303882598877e+03,7.796599999999999364e-02,1.000000000000000000e+00,-2.829900000000000193e-01
4.127287616848945618e+03,5.448200000000000265e-02,1.000000000000000000e+00,-2.961949999999999861e-01
4.149274758219718933e+03,-1.474800000000000069e-02,3.539590000000000236e-01,-9.999980000000000535e-01
4.171261909365653992e+03,-2.918569999999999776e-01,7.946200000000000485e-02,-1.000000000000000000e+00
4.190108030676841736e+03,-2.675339999999999940e-01,7.829099999999999948e-02,-1.000000000000000000e+00
4.212095181941986084e+03,-2.739159999999999928e-01,7.160299999999999998e-02,-1.000000000000000000e+00
4.224659272670745850e+03,-2.302410000000000012e-01,9.293700000000000572e-02,-1.000000000000000000e+00
4.259210494756698608e+03,-4.776059999999999750e-01,-1.705220000000000069e-01,-1.000000000000000000e+00
4.334595009326934814e+03,-2.325810000000000100e-01,3.282500000000000001e-02,-1.000000000000000000e+00
4.369146241426467896e+03,-3.972910000000000053e-01,-1.426890000000000103e-01,-1.000000000000000000e+00
4.369146241426467896e+03,-4.030810000000000226e-01,-1.352990000000000026e-01,-1.000000000000000000e+00
4.387992372512817383e+03,-1.365989999999999982e-01,1.051689999999999986e-01,-1.000000000000000000e+00
4.387992372512817383e+03,-1.161279999999999951e-01,3.961749999999999994e-01,-6.775930000000000009e-01
4.441389745712280273e+03,-1.161279999999999951e-01,3.961749999999999994e-01,-6.775930000000000009e-01
4.441389745712280273e+03,9.830600000000000449e-02,6.594849999999999879e-01,-3.593450000000000255e-01
4.457094866514205933e+03,-3.869899999999999729e-02,6.000879999999999548e-01,-5.691319999999999713e-01
4.469658947348594666e+03,-7.756499999999999506e-02,1.931519999999999904e-01,-1.000000000000000000e+00
4.516774280190467834e+03,8.275799999999999823e-02,6.325779999999999736e-01,-3.395349999999999757e-01
4.560748592734336853e+03,6.826699999999999435e-02,5.982450000000000268e-01,-3.287720000000000087e-01
4.570171663403511047e+03,2.748570000000000180e-01,7.741519999999999513e-01,-1.048980000000000051e-01
4.582735754132270813e+03,2.602459999999999773e-01,7.993489999999999762e-01,-1.264319999999999888e-01
4.582735754132270813e+03,4.489290000000000225e-01,1.000000000000000000e+00,2.237109999999999932e-01
4.617286996245384216e+03,5.716290000000000537e-01,1.000000000000000000e+00,3.453530000000000211e-01
4.626710076570510864e+03,5.764409999999999812e-01,1.000000000000000000e+00,3.562080000000000246e-01
4.636133137345314026e+03,5.578940000000000010e-01,9.999989999999999712e-01,3.653129999999999988e-01
4.673825409650802612e+03,7.135449999999999848e-01,1.000000000000000000e+00,5.436010000000000009e-01
4.676966439723968506e+03,5.493890000000000162e-01,1.000000000000000000e+00,3.472399999999999931e-01
4.680107469916343689e+03,5.239890000000000381e-01,9.999989999999999712e-01,3.100950000000000095e-01
4.683248480081558228e+03,4.969589999999999841e-01,9.999989999999999712e-01,2.689770000000000216e-01
4.705235641479492188e+03,4.948330000000000228e-01,1.000000000000000000e+00,2.662109999999999754e-01
4.786902256369590759e+03,5.488779999999999770e-01,9.999940000000000495e-01,3.701229999999999798e-01
4.846581699967384338e+03,6.826680000000000526e-01,1.000000000000000000e+00,5.101719999999999589e-01
4.865427851080894470e+03,8.164160000000000306e-01,1.000000000000000000e+00,6.738210000000000033e-01
4.909402193665504456e+03,8.042839999999999989e-01,1.000000000000000000e+00,6.494229999999999725e-01
4.912543213844299316e+03,7.912320000000000464e-01,1.000000000000000000e+00,6.370620000000000172e-01
4.969081657171249390e+03,8.908040000000000402e-01,1.000000000000000000e+00,7.838939999999999797e-01
4.975363707542419434e+03,8.873659999999999881e-01,1.000000000000000000e+00,7.829679999999999973e-01
5.025620090603828430e+03,8.919850000000000279e-01,1.000000000000000000e+00,7.882940000000000502e-01
5.038184181451797485e+03,8.815680000000000183e-01,1.000000000000000000e+00,7.646300000000000319e-01
5.041325211524963379e+03,8.842839999999999590e-01,1.000000000000000000e+00,7.678730000000000278e-01
5.101004695177078247e+03,8.721290000000000431e-01,1.000000000000000000e+00,7.497610000000000108e-01
5.107286745429039001e+03,9.288880000000000470e-01,1.000000000000000000e+00,8.551490000000000480e-01
5.126132896542549133e+03,8.782870000000000399e-01,1.000000000000000000e+00,7.633180000000000520e-01
5.148120067954063416e+03,8.760909999999999531e-01,1.000000000000000000e+00,7.613760000000000527e-01
5.151261098027229309e+03,8.793290000000000273e-01,1.000000000000000000e+00,7.589669999999999472e-01
5.151261098027229309e+03,8.749099999999999655e-01,1.000000000000000000e+00,7.527840000000000087e-01
5.217222622036933899e+03,8.832109999999999683e-01,1.000000000000000000e+00,7.691890000000000116e-01
5.270620065212249756e+03,8.971580000000000110e-01,1.000000000000000000e+00,8.001960000000000184e-01
5.286325196146965027e+03,9.037389999999999590e-01,1.000000000000000000e+00,8.163709999999999578e-01
5.292607256531715393e+03,9.063630000000000297e-01,1.000000000000000000e+00,8.212199999999999500e-01
5.327158538579940796e+03,9.084520000000000373e-01,1.000000000000000000e+00,8.245710000000000539e-01
5.330299558877944946e+03,9.041449999999999765e-01,1.000000000000000000e+00,8.077790000000000248e-01
5.342863669514656067e+03,9.099030000000000173e-01,1.000000000000000000e+00,8.220549999999999802e-01
5.396261112809181213e+03,9.084010000000000140e-01,1.000000000000000000e+00,8.212249999999999828e-01
5.408825223445892334e+03,9.156729999999999592e-01,1.000000000000000000e+00,8.334740000000000482e-01
5.449658565998077393e+03,9.119300000000000184e-01,1.000000000000000000e+00,8.259640000000000315e-01
5.449658565998077393e+03,9.093050000000000299e-01,1.000000000000000000e+00,8.221730000000000427e-01
5.452799596071243286e+03,9.138159999999999616e-01,1.000000000000000000e+00,8.288379999999999637e-01
5.459081646442413330e+03,9.470269999999999522e-01,1.000000000000000000e+00,8.927249999999999908e-01
5.484209858059883118e+03,9.489239999999999897e-01,1.000000000000000000e+00,8.977039999999999464e-01
5.515620129823684692e+03,9.501300000000000301e-01,1.000000000000000000e+00,8.993370000000000530e-01
5.521902180314064026e+03,9.451680000000000081e-01,1.000000000000000000e+00,8.880980000000000540e-01
5.547030401706695557e+03,9.388469999999999871e-01,1.000000000000000000e+00,8.734469999999999734e-01
5.553312462091445923e+03,9.439349999999999685e-01,1.000000000000000000e+00,8.877660000000000551e-01
5.572158613324165344e+03,9.037119999999999598e-01,1.000000000000000000e+00,7.996389999999999887e-01
5.587863754153251648e+03,9.008420000000000316e-01,1.000000000000000000e+00,7.981420000000000181e-01
5.678953549742698669e+03,8.218649999999999567e-01,1.000000000000000000e+00,6.643120000000000136e-01
5.691517660379409790e+03,8.301899999999999835e-01,1.000000000000000000e+00,6.819920000000000426e-01
5.691517660379409790e+03,8.315730000000000066e-01,1.000000000000000000e+00,6.724649999999999794e-01
5.713504851818084717e+03,8.382319999999999771e-01,1.000000000000000000e+00,6.871690000000000298e-01
5.738633073210716248e+03,8.519349999999999978e-01,1.000000000000000000e+00,7.094479999999999675e-01
5.760620264649391174e+03,9.069730000000000292e-01,1.000000000000000000e+00,8.079800000000000315e-01
5.776325415492057800e+03,8.536390000000000366e-01,1.000000000000000000e+00,7.263969999999999594e-01
5.836004949212074280e+03,8.456639999999999713e-01,1.000000000000000000e+00,7.090990000000000348e-01
5.842287009477615356e+03,9.076499999999999568e-01,1.000000000000000000e+00,8.087530000000000552e-01
5.851710090041160583e+03,9.071529999999999871e-01,1.000000000000000000e+00,8.094270000000000076e-01
5.901966542959213257e+03,8.849799999999999889e-01,1.000000000000000000e+00,7.637030000000000207e-01
5.942799925446510315e+03,8.790790000000000548e-01,1.000000000000000000e+00,7.479519999999999502e-01
5.955364036321640015e+03,8.719120000000000203e-01,1.000000000000000000e+00,7.348639999999999617e-01
6.021325650095939636e+03,8.665599999999999969e-01,1.000000000000000000e+00,7.168590000000000240e-01
6.074723143339157104e+03,8.571360000000000090e-01,1.000000000000000000e+00,6.867990000000000483e-01
6.087287264108657837e+03,8.525620000000000420e-01,1.000000000000000000e+00,6.796830000000000371e-01
6.102992405056953430e+03,8.470060000000000366e-01,1.000000000000000000e+00,6.727830000000000199e-01
6.143825797557830811e+03,7.701660000000000172e-01,1.000000000000000000e+00,5.643409999999999815e-01
6.143825797557830811e+03,7.508610000000000007e-01,1.000000000000000000e+00,5.124239999999999906e-01
6.165812998890876770e+03,6.926440000000000374e-01,1.000000000000000000e+00,3.918690000000000229e-01
6.178377129554748535e+03,6.726969999999999894e-01,1.000000000000000000e+00,3.377249999999999974e-01
6.197223310589790344e+03,6.655590000000000117e-01,1.000000000000000000e+00,3.392240000000000255e-01
6.209787421464920044e+03,6.974569999999999936e-01,1.000000000000000000e+00,3.923599999999999866e-01
6.219210511922836304e+03,6.601660000000000306e-01,1.000000000000000000e+00,3.307510000000000172e-01
6.219210511922836304e+03,7.375610000000000221e-01,1.000000000000000000e+00,4.745429999999999926e-01
6.285172145843505859e+03,7.180429999999999868e-01,1.000000000000000000e+00,4.558760000000000034e-01
6.322864508152008057e+03,6.980730000000000546e-01,1.000000000000000000e+00,3.988530000000000131e-01
6.344851719498634338e+03,5.354590000000000183e-01,1.000000000000000000e+00,1.845720000000000138e-01
6.379403061628341675e+03,2.900809999999999778e-01,1.000000000000000000e+00,-1.189059999999999978e-01
6.429659554481506348e+03,3.114640000000000186e-01,9.999989999999999712e-01,-9.822899999999999687e-02
6.476775017380714417e+03,4.142560000000000131e-01,9.999989999999999712e-01,8.720100000000000073e-02
6.483057077765464783e+03,2.078329999999999900e-01,9.999980000000000535e-01,-1.705139999999999989e-01
6.505044299006462097e+03,4.723029999999999728e-01,1.000000000000000000e+00,1.590100000000000124e-01
6.599275244712829590e+03,3.677010000000000001e-01,1.000000000000000000e+00,-2.856699999999999864e-02
6.680942069530487061e+03,2.606400000000000036e-02,9.999970000000000248e-01,-3.760279999999999734e-01
6.721775481939315796e+03,-3.710000000000000190e-03,3.738259999999999916e-01,-9.999989999999999712e-01
6.737480643033981323e+03,-3.025689999999999769e-01,6.615500000000000547e-02,-1.000000000000000000e+00
6.740621673226356506e+03,-2.816859999999999919e-01,1.040650000000000047e-01,-1.000000000000000000e+00
6.765749934673309326e+03,-5.747700000000000031e-02,3.251279999999999726e-01,-1.000000000000000000e+00
6.765749934673309326e+03,-2.592699999999999866e-02,3.571179999999999910e-01,-1.000000000000000000e+00
6.768890964984893799e+03,-2.477540000000000020e-01,1.395069999999999921e-01,-1.000000000000000000e+00
6.825429548263549805e+03,-4.789649999999999741e-01,-1.451409999999999922e-01,-1.000000000000000000e+00
6.847416769623756409e+03,-5.382740000000000302e-01,-2.573690000000000144e-01,-1.000000000000000000e+00
6.847416769623756409e+03,-6.769330000000000069e-01,-4.297659999999999814e-01,-1.000000000000000000e+00
6.850557809710502625e+03,-6.702860000000000484e-01,-3.955730000000000079e-01,-1.000000000000000000e+00
6.850557809710502625e+03,-6.951209999999999889e-01,-4.140710000000000224e-01,-1.000000000000000000e+00
6.941647755265235901e+03,-6.828750000000000098e-01,-4.068010000000000237e-01,-1.000000000000000000e+00
6.960493956327438354e+03,-7.460210000000000452e-01,-5.176680000000000170e-01,-1.000000000000000000e+00
6.979340157389640808e+03,-7.549909999999999677e-01,-5.470599999999999907e-01,-1.000000000000000000e+00
7.139532857060432434e+03,-6.894810000000000105e-01,-4.140710000000000224e-01,-1.000000000000000000e+00
7.158379068136215210e+03,-7.343730000000000535e-01,-5.065220000000000278e-01,-1.000000000000000000e+00
7.202353540778160095e+03,-7.141830000000000123e-01,-4.915829999999999922e-01,-1.000000000000000000e+00
7.208635601162910461e+03,-7.088969999999999994e-01,-4.817850000000000188e-01,-1.000000000000000000e+00
7.227481812238693237e+03,-7.766999999999999460e-01,-5.739800000000000457e-01,-1.000000000000000000e+00
7.243186983346939087e+03,-8.352960000000000385e-01,-6.888119999999999798e-01,-1.000000000000000000e+00
7.243186983346939087e+03,-8.421809999999999574e-01,-7.027379999999999738e-01,-1.000000000000000000e+00
7.243186983346939087e+03,-8.625270000000000437e-01,-7.248310000000000031e-01,-1.000000000000000000e+00
7.243186983346939087e+03,-8.733009999999999939e-01,-7.429510000000000280e-01,-9.999989999999999712e-01
7.277738355159759521e+03,-8.669160000000000199e-01,-7.311180000000000456e-01,-1.000000000000000000e+00
7.400238702654838562e+03,-8.208860000000000046e-01,-6.608129999999999837e-01,-1.000000000000000000e+00
7.497610788464546204e+03,-7.810249999999999693e-01,-5.936179999999999790e-01,-1.000000000000000000e+00
7.503892858862876892e+03,-7.816959999999999464e-01,-5.898390000000000022e-01,-9.999989999999999712e-01
7.507033889055252075e+03,-7.321680000000000410e-01,-4.967260000000000009e-01,-1.000000000000000000e+00
7.532162170529365540e+03,-7.170039999999999747e-01,-4.593280000000000141e-01,-1.000000000000000000e+00
7.544726311206817627e+03,-7.795790000000000219e-01,-5.762840000000000185e-01,-9.999989999999999712e-01
7.554149421691894531e+03,-7.750340000000000007e-01,-5.677039999999999864e-01,-9.999989999999999712e-01
7.569854592800140381e+03,-7.350179999999999492e-01,-4.895209999999999839e-01,-1.000000000000000000e+00
7.585559773683547974e+03,-7.898049999999999793e-01,-5.902880000000000349e-01,-9.999989999999999712e-01
7.692354990005493164e+03,-6.963099999999999845e-01,-4.249249999999999972e-01,-1.000000000000000000e+00
7.723765341997146606e+03,-7.077639999999999487e-01,-4.452439999999999731e-01,-1.000000000000000000e+00
7.792868136286735535e+03,-6.959030000000000493e-01,-4.260249999999999870e-01,-1.000000000000000000e+00
7.868253010630607605e+03,-6.794949999999999601e-01,-3.989719999999999933e-01,-1.000000000000000000e+00
7.931073744535446167e+03,-5.797069999999999723e-01,-2.388599999999999890e-01,-1.000000000000000000e+00
7.937355814814567566e+03,-5.797569999999999668e-01,-2.408889999999999920e-01,-1.000000000000000000e+00
7.937355814814567566e+03,-5.991659999999999764e-01,-2.877219999999999778e-01,-1.000000000000000000e+00
7.943637895107269287e+03,-4.607399999999999829e-01,-7.581799999999999651e-02,-1.000000000000000000e+00
7.965625146389007568e+03,-5.976660000000000306e-01,-2.900550000000000073e-01,-1.000000000000000000e+00
8.022163809776306152e+03,-5.671979999999999800e-01,-2.573690000000000144e-01,-1.000000000000000000e+00
8.094407664060592651e+03,-7.054719999999999880e-01,-4.451100000000000056e-01,-1.000000000000000000e+00
8.097548704266548157e+03,-6.264600000000000168e-01,-3.214389999999999747e-01,-1.000000000000000000e+00
8.106971814870834351e+03,-5.986029999999999962e-01,-2.886349999999999749e-01,-1.000000000000000000e+00
8.254600583672523499e+03,-6.345279999999999809e-01,-3.286029999999999784e-01,-1.000000000000000000e+00
8.270305774688720703e+03,-5.270200000000000440e-01,-1.354569999999999941e-01,-1.000000000000000000e+00
8.270305774688720703e+03,-5.294529999999999514e-01,-1.297879999999999867e-01,-1.000000000000000000e+00
8.273446814775466919e+03,-5.448300000000000365e-01,-1.250560000000000005e-01,-1.000000000000000000e+00
8.276587854981422424e+03,-3.273530000000000051e-01,1.532389999999999863e-01,-1.000000000000000000e+00
8.304857196688652039e+03,-3.547429999999999750e-01,1.362530000000000130e-01,-1.000000000000000000e+00
8.342549648880958557e+03,-3.781700000000000061e-01,1.019579999999999931e-01,-1.000000000000000000e+00
8.345690689086914062e+03,-2.822839999999999794e-01,2.051179999999999948e-01,-1.000000000000000000e+00
8.446203915119171143e+03,-4.649579999999999824e-01,-3.296799999999999731e-02,-1.000000000000000000e+00
8.455627035737037659e+03,-4.649579999999999824e-01,-2.904599999999999890e-02,-1.000000000000000000e+00
8.480755347132682800e+03,-4.818180000000000240e-01,-6.436699999999999366e-02,-1.000000000000000000e+00
8.499601578354835510e+03,-4.952989999999999893e-01,-7.478600000000000525e-02,-1.000000000000000000e+00
8.552999231457710266e+03,-6.329380000000000006e-01,-2.900690000000000213e-01,-1.000000000000000000e+00
8.744602632999420166e+03,-6.393299999999999539e-01,-3.102239999999999998e-01,-1.000000000000000000e+00
8.750884713292121887e+03,-5.271090000000000497e-01,-1.168690000000000007e-01,-1.000000000000000000e+00
8.804282386660575867e+03,-3.531529999999999947e-01,1.215699999999999975e-01,-1.000000000000000000e+00
8.867103180408477783e+03,-3.430739999999999901e-01,1.375069999999999903e-01,-1.000000000000000000e+00
8.923641903638839722e+03,-3.320489999999999831e-01,1.174400000000000027e-01,-1.000000000000000000e+00
9.121527455568313599e+03,-7.981499999999999706e-02,3.783349999999999769e-01,-1.000000000000000000e+00
9.149796827197074890e+03,-9.492699999999999749e-02,3.768929999999999780e-01,-1.000000000000000000e+00
9.149796827197074890e+03,-1.122760000000000008e-01,3.748469999999999858e-01,-1.000000000000000000e+00
9.193771399855613708e+03,-1.183059999999999945e-01,3.669629999999999836e-01,-1.000000000000000000e+00
9.288002635478973389e+03,-1.775480000000000114e-01,3.265480000000000049e-01,-1.000000000000000000e+00
9.360246589779853821e+03,-2.105670000000000042e-01,2.776540000000000119e-01,-1.000000000000000000e+00
9.404221172451972961e+03,-2.237379999999999924e-01,2.689619999999999789e-01,-1.000000000000000000e+00
9.454477845549583435e+03,7.783400000000000041e-02,9.999989999999999712e-01,-4.354939999999999922e-01
9.504734518408775330e+03,7.178099999999999759e-02,9.999989999999999712e-01,-4.275269999999999904e-01
9.511016598820686340e+03,7.414199999999999957e-02,9.999980000000000535e-01,-4.288899999999999935e-01
9.514157639026641846e+03,7.396600000000000397e-02,9.999989999999999712e-01,-4.389839999999999853e-01
9.523580769538879395e+03,7.274100000000000010e-02,1.000000000000000000e+00,-4.192020000000000191e-01
9.605247864484786987e+03,-2.500499999999999945e-02,4.671839999999999882e-01,-1.000000000000000000e+00
9.624094125628471375e+03,-2.232500000000000109e-02,4.537479999999999847e-01,-1.000000000000000000e+00
9.624094125628471375e+03,-2.206029999999999935e-01,2.556019999999999959e-01,-1.000000000000000000e+00
9.630376205921173096e+03,-2.463370000000000004e-01,2.354350000000000054e-01,-1.000000000000000000e+00
9.680632889032363892e+03,-2.525430000000000175e-01,2.038669999999999927e-01,-1.000000000000000000e+00
9.702620190382003784e+03,-1.780200000000000116e-01,2.439600000000000102e-01,-1.000000000000000000e+00
9.708902270674705505e+03,-2.085509999999999864e-01,2.210640000000000105e-01,-1.000000000000000000e+00
9.856531289339065552e+03,1.971499999999999989e-02,1.000000000000000000e+00,-4.471019999999999994e-01
9.875377550721168518e+03,6.541399999999999992e-02,1.000000000000000000e+00,-4.306729999999999725e-01
9.894223811745643616e+03,-2.956750000000000211e-01,9.869100000000000095e-02,-1.000000000000000000e+00
9.906787982463836670e+03,-3.547100000000000253e-02,3.759049999999999891e-01,-1.000000000000000000e+00
9.947621554970741272e+03,1.322300000000000038e-02,1.000000000000000000e+00,-4.555080000000000240e-01
9.950762595057487488e+03,4.967699999999999894e-02,1.000000000000000000e+00,-4.019679999999999920e-01
9.953903635263442993e+03,-1.227069999999999966e-01,2.478809999999999902e-01,-1.000000000000000000e+00
9.957044685602188110e+03,1.055669999999999942e-01,9.999989999999999712e-01,-3.371850000000000125e-01
1.017691774857044220e+04,1.241560000000000025e-01,9.999989999999999712e-01,-3.251979999999999871e-01
1.023031550192832947e+04,-1.289029999999999898e-01,2.280300000000000105e-01,-1.000000000000000000e+00
1.023345655190944672e+04,-3.226749999999999896e-01,4.884999999999999586e-03,-1.000000000000000000e+00
1.026172595369815826e+04,-3.053529999999999855e-01,1.294200000000000038e-02,-1.000000000000000000e+00
1.029627743577957153e+04,-3.872439999999999771e-01,-5.751599999999999768e-02,-1.000000000000000000e+00
1.030884161651134491e+04,-5.565620000000000012e-01,-2.645029999999999881e-01,-1.000000000000000000e+00
1.033396997797489166e+04,-4.865590000000000193e-01,-2.062730000000000119e-01,-1.000000000000000000e+00
1.040307296216487885e+04,-4.600199999999999845e-01,-1.733010000000000106e-01,-1.000000000000000000e+00
1.042191923344135284e+04,-4.651529999999999831e-01,-1.772219999999999906e-01,-1.000000000000000000e+00
1.042506027340888977e+04,-1.932879999999999876e-01,5.694599999999999662e-02,-1.000000000000000000e+00
1.044390654456615448e+04,-1.976970000000000116e-01,5.253599999999999937e-02,-1.000000000000000000e+00
1.044704759478569031e+04,-1.551499999999999928e-02,5.708809999999999718e-01,-5.335640000000000382e-01
1.046589385592937469e+04,-8.001600000000000379e-02,1.835150000000000114e-01,-9.999989999999999712e-01
1.050358639824390411e+04,-1.812110000000000110e-01,7.036499999999999699e-02,-1.000000000000000000e+00
1.051300953876972198e+04,-5.210000000000000221e-03,5.708809999999999718e-01,-5.339409999999999989e-01
1.052871475970745087e+04,-1.551499999999999928e-02,5.708809999999999718e-01,-5.335640000000000382e-01
1.053185580992698669e+04,-2.938100000000000087e-02,5.408410000000000162e-01,-5.957799999999999763e-01
1.057268940234184265e+04,2.016550000000000009e-01,5.754430000000000378e-01,-1.429499999999999937e-01
1.057583044254779816e+04,1.070770000000000055e-01,5.010980000000000434e-01,-2.050960000000000005e-01
1.060724089431762695e+04,1.647560000000000136e-01,6.235049999999999759e-01,-1.630070000000000130e-01
1.062608717548847198e+04,7.108100000000000529e-02,5.973469999999999613e-01,-3.007340000000000013e-01
1.063236926591396332e+04,1.096909999999999968e-01,5.817579999999999973e-01,-2.685390000000000277e-01
1.063551030611991882e+04,1.293850000000000000e-01,6.216380000000000239e-01,-2.112729999999999886e-01
1.065121553695201874e+04,-1.902600000000000124e-02,4.745860000000000078e-01,-3.769359999999999933e-01
1.065121553695201874e+04,-7.582300000000000151e-02,3.634379999999999833e-01,-4.023390000000000022e-01
1.067320285832881927e+04,-2.647840000000000193e-01,-3.683000000000000163e-02,-9.999980000000000535e-01
1.068576703906059265e+04,-1.110960000000000003e-01,4.048709999999999809e-01,-5.647969999999999935e-01
1.073916481220722198e+04,-1.230569999999999997e-01,4.085059999999999802e-01,-5.417870000000000186e-01
1.073916481220722198e+04,-2.380069999999999963e-01,-2.361999999999999950e-03,-1.000000000000000000e+00
1.074230586230754852e+04,-2.271690000000000098e-01,1.463000000000000064e-02,-1.000000000000000000e+00
1.075172900295257568e+04,-1.581780000000000130e-01,3.697230000000000238e-01,-6.121659999999999879e-01
1.076429318368434906e+04,-1.536780000000000090e-01,3.695910000000000029e-01,-6.121659999999999879e-01
1.079570364570617676e+04,-1.591799999999999882e-01,3.703929999999999723e-01,-6.105180000000000051e-01
1.081769096684455872e+04,1.196799999999999947e-02,5.970590000000000064e-01,-3.681400000000000228e-01
1.088051189064979553e+04,7.492500000000000548e-02,5.979579999999999895e-01,-2.963040000000000118e-01
1.096532014584541321e+04,-1.006729999999999986e-01,4.023260000000000169e-01,-5.471500000000000252e-01
1.097474328637123108e+04,-2.566880000000000273e-01,2.630480000000000040e-01,-7.078699999999999992e-01
1.097788432657718658e+04,-9.871099999999999319e-02,4.082149999999999945e-01,-5.366790000000000171e-01
1.097788432657718658e+04,-1.488089999999999968e-01,3.712989999999999902e-01,-6.121659999999999879e-01
1.099044851732254028e+04,-1.680679999999999952e-01,3.293490000000000029e-01,-6.751930000000000431e-01
1.113179562580585480e+04,-1.401360000000000106e-01,3.477219999999999756e-01,-6.402809999999999890e-01
1.114750085663795471e+04,-2.868100000000000094e-01,-4.071199999999999819e-02,-1.000000000000000000e+00
1.115692399728298187e+04,-2.804329999999999878e-01,-3.068200000000000094e-02,-1.000000000000000000e+00
1.122288599121570587e+04,-4.272770000000000179e-01,-1.857509999999999994e-01,-1.000000000000000000e+00
1.122288599121570587e+04,-5.616379999999999706e-01,-3.084749999999999992e-01,-1.000000000000000000e+00
1.122288599121570587e+04,-5.112569999999999615e-01,-2.227800000000000058e-01,-1.000000000000000000e+00
1.122916809165477753e+04,-5.279880000000000129e-01,-2.431510000000000060e-01,-1.000000000000000000e+00
1.123859122216701508e+04,-5.152919999999999723e-01,-2.373270000000000102e-01,-1.000000000000000000e+00
1.125115541291236877e+04,-3.507830000000000115e-01,-1.378399999999999938e-02,-1.000000000000000000e+00
1.125429646301269531e+04,-3.819620000000000237e-01,-4.096400000000000041e-02,-1.000000000000000000e+00
1.125429646301269531e+04,-4.724400000000000127e-02,2.991019999999999790e-01,-1.000000000000000000e+00
1.129513007545471191e+04,1.157299999999999995e-01,7.441689999999999694e-01,-4.473130000000000162e-01
1.132025845706462860e+04,2.120910000000000017e-01,7.812860000000000360e-01,-2.121210000000000040e-01
1.135166893887519836e+04,2.287970000000000004e-01,7.725530000000000452e-01,-2.160390000000000088e-01
1.137993836045265198e+04,-9.686999999999999431e-03,5.707630000000000203e-01,-5.231369999999999632e-01
1.137993836045265198e+04,2.014809999999999934e-01,9.999989999999999712e-01,-1.162440000000000001e-01
1.145218246495723724e+04,3.350429999999999797e-01,1.000000000000000000e+00,-1.231400000000000029e-02
1.147416979634761810e+04,4.592729999999999868e-01,1.000000000000000000e+00,2.350679999999999992e-01
1.148045189666748047e+04,4.212919999999999998e-01,1.000000000000000000e+00,1.283189999999999886e-01
1.162494010519981384e+04,3.750640000000000085e-01,9.999989999999999712e-01,1.590300000000000047e-02
1.170660737013816833e+04,4.053080000000000016e-01,9.999989999999999712e-01,9.574399999999999578e-02
1.172231261098384857e+04,4.053080000000000016e-01,9.999989999999999712e-01,9.574399999999999578e-02
1.172859471154212952e+04,6.077110000000000012e-01,1.000000000000000000e+00,3.425259999999999971e-01
1.174429995238780975e+04,6.004800000000000137e-01,1.000000000000000000e+00,3.237380000000000257e-01
1.176942834389209747e+04,5.942460000000000520e-01,1.000000000000000000e+00,3.130740000000000189e-01
1.176942834389209747e+04,5.307699999999999640e-01,1.000000000000000000e+00,2.072549999999999948e-01
1.176942834389209747e+04,7.289729999999999821e-01,1.000000000000000000e+00,4.976709999999999745e-01
1.179141568517684937e+04,8.165999999999999925e-01,1.000000000000000000e+00,6.381449999999999623e-01
1.179141568517684937e+04,8.989629999999999566e-01,1.000000000000000000e+00,7.850129999999999608e-01
1.181968512690067291e+04,8.541609999999999481e-01,1.000000000000000000e+00,7.085569999999999924e-01
1.185737770903110504e+04,8.551309999999999745e-01,1.000000000000000000e+00,7.123869999999999925e-01
1.191705764269828796e+04,7.085129999999999484e-01,1.000000000000000000e+00,4.421570000000000222e-01
1.193590394389629364e+04,4.709300000000000153e-01,1.000000000000000000e+00,8.494100000000000261e-02
1.202071226894855499e+04,5.188939999999999664e-01,1.000000000000000000e+00,1.828690000000000038e-01
1.211180270421504974e+04,5.585459999999999869e-01,1.000000000000000000e+00,2.360399999999999998e-01
1.213379005563259125e+04,6.467829999999999968e-01,1.000000000000000000e+00,3.257869999999999933e-01
1.213379005563259125e+04,7.525749999999999940e-01,1.000000000000000000e+00,5.469399999999999817e-01
1.214007215607166290e+04,7.410719999999999530e-01,9.999989999999999712e-01,5.645510000000000250e-01
1.216205950725078583e+04,7.215759999999999952e-01,1.000000000000000000e+00,5.030909999999999549e-01
1.217148265790939331e+04,7.033369999999999900e-01,1.000000000000000000e+00,4.858199999999999741e-01
1.221231631040573120e+04,6.966480000000000450e-01,1.000000000000000000e+00,4.865550000000000153e-01
1.221545736062526703e+04,6.191600000000000437e-01,1.000000000000000000e+00,3.111180000000000057e-01
1.222802155125141144e+04,5.711420000000000385e-01,1.000000000000000000e+00,1.959029999999999938e-01
1.222802155125141144e+04,5.076829999999999954e-01,1.000000000000000000e+00,9.972599999999999520e-02
1.223116260147094727e+04,5.253729999999999789e-01,1.000000000000000000e+00,1.128760000000000041e-01
1.223430365157127380e+04,5.253729999999999789e-01,1.000000000000000000e+00,1.128760000000000041e-01
1.236936880970001221e+04,7.385070000000000245e-01,1.000000000000000000e+00,4.562100000000000044e-01
1.242590772306919098e+04,7.333769999999999456e-01,1.000000000000000000e+00,4.504139999999999810e-01
1.243533086359500885e+04,7.293840000000000323e-01,1.000000000000000000e+00,4.539369999999999794e-01
1.245103612470626831e+04,7.205160000000000453e-01,1.000000000000000000e+00,4.384939999999999949e-01
1.252328028893470764e+04,7.496859999999999635e-01,1.000000000000000000e+00,5.039569999999999883e-01
1.252642133915424347e+04,7.483659999999999757e-01,1.000000000000000000e+00,5.411340000000000039e-01
1.252956238937377930e+04,5.786120000000000152e-01,1.000000000000000000e+00,2.941019999999999746e-01
1.257981920242309570e+04,5.786120000000000152e-01,1.000000000000000000e+00,2.941019999999999746e-01
1.258924235284328461e+04,5.483580000000000121e-01,1.000000000000000000e+00,2.509930000000000216e-01
1.261122971415519714e+04,5.798579999999999846e-01,1.000000000000000000e+00,2.990479999999999805e-01
1.270860230004787445e+04,5.898160000000000069e-01,1.000000000000000000e+00,3.118609999999999993e-01
1.279026963496208191e+04,3.910089999999999955e-01,9.999980000000000535e-01,8.280600000000000460e-02
1.283110329735279083e+04,1.853019999999999945e-01,9.999900000000000455e-01,-1.281539999999999901e-01
1.283738540768623352e+04,2.051739999999999953e-01,9.996460000000000345e-01,-1.117449999999999971e-01
1.283738540768623352e+04,1.996469999999999911e-01,1.000000000000000000e+00,-1.253209999999999880e-01
1.284680855822563171e+04,7.269899999999999973e-02,9.999980000000000535e-01,-3.006519999999999748e-01
1.287821908020973206e+04,-8.018100000000000227e-02,3.098699999999999788e-01,-1.000000000000000000e+00
1.292847590315341949e+04,2.661259999999999737e-01,9.999890000000000168e-01,-1.254069999999999907e-01
1.296302747535705566e+04,4.947559999999999736e-01,1.000000000000000000e+00,1.445520000000000138e-01
1.298187378633022308e+04,2.537809999999999788e-01,9.999890000000000168e-01,-1.438280000000000114e-01
1.301642535841464996e+04,2.648730000000000251e-01,9.999930000000000208e-01,-1.024779999999999996e-01
1.302584850907325745e+04,3.520209999999999728e-01,9.999940000000000495e-01,-6.203000000000000180e-03
1.302584850907325745e+04,3.549490000000000145e-01,9.999980000000000535e-01,2.587100000000000163e-02
1.304783587026596069e+04,3.397990000000000177e-01,1.000000000000000000e+00,-2.114900000000000113e-02
1.305097693049907684e+04,1.732279999999999931e-01,9.999919999999999920e-01,-1.559689999999999965e-01
1.305411798059940338e+04,1.861859999999999904e-01,9.999919999999999920e-01,-1.430029999999999912e-01
1.305725903081893921e+04,4.533000000000000224e-02,9.999980000000000535e-01,-3.517109999999999959e-01
1.306354113125801086e+04,4.263859999999999872e-01,1.000000000000000000e+00,9.337800000000000267e-02
1.307296429193019867e+04,3.739259999999999806e-01,1.000000000000000000e+00,-7.519999999999999775e-03
1.308552850258350372e+04,3.612560000000000215e-01,1.000000000000000000e+00,3.150300000000000322e-02
1.315463164663314819e+04,2.671200000000000241e-01,9.999989999999999712e-01,-1.451949999999999907e-01
1.325200427258014679e+04,2.513859999999999983e-01,9.999989999999999712e-01,-1.652679999999999982e-01
1.327399164390563965e+04,2.613179999999999947e-01,1.000000000000000000e+00,-1.478379999999999972e-01
1.333995374774932861e+04,2.459340000000000137e-01,1.000000000000000000e+00,-1.588269999999999960e-01
1.334623585820198059e+04,3.100249999999999950e-01,1.000000000000000000e+00,-8.197300000000000419e-02
1.334937690842151642e+04,3.354670000000000152e-01,1.000000000000000000e+00,-2.842400000000000135e-02
1.336194111919403076e+04,3.392180000000000195e-01,1.000000000000000000e+00,-2.174799999999999997e-02
1.337450532996654510e+04,3.237200000000000077e-01,9.999989999999999712e-01,-4.376000000000000029e-02
1.341219796204566956e+04,3.216589999999999727e-01,9.999980000000000535e-01,-5.780799999999999828e-02
1.341533901226520538e+04,3.239609999999999990e-01,1.000000000000000000e+00,-6.653399999999999592e-02
1.342476217281818390e+04,2.992580000000000240e-01,9.999989999999999712e-01,-9.660299999999999443e-02
1.353784008967876434e+04,1.987730000000000052e-01,1.000000000000000000e+00,-2.531820000000000181e-01
1.358809694266319275e+04,1.130909999999999971e-01,1.000000000000000000e+00,-3.135789999999999966e-01
1.371373909032344818e+04,4.735469999999999957e-01,1.000000000000000000e+00,7.320999999999999730e-02
1.373572646141052246e+04,4.758490000000000220e-01,1.000000000000000000e+00,3.470899999999999680e-02
1.382681701683998108e+04,4.890590000000000215e-01,1.000000000000000000e+00,5.136199999999999793e-02
1.384252228784561157e+04,4.671370000000000244e-01,1.000000000000000000e+00,2.521199999999999830e-02
1.384880439829826355e+04,7.320619999999999905e-01,1.000000000000000000e+00,4.437269999999999825e-01
1.386765071940422058e+04,6.545060000000000322e-01,1.000000000000000000e+00,3.642040000000000277e-01
1.387079176950454712e+04,4.571700000000000208e-01,1.000000000000000000e+00,9.531699999999999895e-02
1.388963810062408447e+04,4.732169999999999987e-01,1.000000000000000000e+00,1.638499999999999956e-01
1.389277916085720062e+04,6.292109999999999648e-01,1.000000000000000000e+00,3.288249999999999784e-01
1.392418969285488129e+04,6.366880000000000317e-01,1.000000000000000000e+00,3.380400000000000071e-01
1.393675391352176666e+04,3.231519999999999948e-01,1.000000000000000000e+00,-1.285199999999999954e-01
1.394617706394195557e+04,2.856509999999999883e-01,1.000000000000000000e+00,-1.803259999999999863e-01
1.398072866606712341e+04,2.789369999999999905e-01,1.000000000000000000e+00,-1.824409999999999921e-01
1.403098553919792175e+04,5.065370000000000150e-01,1.000000000000000000e+00,7.142500000000000238e-02
1.405925503087043762e+04,4.081790000000000140e-01,1.000000000000000000e+00,-6.158500000000000085e-02
1.407181925153732300e+04,5.418530000000000291e-01,1.000000000000000000e+00,1.231499999999999956e-01
1.412207611453533173e+04,5.752979999999999761e-01,1.000000000000000000e+00,2.045210000000000083e-01
1.414092244577407837e+04,6.106470000000000509e-01,9.999989999999999712e-01,2.867549999999999821e-01
1.414720454597473145e+04,6.317660000000000498e-01,9.999989999999999712e-01,3.307410000000000072e-01
1.416919193732738495e+04,7.200800000000000534e-01,1.000000000000000000e+00,4.799599999999999977e-01
1.416919193732738495e+04,7.183519999999999905e-01,1.000000000000000000e+00,4.837000000000000188e-01
1.420688459968566895e+04,5.024119999999999697e-01,1.000000000000000000e+00,1.684049999999999991e-01
1.425400042247772217e+04,5.095769999999999467e-01,1.000000000000000000e+00,1.821599999999999886e-01
1.429169307470321655e+04,5.339180000000000037e-01,9.999980000000000535e-01,2.215959999999999874e-01
1.429169307470321655e+04,5.444400000000000350e-01,1.000000000000000000e+00,2.379690000000000139e-01
1.438592473030090332e+04,5.615520000000000511e-01,1.000000000000000000e+00,2.672430000000000083e-01
1.444560477387905121e+04,5.253849999999999909e-01,1.000000000000000000e+00,2.596570000000000267e-01
1.446759216523170471e+04,4.883750000000000036e-01,1.000000000000000000e+00,1.780259999999999898e-01
1.448015638601779938e+04,4.883750000000000036e-01,1.000000000000000000e+00,1.780259999999999898e-01
1.453669538950920105e+04,4.617640000000000078e-01,1.000000000000000000e+00,1.627629999999999910e-01
1.454611856007575989e+04,4.855369999999999964e-01,9.999989999999999712e-01,1.922699999999999965e-01
1.454925960004329681e+04,5.404259999999999620e-01,1.000000000000000000e+00,2.644259999999999944e-01
1.460893966376781464e+04,4.780380000000000185e-01,1.000000000000000000e+00,1.868799999999999906e-01
1.461522177410125732e+04,5.210409999999999764e-01,1.000000000000000000e+00,2.569409999999999750e-01
1.462464493465423584e+04,3.422990000000000199e-01,1.000000000000000000e+00,6.111899999999999972e-02
1.463092705500125885e+04,2.571300000000000252e-01,9.999989999999999712e-01,-5.692599999999999744e-02
1.465291444635391235e+04,2.399489999999999956e-01,9.999940000000000495e-01,-7.129099999999999326e-02
1.466233761692047119e+04,4.269760000000000222e-01,1.000000000000000000e+00,1.047889999999999933e-01
1.467804288780689240e+04,6.447340000000000293e-01,1.000000000000000000e+00,3.971169999999999978e-01
1.468432499814033508e+04,6.460839999999999916e-01,1.000000000000000000e+00,4.022950000000000137e-01
1.468746605837345123e+04,6.581110000000000015e-01,1.000000000000000000e+00,3.834839999999999915e-01
1.469688922894001007e+04,6.479200000000000514e-01,1.000000000000000000e+00,3.579140000000000099e-01
1.474714612185955048e+04,8.256660000000000110e-01,1.000000000000000000e+00,6.710059999999999913e-01
1.476285140287876129e+04,8.425280000000000546e-01,1.000000000000000000e+00,7.104719999999999924e-01
1.479740301489830017e+04,8.369339999999999558e-01,1.000000000000000000e+00,6.932230000000000336e-01
1.480996724581718445e+04,8.333439999999999737e-01,1.000000000000000000e+00,6.829560000000000075e-01
1.486650625920295715e+04,8.380410000000000359e-01,1.000000000000000000e+00,6.990039999999999587e-01
1.487592941963672638e+04,8.406510000000000371e-01,1.000000000000000000e+00,6.972690000000000277e-01
1.487592941963672638e+04,8.416770000000000085e-01,1.000000000000000000e+00,7.014019999999999699e-01
1.487907047986984253e+04,8.578310000000000102e-01,1.000000000000000000e+00,7.338770000000000016e-01
1.491990421235561371e+04,7.063989999999999991e-01,1.000000000000000000e+00,5.167239999999999611e-01
1.492932738280296326e+04,6.541390000000000260e-01,1.000000000000000000e+00,4.195670000000000233e-01
1.496387900495529175e+04,6.339040000000000230e-01,1.000000000000000000e+00,3.574550000000000227e-01
1.498586639618873596e+04,7.583569999999999478e-01,1.000000000000000000e+00,5.184569999999999457e-01
1.506439281094074249e+04,7.501330000000000497e-01,1.000000000000000000e+00,5.067329999999999890e-01
1.513977817547321320e+04,7.715419999999999501e-01,1.000000000000000000e+00,5.425799999999999512e-01
1.514606028580665588e+04,7.783309999999999951e-01,1.000000000000000000e+00,5.525710000000000344e-01
1.515234239614009857e+04,7.783309999999999951e-01,1.000000000000000000e+00,5.525710000000000344e-01
1.516804768717288971e+04,7.793449999999999545e-01,1.000000000000000000e+00,5.592730000000000201e-01
1.521516353988647461e+04,8.158029999999999449e-01,1.000000000000000000e+00,6.310879999999999823e-01
1.524029199147224426e+04,8.085139999999999549e-01,1.000000000000000000e+00,6.139520000000000532e-01
1.525913833248615265e+04,6.466699999999999671e-01,1.000000000000000000e+00,3.315159999999999774e-01
1.526856151318550110e+04,6.769209999999999949e-01,1.000000000000000000e+00,3.781189999999999829e-01
1.527170256328582764e+04,6.878490000000000437e-01,1.000000000000000000e+00,4.275010000000000199e-01
1.531567736589908600e+04,6.548599999999999977e-01,1.000000000000000000e+00,3.325670000000000015e-01
1.535022899806499481e+04,7.293460000000000498e-01,1.000000000000000000e+00,4.623860000000000192e-01
1.543503754305839539e+04,8.451779999999999848e-01,1.000000000000000000e+00,6.539380000000000193e-01
1.548843552625179291e+04,8.483720000000000150e-01,1.000000000000000000e+00,6.734350000000000058e-01
1.559209042239189148e+04,8.476709999999999523e-01,1.000000000000000000e+00,6.698380000000000445e-01
1.559523148274421692e+04,7.618430000000000479e-01,1.000000000000000000e+00,5.101710000000000411e-01
1.559837253272533417e+04,7.586789999999999923e-01,1.000000000000000000e+00,5.096690000000000387e-01
1.560465466332435608e+04,7.935780000000000056e-01,1.000000000000000000e+00,5.935869999999999758e-01
1.561093677365779877e+04,7.066590000000000371e-01,1.000000000000000000e+00,4.389190000000000036e-01
1.561407782375812531e+04,7.004690000000000083e-01,1.000000000000000000e+00,4.314220000000000277e-01
1.561407782375812531e+04,6.855350000000000055e-01,1.000000000000000000e+00,4.228660000000000196e-01
1.565177051591873169e+04,7.014169999999999572e-01,1.000000000000000000e+00,4.406229999999999869e-01
1.570202744901180267e+04,6.888940000000000063e-01,1.000000000000000000e+00,4.380979999999999874e-01
1.570830955934524536e+04,6.962909999999999933e-01,1.000000000000000000e+00,4.604150000000000187e-01
1.573972014129161835e+04,5.079299999999999926e-01,1.000000000000000000e+00,2.151500000000000079e-01
1.582138765621185303e+04,4.994089999999999918e-01,1.000000000000000000e+00,2.114530000000000021e-01
1.583395188689231873e+04,4.411340000000000261e-01,1.000000000000000000e+00,1.194169999999999954e-01
1.584337506747245789e+04,5.135380000000000500e-01,1.000000000000000000e+00,2.345820000000000127e-01
1.587478563940525055e+04,5.717750000000000332e-01,1.000000000000000000e+00,3.236240000000000228e-01
1.588734989023208618e+04,5.134800000000000475e-01,9.999989999999999712e-01,2.692169999999999841e-01
1.590619625139236450e+04,5.500559999999999894e-01,9.999949999999999672e-01,3.459599999999999898e-01
1.592504258239269257e+04,5.796670000000000433e-01,1.000000000000000000e+00,3.642650000000000055e-01
1.595017104387283325e+04,5.830840000000000467e-01,1.000000000000000000e+00,3.696119999999999961e-01
1.598158162569999695e+04,5.704690000000000039e-01,1.000000000000000000e+00,3.461509999999999865e-01
1.600356903707981110e+04,5.134300000000000530e-01,1.000000000000000000e+00,2.584969999999999768e-01
1.600356903707981110e+04,3.885170000000000012e-01,1.000000000000000000e+00,8.068000000000000518e-03
1.602241538822650909e+04,3.784879999999999911e-01,9.999989999999999712e-01,-7.860000000000000233e-04
1.604440280950069427e+04,5.980910000000000393e-01,1.000000000000000000e+00,2.402189999999999881e-01
1.605068491995334625e+04,6.480709999999999527e-01,1.000000000000000000e+00,3.229400000000000048e-01
1.606324915063381195e+04,8.001589999999999536e-01,1.000000000000000000e+00,5.964000000000000412e-01
1.606639022088050842e+04,8.021230000000000304e-01,1.000000000000000000e+00,6.096890000000000365e-01
1.614177563536167145e+04,8.226320000000000299e-01,1.000000000000000000e+00,6.478840000000000154e-01
1.615433986616134644e+04,8.486010000000000497e-01,1.000000000000000000e+00,6.997010000000000174e-01
1.617946833765506744e+04,8.270990000000000286e-01,1.000000000000000000e+00,6.615860000000000074e-01
1.625171269190311432e+04,8.096630000000000216e-01,1.000000000000000000e+00,6.155289999999999928e-01
1.625171269190311432e+04,7.046019999999999506e-01,1.000000000000000000e+00,4.389190000000000036e-01
1.633652129709720612e+04,4.685579999999999745e-01,1.000000000000000000e+00,9.252900000000000014e-02
1.634280339729785919e+04,6.835980000000000389e-01,1.000000000000000000e+00,4.100900000000000101e-01
1.637107293903827667e+04,4.713260000000000227e-01,1.000000000000000000e+00,1.019579999999999931e-01
1.640562459111213684e+04,4.880160000000000053e-01,1.000000000000000000e+00,1.197359999999999952e-01
1.647786896550655365e+04,5.117340000000000222e-01,1.000000000000000000e+00,1.488029999999999908e-01
1.655639545023441315e+04,4.252690000000000081e-01,1.000000000000000000e+00,-1.201799999999999917e-02
1.660665240311622620e+04,8.808000000000000551e-02,1.000000000000000000e+00,-3.585209999999999786e-01
1.661607558369636536e+04,1.458180000000000032e-01,1.000000000000000000e+00,-2.736279999999999824e-01
1.663492194485664368e+04,1.367819999999999869e-01,1.000000000000000000e+00,-3.573589999999999822e-01
1.663806300508975983e+04,1.582149999999999945e-01,1.000000000000000000e+00,-3.397939999999999849e-01
1.664748617553710938e+04,2.810920000000000085e-01,1.000000000000000000e+00,-2.297319999999999918e-01
1.665062724578380585e+04,2.953779999999999739e-01,1.000000000000000000e+00,-2.361520000000000008e-01
1.675114116179943085e+04,2.655120000000000258e-01,1.000000000000000000e+00,-2.487649999999999861e-01
1.679825706458091736e+04,8.334900000000000642e-02,1.000000000000000000e+00,-4.047649999999999859e-01
1.682966766643524170e+04,2.429449999999999943e-01,1.000000000000000000e+00,-2.526430000000000065e-01
1.686421932852268219e+04,2.859079999999999955e-01,1.000000000000000000e+00,-2.351939999999999864e-01
1.687678356921672821e+04,3.441509999999999847e-01,1.000000000000000000e+00,-1.759850000000000025e-01
1.691447628152370453e+04,3.092329999999999801e-01,1.000000000000000000e+00,-1.918759999999999910e-01
1.692389947211742401e+04,3.204089999999999994e-01,1.000000000000000000e+00,-1.852540000000000020e-01
1.696787432479858398e+04,3.922729999999999828e-01,1.000000000000000000e+00,-1.015220000000000011e-01
1.703383658862113953e+04,3.648580000000000156e-01,1.000000000000000000e+00,-1.168779999999999958e-01
1.703697764885425568e+04,4.398560000000000247e-01,1.000000000000000000e+00,-3.626999999999999669e-02
1.707467037093639374e+04,1.590759999999999952e-01,1.000000000000000000e+00,-3.214449999999999807e-01
1.713120946443080902e+04,1.662109999999999976e-01,1.000000000000000000e+00,-2.883820000000000272e-01
1.715319689583778381e+04,1.629589999999999927e-01,1.000000000000000000e+00,-3.129350000000000187e-01
1.723172341048717499e+04,7.661600000000000354e-02,1.000000000000000000e+00,-3.940029999999999921e-01
1.726941615283489227e+04,-1.482350000000000056e-01,2.543400000000000105e-01,-1.000000000000000000e+00
1.728512144374847412e+04,-4.075489999999999946e-01,-3.709099999999999897e-02,-1.000000000000000000e+00
1.729140358412265778e+04,-5.799919999999999520e-01,-2.450720000000000121e-01,-1.000000000000000000e+00
1.730082675468921661e+04,-5.483909999999999618e-01,-2.240219999999999989e-01,-1.000000000000000000e+00
1.733537842667102814e+04,-5.606510000000000105e-01,-2.420730000000000104e-01,-1.000000000000000000e+00
1.743275132250785828e+04,-3.822760000000000047e-01,-1.627199999999999827e-02,-1.000000000000000000e+00
1.743275132250785828e+04,-1.205060000000000020e-01,3.090390000000000081e-01,-1.000000000000000000e+00
1.743275132250785828e+04,-1.290070000000000106e-01,2.965169999999999750e-01,-1.000000000000000000e+00
1.743275132250785828e+04,1.576909999999999978e-01,1.000000000000000000e+00,-3.402009999999999756e-01
1.747672618520259857e+04,-2.466039999999999899e-01,2.204820000000000113e-01,-1.000000000000000000e+00
1.753640635871887207e+04,-7.098999999999999755e-02,4.275349999999999984e-01,-1.000000000000000000e+00
1.760236864268779755e+04,-2.005329999999999890e-01,2.700799999999999867e-01,-1.000000000000000000e+00
1.763692032468318939e+04,-2.131709999999999994e-01,2.619480000000000142e-01,-1.000000000000000000e+00
1.766204881620407104e+04,-4.058060000000000000e-01,3.130600000000000049e-02,-1.000000000000000000e+00
1.769345942807197571e+04,-4.080219999999999958e-01,1.329800000000000079e-02,-1.000000000000000000e+00
1.772172898983955383e+04,-5.844219999999999970e-01,-2.384670000000000123e-01,-1.000000000000000000e+00
1.772801111018657684e+04,-5.368530000000000246e-01,-1.688209999999999988e-01,-1.000000000000000000e+00
1.775313961184024811e+04,-6.575480000000000214e-01,-3.553259999999999752e-01,-1.000000000000000000e+00
1.777198598289489746e+04,-7.361609999999999543e-01,-4.917869999999999742e-01,-1.000000000000000000e+00
1.777826810324192047e+04,-6.624109999999999721e-01,-3.517080000000000206e-01,-1.000000000000000000e+00
1.780967871499061584e+04,-7.453119999999999745e-01,-5.109110000000000040e-01,-1.000000000000000000e+00
1.792903907215595245e+04,-7.506930000000000547e-01,-5.164100000000000357e-01,-1.000000000000000000e+00
1.793532120251655579e+04,-7.540400000000000436e-01,-5.202710000000000390e-01,-1.000000000000000000e+00
1.799500137615203857e+04,-7.727450000000000152e-01,-5.465320000000000178e-01,-1.000000000000000000e+00
1.822429895997047424e+04,-7.727450000000000152e-01,-5.465320000000000178e-01,-1.000000000000000000e+00
1.825256851160526276e+04,-7.747629999999999795e-01,-5.529340000000000366e-01,-1.000000000000000000e+00
1.826513276219367981e+04,-7.796319999999999917e-01,-5.486269999999999758e-01,-1.000000000000000000e+00
1.830910764503479004e+04,-8.256839999999999735e-01,-6.522790000000000532e-01,-1.000000000000000000e+00
1.833737721669673920e+04,-7.724180000000000490e-01,-5.527919999999999501e-01,-1.000000000000000000e+00
1.834365933704376221e+04,-7.920310000000000406e-01,-5.851629999999999887e-01,-1.000000000000000000e+00
1.839391635012626648e+04,-8.321549999999999780e-01,-6.624050000000000216e-01,-1.000000000000000000e+00
1.840962166094779968e+04,-8.373829999999999885e-01,-6.688659999999999606e-01,-1.000000000000000000e+00
1.849443035590648651e+04,-7.920730000000000270e-01,-5.884639999999999871e-01,-1.000000000000000000e+00
1.850699460673332214e+04,-7.761090000000000488e-01,-5.375640000000000418e-01,-1.000000000000000000e+00
1.861693182337284088e+04,-6.824210000000000553e-01,-3.627710000000000101e-01,-1.000000000000000000e+00
1.862321395373344421e+04,-7.044010000000000549e-01,-4.006190000000000029e-01,-1.000000000000000000e+00
1.867032990658283234e+04,-6.959849999999999648e-01,-3.914940000000000087e-01,-1.000000000000000000e+00
1.876456181216239929e+04,-7.802630000000000399e-01,-5.465320000000000178e-01,-1.000000000000000000e+00
1.883366521632671356e+04,-8.446669999999999456e-01,-6.763689999999999980e-01,-1.000000000000000000e+00
1.883366521632671356e+04,-8.457890000000000130e-01,-6.801500000000000323e-01,-1.000000000000000000e+00
1.885879371786117554e+04,-8.447440000000000504e-01,-6.817739999999999911e-01,-1.000000000000000000e+00
1.893732031250000000e+04,-7.758159999999999501e-01,-5.676160000000000094e-01,-9.999989999999999712e-01
1.894988456320762634e+04,-7.804959999999999676e-01,-5.774040000000000283e-01,-9.999989999999999712e-01
1.899071839570999146e+04,-7.345629999999999660e-01,-4.986940000000000262e-01,-1.000000000000000000e+00
1.909123244166374207e+04,-6.002309999999999590e-01,-2.915229999999999766e-01,-1.000000000000000000e+00
1.914777160513401031e+04,-5.335910000000000375e-01,-1.775249999999999884e-01,-1.000000000000000000e+00
1.915405373549461365e+04,-5.181550000000000322e-01,-1.571150000000000047e-01,-1.000000000000000000e+00
1.917918224692344666e+04,-2.630029999999999868e-01,1.613970000000000127e-01,-1.000000000000000000e+00
1.924200353074073792e+04,-2.458650000000000002e-01,1.727380000000000027e-01,-1.000000000000000000e+00
1.928283737313747406e+04,-5.438899999999999985e-02,3.776140000000000052e-01,-1.000000000000000000e+00
1.930168375432491302e+04,2.892649999999999944e-01,1.000000000000000000e+00,-1.914170000000000038e-01
1.930796588468551636e+04,-3.782300000000000245e-02,3.597400000000000042e-01,-1.000000000000000000e+00
1.932367121565341949e+04,2.564649999999999985e-01,1.000000000000000000e+00,-2.176740000000000064e-01
1.938963354945182800e+04,2.720290000000000208e-01,1.000000000000000000e+00,-1.989660000000000040e-01
1.939591568994522095e+04,4.340999999999999720e-02,9.999989999999999712e-01,-3.561860000000000026e-01
1.939591568994522095e+04,-8.096000000000000765e-03,3.029339999999999811e-01,-9.999989999999999712e-01
1.941790315139293671e+04,-1.120580000000000048e-01,2.256340000000000012e-01,-9.999989999999999712e-01
1.943989059257507324e+04,-6.852900000000000658e-02,2.577780000000000071e-01,-9.999989999999999712e-01
1.946816019427776337e+04,-1.780299999999999938e-02,2.647079999999999989e-01,-1.000000000000000000e+00
1.947130126464366913e+04,1.145950000000000024e-01,9.999989999999999712e-01,-2.813899999999999735e-01
1.951527614712715149e+04,-2.954800000000000135e-02,2.645730000000000026e-01,-1.000000000000000000e+00
1.953412254834175110e+04,1.803049999999999931e-01,7.623029999999999529e-01,-3.200450000000000239e-01
1.954354573881626129e+04,4.153049999999999797e-01,9.999980000000000535e-01,1.659509999999999874e-01
1.958123851096630096e+04,3.861899999999999777e-01,1.000000000000000000e+00,1.330500000000000016e-01
1.960322596228122711e+04,1.427599999999999980e-01,8.222310000000000452e-01,-3.331509999999999749e-01
1.960950809264183044e+04,4.000650000000000039e-01,9.999730000000000008e-01,1.595630000000000104e-01
1.966918832623958588e+04,4.313130000000000019e-01,9.999930000000000208e-01,2.193180000000000129e-01
1.968489365720748901e+04,2.187109999999999888e-01,7.583469999999999933e-01,-1.402519999999999878e-01
1.972258644950389862e+04,2.187109999999999888e-01,7.583469999999999933e-01,-1.402519999999999878e-01
1.974457389080524445e+04,4.259939999999999838e-01,1.000000000000000000e+00,2.029779999999999918e-01
1.976342030203342438e+04,5.759050000000000002e-01,1.000000000000000000e+00,3.882680000000000020e-01
1.980111305403709412e+04,4.274089999999999834e-01,8.652859999999999996e-01,8.709200000000000275e-02
1.982310051548480988e+04,4.068780000000000174e-01,9.999919999999999920e-01,2.020019999999999871e-01
1.983880584633350372e+04,4.127719999999999723e-01,9.999919999999999920e-01,2.118970000000000020e-01
1.991105035066604614e+04,2.540490000000000248e-01,7.233640000000000070e-01,-1.000019999999999937e-01
1.991419142091274261e+04,2.808939999999999770e-01,6.981309999999999460e-01,-7.272800000000000098e-02
1.992675568175315857e+04,2.728099999999999969e-02,5.454719999999999569e-01,-3.705379999999999785e-01
1.992675568175315857e+04,2.099600000000000077e-02,4.917099999999999804e-01,-4.000090000000000034e-01
1.995816633355617523e+04,5.357999999999999916e-03,5.374020000000000463e-01,-3.658989999999999743e-01
2.003669297838211060e+04,-2.890600000000000114e-02,4.852350000000000274e-01,-4.830980000000000274e-01
2.005239829921722412e+04,-7.896999999999999506e-03,5.095420000000000504e-01,-4.372570000000000068e-01
2.005553936946392059e+04,-2.066659999999999886e-01,3.038799999999999835e-01,-6.846520000000000383e-01
2.007124469029903412e+04,-2.350420000000000009e-01,3.508999999999999966e-03,-1.000000000000000000e+00
2.007438576054573059e+04,4.123199999999999782e-02,5.500180000000000069e-01,-3.066090000000000204e-01
2.012464280343055725e+04,-1.067489999999999967e-01,3.932140000000000080e-01,-4.934200000000000252e-01
2.014034813439846039e+04,-2.224059999999999926e-01,2.598739999999999939e-01,-6.481700000000000239e-01
2.014348919463157654e+04,-2.289210000000000134e-01,8.385000000000000092e-03,-1.000000000000000000e+00
2.015291241526603699e+04,-2.085690000000000044e-01,4.978500000000000286e-02,-1.000000000000000000e+00
2.015919452548027039e+04,-1.485849999999999949e-01,9.434199999999999531e-02,-1.000000000000000000e+00
2.017489986658096313e+04,-1.614939999999999987e-01,8.136300000000000476e-02,-1.000000000000000000e+00
2.019060517740249634e+04,-1.692899999999999960e-01,8.076400000000000245e-02,-1.000000000000000000e+00
2.025342650115489960e+04,-3.915699999999999736e-02,4.852350000000000274e-01,-5.049120000000000275e-01
2.026284971177577972e+04,1.269039999999999890e-01,6.852970000000000450e-01,-2.429679999999999895e-01
2.030682462441921234e+04,1.357180000000000053e-01,6.992930000000000534e-01,-2.334819999999999951e-01
2.034137635648250580e+04,-4.667600000000000221e-02,4.835610000000000186e-01,-5.242189999999999905e-01
2.036022274756431580e+04,-6.072600000000000220e-02,4.835610000000000186e-01,-5.420270000000000366e-01
2.037906913864612579e+04,2.071800000000000030e-01,6.689079999999999471e-01,-1.488109999999999988e-01
2.038849234926700592e+04,1.721500000000000113e-02,5.029000000000000137e-01,-3.667949999999999822e-01
2.039163339948654175e+04,-4.603000000000000320e-03,4.907429999999999848e-01,-4.124360000000000248e-01
2.040733876049518585e+04,1.480609999999999982e-01,6.601209999999999578e-01,-2.253590000000000038e-01
2.045759580349922180e+04,1.210210000000000036e-01,6.752610000000000001e-01,-2.338840000000000086e-01
2.054554566872119904e+04,1.791149999999999964e-01,6.393419999999999659e-01,-2.095779999999999865e-01
2.062093124318122864e+04,1.874810000000000088e-01,6.702000000000000179e-01,-1.744360000000000077e-01
2.063035445380210876e+04,3.447200000000000264e-01,7.935470000000000024e-01,-1.954099999999999934e-02
2.064291871440410614e+04,3.547609999999999930e-01,8.010950000000000015e-01,-2.874999999999999951e-03
2.065548297524452209e+04,3.381919999999999926e-01,8.010950000000000015e-01,-2.419800000000000076e-02
2.065548297524452209e+04,3.577259999999999884e-01,8.168699999999999850e-01,1.849100000000000049e-02
2.065548297524452209e+04,2.042110000000000036e-01,6.993279999999999497e-01,-1.439640000000000086e-01
2.066176512575149536e+04,4.294180000000000219e-01,8.093639999999999723e-01,1.323040000000000049e-01
2.066490618586540222e+04,4.135519999999999752e-01,8.530799999999999494e-01,1.243559999999999943e-01
2.069945793807506561e+04,2.901900000000000035e-01,6.912479999999999736e-01,-2.221800000000000164e-02
2.070574004828929901e+04,2.623920000000000141e-01,6.338409999999999878e-01,-7.886400000000000354e-02
2.072772751963138580e+04,2.344009999999999982e-01,6.225990000000000135e-01,-9.621599999999999597e-02
2.076227924156188965e+04,3.540400000000000214e-01,7.403239999999999821e-01,3.890500000000000208e-02
2.078426673305034637e+04,3.042909999999999782e-01,6.991370000000000084e-01,-3.939800000000000246e-02
2.080625418436527252e+04,2.555740000000000234e-01,6.611730000000000107e-01,-1.059530000000000055e-01
2.080625418436527252e+04,3.853489999999999971e-01,8.294639999999999791e-01,6.164399999999999741e-02
2.081881844496726990e+04,5.248369999999999980e-01,9.999949999999999672e-01,3.461620000000000252e-01
2.083452378606796265e+04,5.318009999999999682e-01,8.493169999999999886e-01,3.042019999999999724e-01
2.084080593645572662e+04,5.497570000000000512e-01,8.128090000000000037e-01,3.095700000000000118e-01
2.086907552814483643e+04,5.171519999999999451e-01,8.061559999999999837e-01,2.782819999999999738e-01
2.086907552814483643e+04,4.853729999999999989e-01,7.902580000000000160e-01,2.433750000000000080e-01
2.088163978874683380e+04,4.607840000000000269e-01,7.902580000000000160e-01,2.221569999999999934e-01
2.088478084897994995e+04,4.135090000000000154e-01,7.622529999999999584e-01,1.448419999999999985e-01
2.091933258104324341e+04,3.459329999999999905e-01,7.310990000000000544e-01,4.067500000000000282e-02
2.092561472129821777e+04,2.855500000000000260e-01,6.664489999999999581e-01,-5.656200000000000117e-02
