# Time,Median,Upper Error,Lower Error
8.390704921483993530e+02,6.370869999999999589e-01,1.000000000000000000e+00,3.642230000000000190e-01
8.516344233751296997e+02,6.396269999999999456e-01,1.000000000000000000e+00,3.403930000000000011e-01
8.579164237976074219e+02,7.056820000000000315e-01,1.000000000000000000e+00,4.619900000000000118e-01
9.018904963731765747e+02,7.541949999999999488e-01,1.000000000000000000e+00,5.500059999999999949e-01
9.050314865112304688e+02,7.908169999999999922e-01,1.000000000000000000e+00,6.159850000000000048e-01
9.050314865112304688e+02,7.565819999999999768e-01,1.000000000000000000e+00,5.528889999999999638e-01
9.050314865112304688e+02,7.896020000000000261e-01,1.000000000000000000e+00,6.030450000000000532e-01
9.395825287103652954e+02,8.208670000000000133e-01,1.000000000000000000e+00,6.588540000000000507e-01
1.014966633200645447e+03,7.923369999999999580e-01,1.000000000000000000e+00,5.873580000000000467e-01
1.024389653682708740e+03,8.167170000000000263e-01,1.000000000000000000e+00,6.368260000000000032e-01
1.033812664270401001e+03,8.285879999999999912e-01,1.000000000000000000e+00,6.603679999999999550e-01
1.058940675973892212e+03,8.505909999999999860e-01,1.000000000000000000e+00,7.098250000000000393e-01
1.084068727374076843e+03,8.529900000000000260e-01,1.000000000000000000e+00,7.129769999999999719e-01
1.084068727374076843e+03,8.589229999999999920e-01,1.000000000000000000e+00,7.211009999999999920e-01
1.102914758563041687e+03,8.719440000000000524e-01,1.000000000000000000e+00,7.432569999999999455e-01
1.124901809692382812e+03,8.825039999999999552e-01,1.000000000000000000e+00,7.633320000000000105e-01
1.150029831171035767e+03,8.610520000000000396e-01,1.000000000000000000e+00,7.096230000000000038e-01
1.159452861785888672e+03,8.293530000000000069e-01,1.000000000000000000e+00,6.300890000000000102e-01
1.162593852043151855e+03,8.252209999999999823e-01,1.000000000000000000e+00,6.249649999999999928e-01
1.168875862360000610e+03,7.710989999999999789e-01,1.000000000000000000e+00,5.146779999999999688e-01
1.206567934632301331e+03,7.809139999999999970e-01,1.000000000000000000e+00,5.392989999999999728e-01
1.225413965702056885e+03,7.838650000000000340e-01,1.000000000000000000e+00,5.425229999999999775e-01
1.237977996349334717e+03,7.818779999999999619e-01,1.000000000000000000e+00,5.385689999999999644e-01
1.297657099843025208e+03,7.714820000000000011e-01,1.000000000000000000e+00,5.107049999999999645e-01
1.300798090100288391e+03,7.682550000000000212e-01,1.000000000000000000e+00,4.966829999999999856e-01
1.307080110430717468e+03,8.123080000000000300e-01,1.000000000000000000e+00,6.004890000000000505e-01
1.313362100958824158e+03,8.272199999999999553e-01,1.000000000000000000e+00,6.262450000000000516e-01
1.332208132147789001e+03,8.261899999999999800e-01,1.000000000000000000e+00,6.385589999999999877e-01
1.344772182703018188e+03,6.503189999999999804e-01,1.000000000000000000e+00,3.040769999999999862e-01
1.351054173231124878e+03,7.929899999999999727e-01,1.000000000000000000e+00,5.541570000000000107e-01
1.373041234493255615e+03,7.865649999999999586e-01,1.000000000000000000e+00,5.387340000000000462e-01
1.413874306917190552e+03,8.011009999999999520e-01,1.000000000000000000e+00,5.755959999999999965e-01
1.470412400245666504e+03,8.872419999999999751e-01,1.000000000000000000e+00,7.463389999999999747e-01
1.486117431282997131e+03,8.605789999999999829e-01,1.000000000000000000e+00,6.975710000000000521e-01
1.536373544216156006e+03,8.600910000000000499e-01,1.000000000000000000e+00,6.921829999999999927e-01
1.555219585299491882e+03,8.313120000000000509e-01,1.000000000000000000e+00,6.100689999999999724e-01
1.558360585570335388e+03,7.672200000000000131e-01,1.000000000000000000e+00,4.640529999999999933e-01
1.567783615946769714e+03,6.557070000000000398e-01,1.000000000000000000e+00,2.432209999999999928e-01
1.577206626653671265e+03,6.491590000000000416e-01,1.000000000000000000e+00,2.261980000000000102e-01
1.621180729150772095e+03,6.164199999999999680e-01,1.000000000000000000e+00,1.918310000000000015e-01
1.640026780247688293e+03,6.487669999999999826e-01,1.000000000000000000e+00,2.389249999999999985e-01
1.643167770504951477e+03,5.955289999999999750e-01,1.000000000000000000e+00,1.621120000000000061e-01
1.643167770504951477e+03,5.899119999999999919e-01,1.000000000000000000e+00,1.540610000000000035e-01
1.709128924489021301e+03,5.927120000000000166e-01,1.000000000000000000e+00,1.454989999999999895e-01
1.737397986054420471e+03,6.030750000000000277e-01,1.000000000000000000e+00,1.488490000000000091e-01
1.746820996880531311e+03,5.789320000000000022e-01,1.000000000000000000e+00,1.130690000000000028e-01
1.756244037270545959e+03,5.834580000000000322e-01,1.000000000000000000e+00,1.016610000000000014e-01
1.762526047706604004e+03,5.811640000000000139e-01,1.000000000000000000e+00,1.202040000000000053e-01
1.834769212007522583e+03,5.863329999999999931e-01,1.000000000000000000e+00,1.398899999999999866e-01
1.841051232337951660e+03,6.277559999999999807e-01,1.000000000000000000e+00,2.139409999999999923e-01
1.878743334650993347e+03,6.128679999999999684e-01,1.000000000000000000e+00,1.841909999999999936e-01
1.957268539190292358e+03,6.370130000000000514e-01,1.000000000000000000e+00,2.287289999999999879e-01
1.991819631338119507e+03,6.280599999999999516e-01,1.000000000000000000e+00,2.078339999999999910e-01
2.007524662256240845e+03,6.266429999999999501e-01,1.000000000000000000e+00,2.107749999999999901e-01
2.064062815666198730e+03,6.164199999999999680e-01,1.000000000000000000e+00,1.918310000000000015e-01
2.079767876505851746e+03,6.093990000000000240e-01,1.000000000000000000e+00,1.476020000000000110e-01
2.139447049975395203e+03,4.374830000000000108e-01,1.000000000000000000e+00,-5.643800000000000205e-02
2.158293111085891724e+03,4.108189999999999897e-01,1.000000000000000000e+00,-9.781099999999999517e-02
2.158293111085891724e+03,4.409669999999999979e-01,1.000000000000000000e+00,-8.132100000000000439e-02
2.183421162843704224e+03,4.076899999999999968e-01,1.000000000000000000e+00,-1.047180000000000055e-01
2.227395305395126343e+03,5.954810000000000381e-01,1.000000000000000000e+00,1.592999999999999972e-01
2.243100346326828003e+03,5.834219999999999962e-01,1.000000000000000000e+00,1.280540000000000012e-01
2.252523386836051941e+03,5.954399999999999693e-01,1.000000000000000000e+00,1.268600000000000005e-01
2.265087407708168030e+03,5.701549999999999674e-01,1.000000000000000000e+00,8.110599999999999754e-02
2.287074498891830444e+03,5.584179999999999700e-01,1.000000000000000000e+00,5.161999999999999922e-02
2.327907621264457703e+03,5.949889999999999901e-01,1.000000000000000000e+00,1.622109999999999941e-01
2.359317713260650635e+03,5.928970000000000073e-01,1.000000000000000000e+00,1.488490000000000091e-01
2.390727825164794922e+03,6.142039999999999722e-01,1.000000000000000000e+00,1.494560000000000055e-01
2.390727825164794922e+03,6.628929999999999545e-01,1.000000000000000000e+00,2.441089999999999927e-01
2.431560957551002502e+03,8.045989999999999531e-01,1.000000000000000000e+00,5.373329999999999496e-01
2.450407018661499023e+03,8.202509999999999524e-01,1.000000000000000000e+00,5.833350000000000479e-01
2.450407018661499023e+03,8.277499999999999858e-01,1.000000000000000000e+00,6.067550000000000443e-01
2.535214323639869690e+03,8.412309999999999510e-01,1.000000000000000000e+00,6.252900000000000125e-01
2.544637344241142273e+03,8.075259999999999661e-01,1.000000000000000000e+00,5.804589999999999472e-01
2.569765445709228516e+03,7.104519999999999724e-01,1.000000000000000000e+00,4.190019999999999856e-01
2.572906445860862732e+03,6.888950000000000351e-01,1.000000000000000000e+00,3.848150000000000182e-01
2.610598588109016418e+03,6.920279999999999765e-01,1.000000000000000000e+00,3.868860000000000077e-01
2.629444659233093262e+03,6.827480000000000215e-01,1.000000000000000000e+00,3.634780000000000233e-01
2.660854761123657227e+03,7.049680000000000391e-01,1.000000000000000000e+00,4.182440000000000047e-01
2.673418811917304993e+03,7.045240000000000391e-01,1.000000000000000000e+00,3.920009999999999883e-01
2.679700842261314392e+03,6.868100000000000316e-01,1.000000000000000000e+00,3.627659999999999774e-01
2.704828933715820312e+03,6.891410000000000036e-01,1.000000000000000000e+00,3.333400000000000252e-01
2.761367147088050842e+03,6.328310000000000324e-01,1.000000000000000000e+00,2.382090000000000041e-01
2.773931197881698608e+03,6.803369999999999695e-01,1.000000000000000000e+00,3.254839999999999955e-01
2.780213218212127686e+03,6.043899999999999828e-01,1.000000000000000000e+00,2.198299999999999976e-01
2.783354248285293579e+03,5.746170000000000444e-01,1.000000000000000000e+00,1.405689999999999995e-01
2.836751451492309570e+03,5.528760000000000341e-01,1.000000000000000000e+00,1.200740000000000002e-01
2.839892461776733398e+03,5.606320000000000192e-01,1.000000000000000000e+00,1.576680000000000026e-01
2.839892461776733398e+03,7.244660000000000544e-01,1.000000000000000000e+00,4.179629999999999734e-01
2.846174482226371765e+03,6.407420000000000337e-01,1.000000000000000000e+00,2.891569999999999974e-01
2.852456512570381165e+03,6.303130000000000122e-01,1.000000000000000000e+00,2.730170000000000097e-01
2.880725624322891235e+03,6.797830000000000261e-01,1.000000000000000000e+00,3.574600000000000000e-01
2.924699806809425354e+03,5.261010000000000408e-01,1.000000000000000000e+00,1.028840000000000032e-01
2.927840817093849182e+03,3.101249999999999840e-01,1.000000000000000000e+00,-1.430099999999999982e-01
2.946686898112297058e+03,2.867520000000000069e-01,1.000000000000000000e+00,-1.606460000000000110e-01
2.968673979520797729e+03,3.193759999999999932e-01,1.000000000000000000e+00,-1.020120000000000055e-01
3.031494263172149658e+03,2.997929999999999762e-01,1.000000000000000000e+00,-1.504719999999999946e-01
3.081750466227531433e+03,3.385079999999999756e-01,1.000000000000000000e+00,-1.058240000000000014e-01
3.081750466227531433e+03,3.249650000000000039e-01,1.000000000000000000e+00,-1.335330000000000128e-01
3.138288729548454285e+03,3.187360000000000193e-01,1.000000000000000000e+00,-1.104050000000000031e-01
3.157134790778160095e+03,3.416779999999999817e-01,9.999989999999999712e-01,-3.578800000000000037e-02
3.182262912154197693e+03,2.742180000000000173e-01,1.000000000000000000e+00,-1.453450000000000020e-01
3.197967993021011353e+03,3.254790000000000183e-01,9.999989999999999712e-01,-7.512199999999999434e-02
3.201109003305435181e+03,3.819839999999999902e-01,1.000000000000000000e+00,-9.523000000000000215e-03
3.251365226268768311e+03,2.196069999999999967e-01,1.000000000000000000e+00,-2.250739999999999963e-01
3.254506246447563171e+03,5.623359999999999470e-01,1.000000000000000000e+00,2.287700000000000011e-01
3.254506246447563171e+03,7.337949999999999751e-01,1.000000000000000000e+00,4.764669999999999739e-01
3.260788276791572571e+03,6.508059999999999956e-01,1.000000000000000000e+00,3.112429999999999919e-01
3.292198408722877502e+03,6.428930000000000478e-01,1.000000000000000000e+00,3.108369999999999744e-01
3.314185510158538818e+03,6.871509999999999563e-01,1.000000000000000000e+00,3.883550000000000058e-01
3.317326530218124390e+03,6.546760000000000357e-01,1.000000000000000000e+00,3.052300000000000013e-01
3.345595661997795105e+03,5.089869999999999672e-01,1.000000000000000000e+00,4.901699999999999807e-02
3.348736692070960999e+03,4.656569999999999876e-01,1.000000000000000000e+00,-1.128400000000000063e-02
3.373864813446998596e+03,3.199549999999999894e-01,1.000000000000000000e+00,-1.993179999999999952e-01
3.414698006033897400e+03,3.122880000000000100e-01,1.000000000000000000e+00,-1.988840000000000052e-01
3.417839016199111938e+03,2.958709999999999951e-01,1.000000000000000000e+00,-2.246569999999999956e-01
3.424121046543121338e+03,2.805270000000000263e-01,1.000000000000000000e+00,-2.602720000000000034e-01
3.427262066602706909e+03,4.211299999999999766e-02,9.999970000000000248e-01,-4.391900000000000248e-01
3.433544107079505920e+03,-1.829240000000000033e-01,2.581200000000000161e-01,-1.000000000000000000e+00
3.486941370248794556e+03,-4.129959999999999742e-01,-6.625999999999999945e-03,-1.000000000000000000e+00
3.486941370248794556e+03,-3.944719999999999893e-01,3.758999999999999841e-02,-1.000000000000000000e+00
3.490082370519638062e+03,-1.884919999999999929e-01,2.595140000000000224e-01,-1.000000000000000000e+00
3.534056603074073792e+03,-2.336689999999999878e-01,2.334029999999999994e-01,-1.000000000000000000e+00
3.559184714674949646e+03,-2.386270000000000058e-01,2.215930000000000122e-01,-1.000000000000000000e+00
3.578030815720558167e+03,2.758899999999999894e-02,9.999989999999999712e-01,-4.427679999999999949e-01
3.622005038380622864e+03,2.999430000000000152e-01,1.000000000000000000e+00,-2.355389999999999984e-01
3.728799594759941101e+03,3.169930000000000248e-01,1.000000000000000000e+00,-2.123819999999999875e-01
3.807325029373168945e+03,3.151740000000000097e-01,1.000000000000000000e+00,-2.118140000000000023e-01
3.838735201239585876e+03,3.542449999999999766e-01,1.000000000000000000e+00,-1.466629999999999878e-01
3.879568423628807068e+03,3.079770000000000008e-01,1.000000000000000000e+00,-2.298010000000000053e-01
3.895273514628410339e+03,3.420030000000000014e-01,1.000000000000000000e+00,-1.702780000000000127e-01
3.998927090883255005e+03,3.478089999999999793e-01,1.000000000000000000e+00,-1.610779999999999990e-01
3.998927090883255005e+03,2.186349999999999960e-01,1.000000000000000000e+00,-3.088029999999999942e-01
4.017773221850395203e+03,2.053159999999999985e-01,1.000000000000000000e+00,-3.211459999999999870e-01
4.027196262478828430e+03,1.670069999999999888e-01,1.000000000000000000e+00,-3.547390000000000265e-01
4.046042363643646240e+03,1.329539999999999889e-01,1.000000000000000000e+00,-3.896560000000000024e-01
4.052324414014816284e+03,2.092960000000000098e-01,1.000000000000000000e+00,-3.121019999999999905e-01
4.096298666596412659e+03,1.306100000000000039e-01,1.000000000000000000e+00,-3.785830000000000028e-01
4.099439686655998230e+03,1.114060000000000050e-01,1.000000000000000000e+00,-4.021069999999999922e-01
4.099439686655998230e+03,2.038919999999999899e-01,1.000000000000000000e+00,-3.255560000000000120e-01
4.124567838311195374e+03,2.027039999999999953e-01,1.000000000000000000e+00,-3.229270000000000196e-01
4.149695979833602905e+03,2.078899999999999845e-02,9.999980000000000535e-01,-4.688890000000000002e-01
4.149695979833602905e+03,5.344999999999999751e-02,9.999980000000000535e-01,-4.478219999999999978e-01
4.155978020071983337e+03,-1.283559999999999979e-01,3.500610000000000110e-01,-1.000000000000000000e+00
4.155978020071983337e+03,-9.898099999999999954e-02,3.454110000000000236e-01,-1.000000000000000000e+00
4.190529222130775452e+03,1.939790000000000125e-01,1.000000000000000000e+00,-3.250469999999999748e-01
4.221939424037933350e+03,1.971249999999999947e-01,1.000000000000000000e+00,-3.113130000000000064e-01
4.388413453936576843e+03,-1.149870000000000059e-01,3.062590000000000034e-01,-1.000000000000000000e+00
4.407259565114974976e+03,1.143300000000000045e-02,9.999940000000000495e-01,-4.014429999999999943e-01
4.441810777306556702e+03,3.182260000000000089e-01,1.000000000000000000e+00,-8.793199999999999628e-02
4.463797918558120728e+03,4.958699999999999775e-01,1.000000000000000000e+00,8.432399999999999618e-02
4.470079968810081482e+03,5.962239999999999762e-01,1.000000000000000000e+00,1.858209999999999862e-01
4.526618332266807556e+03,5.933619999999999450e-01,1.000000000000000000e+00,2.058689999999999964e-01
4.532900372624397278e+03,5.693059999999999787e-01,1.000000000000000000e+00,1.662700000000000011e-01
4.542323443055152893e+03,4.663519999999999888e-01,1.000000000000000000e+00,-1.651599999999999943e-02
4.576874665141105652e+03,4.374830000000000108e-01,1.000000000000000000e+00,-5.643800000000000205e-02
4.617707937598228455e+03,3.916870000000000074e-01,1.000000000000000000e+00,-1.231290000000000023e-01
4.633413038611412048e+03,4.376050000000000217e-01,1.000000000000000000e+00,-7.711199999999999999e-02
4.633413038611412048e+03,4.466240000000000210e-01,1.000000000000000000e+00,-4.631099999999999800e-02
4.636554068684577942e+03,4.905579999999999941e-01,1.000000000000000000e+00,8.059999999999999673e-04
4.639695078969001770e+03,4.604219999999999979e-01,1.000000000000000000e+00,-5.585799999999999793e-02
4.661682230114936829e+03,4.547359999999999736e-01,1.000000000000000000e+00,-6.379899999999999460e-02
4.708797552943229675e+03,4.500839999999999841e-01,1.000000000000000000e+00,-6.634099999999999719e-02
4.708797552943229675e+03,4.108319999999999750e-01,1.000000000000000000e+00,-9.781099999999999517e-02
4.711938563227653503e+03,6.315359999999999863e-01,1.000000000000000000e+00,2.711609999999999854e-01
4.781041037321090698e+03,5.460019999999999873e-01,1.000000000000000000e+00,1.053469999999999962e-01
4.837579420685768127e+03,5.193699999999999983e-01,1.000000000000000000e+00,5.841899999999999871e-02
4.850143511533737183e+03,3.717380000000000129e-01,1.000000000000000000e+00,-1.406459999999999932e-01
4.872130672693252563e+03,2.694849999999999746e-01,1.000000000000000000e+00,-2.498019999999999963e-01
4.982066449284553528e+03,3.708009999999999917e-01,1.000000000000000000e+00,-1.355770000000000031e-01
5.000912580490112305e+03,3.704020000000000090e-01,1.000000000000000000e+00,-1.403840000000000088e-01
5.032322812199592590e+03,3.801120000000000054e-01,1.000000000000000000e+00,-1.368270000000000042e-01
5.095143265962600708e+03,3.749109999999999943e-01,1.000000000000000000e+00,-1.193639999999999979e-01
5.098284286260604858e+03,6.081739999999999924e-01,1.000000000000000000e+00,2.259780000000000122e-01
5.123412477731704712e+03,5.377410000000000245e-01,1.000000000000000000e+00,8.114999999999999991e-02
5.139117588758468628e+03,6.579380000000000228e-01,1.000000000000000000e+00,2.286390000000000089e-01
5.148540659189224243e+03,4.772159999999999735e-01,1.000000000000000000e+00,-9.799999999999999684e-05
5.151681679487228394e+03,2.371209999999999984e-01,1.000000000000000000e+00,-3.007380000000000053e-01
5.164245770215988159e+03,2.816750000000000087e-01,9.999989999999999712e-01,-2.404390000000000138e-01
5.173668840765953064e+03,5.251209999999999489e-01,1.000000000000000000e+00,-4.090000000000000211e-04
5.227066253781318665e+03,4.681060000000000221e-01,1.000000000000000000e+00,-8.481400000000000050e-02
5.261617505908012390e+03,4.695829999999999727e-01,1.000000000000000000e+00,-8.519300000000000483e-02
5.264758526086807251e+03,5.315539999999999710e-01,1.000000000000000000e+00,1.231999999999999935e-02
5.308732868671417236e+03,5.682660000000000489e-01,1.000000000000000000e+00,1.020090000000000025e-01
5.315014909148216248e+03,5.319850000000000412e-01,1.000000000000000000e+00,1.819600000000000037e-02
5.321296959519386292e+03,5.064999999999999503e-01,1.000000000000000000e+00,-1.639399999999999885e-02
5.368412322282791138e+03,6.020720000000000516e-01,1.000000000000000000e+00,1.791540000000000077e-01
5.368412322282791138e+03,6.104049999999999754e-01,1.000000000000000000e+00,1.863259999999999916e-01
5.374694372653961182e+03,5.814030000000000031e-01,1.000000000000000000e+00,1.671930000000000083e-01
5.428091785788536072e+03,6.750909999999999966e-01,1.000000000000000000e+00,3.009879999999999778e-01
5.468925098180770874e+03,4.202569999999999917e-01,9.999989999999999712e-01,-5.947800000000000309e-02
5.490912269592285156e+03,4.799889999999999990e-01,1.000000000000000000e+00,1.529900000000000010e-02
5.560014813661575317e+03,4.352219999999999978e-01,1.000000000000000000e+00,-6.099399999999999961e-02
5.585143015265464783e+03,4.591419999999999946e-01,1.000000000000000000e+00,-3.546000000000000107e-03
5.629117367863655090e+03,4.546569999999999778e-01,1.000000000000000000e+00,-1.092500000000000068e-02
5.660527619719505310e+03,3.552819999999999867e-01,1.000000000000000000e+00,-1.512370000000000103e-01
5.666809669971466064e+03,3.264000000000000234e-01,1.000000000000000000e+00,-1.941209999999999880e-01
5.669950700163841248e+03,3.640789999999999860e-01,1.000000000000000000e+00,-1.403840000000000088e-01
5.682514810919761658e+03,4.193729999999999958e-01,1.000000000000000000e+00,-4.493300000000000072e-02
5.742194294452667236e+03,5.969139999999999446e-01,1.000000000000000000e+00,1.944720000000000060e-01
5.761040445685386658e+03,6.265330000000000066e-01,1.000000000000000000e+00,2.539379999999999971e-01
5.789309677362442017e+03,6.231630000000000225e-01,1.000000000000000000e+00,2.406320000000000126e-01
5.811296858549118042e+03,3.860250000000000070e-01,1.000000000000000000e+00,-1.096680000000000016e-01
5.823860969424247742e+03,4.230789999999999829e-01,1.000000000000000000e+00,-6.999900000000000566e-02
5.830143009781837463e+03,1.992909999999999959e-01,1.000000000000000000e+00,-3.099199999999999733e-01
5.845848150610923767e+03,-1.716110000000000135e-01,2.815420000000000145e-01,-1.000000000000000000e+00
5.855271221280097961e+03,-1.163860000000000033e-01,3.077039999999999775e-01,-1.000000000000000000e+00
5.896104563713073730e+03,-3.426100000000000256e-01,4.242900000000000144e-02,-1.000000000000000000e+00
5.896104563713073730e+03,-9.228799999999999504e-02,3.007819999999999938e-01,-1.000000000000000000e+00
5.896104563713073730e+03,2.813620000000000010e-01,1.000000000000000000e+00,-8.734000000000000097e-02
5.974630228400230408e+03,-5.790100000000000108e-02,2.510609999999999786e-01,-9.999980000000000535e-01
5.980912278652191162e+03,4.300699999999999662e-02,6.625149999999999650e-01,-5.098279999999999479e-01
5.984053318858146667e+03,1.000209999999999988e-01,7.409970000000000168e-01,-3.536420000000000119e-01
6.012322550654411316e+03,-3.846200000000000313e-02,5.663500000000000201e-01,-6.565250000000000252e-01
6.015463580727577209e+03,-1.048990000000000061e-01,1.929559999999999886e-01,-9.999980000000000535e-01
6.050014872908592224e+03,-6.991200000000000192e-02,2.275339999999999863e-01,-9.999980000000000535e-01
6.056296923279762268e+03,9.099599999999999356e-02,7.345450000000000035e-01,-3.362439999999999873e-01
6.062578983545303345e+03,-9.952300000000000035e-02,4.419199999999999795e-01,-6.431810000000000027e-01
6.087707205057144165e+03,-2.904699999999999990e-02,5.887550000000000283e-01,-4.229930000000000079e-01
6.103412336111068726e+03,-6.407999999999999807e-02,4.568749999999999756e-01,-5.593839999999999923e-01
6.128540557503700256e+03,-2.605100000000000193e-01,-2.754699999999999857e-02,-1.000000000000000000e+00
6.134822607874870300e+03,-2.966300000000000048e-01,-5.120100000000000345e-02,-1.000000000000000000e+00
6.137963628172874451e+03,-3.125089999999999812e-01,-2.621899999999999925e-02,-1.000000000000000000e+00
6.144245688438415527e+03,-2.327470000000000094e-01,3.163799999999999946e-02,-1.000000000000000000e+00
6.147386718630790710e+03,-1.478849999999999887e-01,4.671819999999999862e-01,-6.136530000000000040e-01
6.169373900175094604e+03,-2.368329999999999880e-01,2.424899999999999972e-02,-1.000000000000000000e+00
6.172514930248260498e+03,-2.478249999999999897e-01,1.614399999999999863e-02,-1.000000000000000000e+00
6.181938020706176758e+03,-1.202899999999999976e-02,4.762330000000000174e-01,-4.678720000000000101e-01
6.229053433537483215e+03,-4.813400000000000317e-02,5.008810000000000207e-01,-4.823100000000000165e-01
6.260463705420494080e+03,-2.094370000000000120e-01,3.226840000000000264e-01,-6.779950000000000143e-01
6.260463705420494080e+03,-2.848339999999999761e-01,-6.220099999999999935e-02,-9.999989999999999712e-01
6.260463705420494080e+03,-4.835659999999999958e-01,-2.567889999999999895e-01,-1.000000000000000000e+00
6.269886795997619629e+03,-3.937829999999999941e-01,-1.785819999999999907e-01,-1.000000000000000000e+00
6.269886795997619629e+03,-4.841429999999999900e-01,-2.583550000000000013e-01,-1.000000000000000000e+00
6.298156047701835632e+03,-3.874040000000000261e-01,-1.511319999999999886e-01,-1.000000000000000000e+00
6.320143239021301270e+03,-5.154649999999999510e-01,-2.888729999999999909e-01,-1.000000000000000000e+00
6.329566329479217529e+03,-3.053379999999999983e-01,-7.873099999999999543e-02,-1.000000000000000000e+00
6.408092034220695496e+03,-8.873200000000000531e-02,4.039559999999999818e-01,-5.086979999999999835e-01
6.408092034220695496e+03,-9.711500000000000687e-02,4.063869999999999982e-01,-5.288910000000000000e-01
6.414374084591865540e+03,-6.803399999999999725e-02,4.855889999999999929e-01,-5.335429999999999895e-01
6.439502316117286682e+03,-7.410100000000000020e-02,4.635480000000000156e-01,-5.517929999999999779e-01
6.445784376382827759e+03,-8.802000000000000102e-02,4.779030000000000222e-01,-5.573420000000000041e-01
6.448925406575202942e+03,-2.852299999999999974e-02,7.010319999999999885e-01,-5.023819999999999952e-01
6.464630547523498535e+03,-2.157500000000000043e-02,6.979959999999999498e-01,-4.987159999999999926e-01
6.464630547523498535e+03,-2.848300000000000137e-02,6.486180000000000279e-01,-5.623320000000000540e-01
6.464630547523498535e+03,-1.233749999999999986e-01,4.712779999999999747e-01,-6.408690000000000220e-01
6.483476718664169312e+03,-1.054540000000000061e-01,4.465480000000000005e-01,-6.443309999999999871e-01
6.486617748856544495e+03,-2.092249999999999943e-01,6.742399999999999782e-02,-1.000000000000000000e+00
6.536874211788177490e+03,-2.270099999999999896e-01,4.768599999999999922e-02,-1.000000000000000000e+00
6.552579352736473083e+03,-1.822800000000000115e-02,6.999469999999999859e-01,-5.005770000000000497e-01
6.583989644646644592e+03,-6.991200000000000192e-02,2.275339999999999863e-01,-9.999980000000000535e-01
6.583989644646644592e+03,-1.438200000000000069e-02,2.620460000000000012e-01,-1.000000000000000000e+00
6.590271705150604248e+03,2.106810000000000072e-01,9.999970000000000248e-01,-1.596770000000000134e-01
6.605976855874061584e+03,1.790859999999999952e-01,9.999970000000000248e-01,-2.217649999999999899e-01
6.646810228466987610e+03,2.929959999999999787e-01,1.000000000000000000e+00,-8.806999999999999551e-02
6.649951268434524536e+03,2.858289999999999997e-01,1.000000000000000000e+00,-9.352299999999999502e-02
6.665656409502029419e+03,2.744110000000000160e-01,9.999919999999999920e-01,-1.201040000000000024e-01
6.722194942951202393e+03,3.550320000000000142e-01,1.000000000000000000e+00,-9.362000000000000530e-03
6.728477003335952759e+03,3.159290000000000154e-01,1.000000000000000000e+00,-5.197399999999999937e-02
6.734759053587913513e+03,2.459880000000000122e-01,1.000000000000000000e+00,-1.638509999999999966e-01
6.759887295246124268e+03,2.972679999999999767e-01,9.999989999999999712e-01,-8.136500000000000676e-02
6.778733476161956787e+03,5.620190000000000463e-01,9.999989999999999712e-01,2.621410000000000129e-01
6.816425838470458984e+03,7.706380000000000452e-01,1.000000000000000000e+00,5.475069999999999659e-01
6.828989959359169006e+03,8.580999999999999739e-01,1.000000000000000000e+00,6.996930000000000094e-01
6.835272019624710083e+03,8.493340000000000334e-01,1.000000000000000000e+00,6.749880000000000324e-01
6.854118200778961182e+03,8.538440000000000474e-01,1.000000000000000000e+00,6.826050000000000173e-01
6.869823341727256775e+03,8.538109999999999866e-01,1.000000000000000000e+00,6.798760000000000359e-01
6.904374683618545532e+03,9.045710000000000139e-01,1.000000000000000000e+00,7.935929999999999929e-01
6.923220864892005920e+03,8.909420000000000117e-01,1.000000000000000000e+00,7.545260000000000300e-01
6.970336317658424377e+03,8.849120000000000319e-01,1.000000000000000000e+00,7.417160000000000419e-01
6.973477357745170593e+03,8.849120000000000319e-01,1.000000000000000000e+00,7.417160000000000419e-01
6.995464569091796875e+03,9.105900000000000105e-01,1.000000000000000000e+00,8.099870000000000125e-01
7.008028689980506897e+03,8.890179999999999749e-01,1.000000000000000000e+00,7.513419999999999543e-01
7.023733840823173523e+03,7.848800000000000221e-01,1.000000000000000000e+00,5.418230000000000546e-01
7.045721052289009094e+03,8.541860000000000008e-01,1.000000000000000000e+00,6.842270000000000296e-01
7.048862092375755310e+03,8.532100000000000239e-01,1.000000000000000000e+00,6.817260000000000542e-01
7.048862092375755310e+03,8.536580000000000279e-01,1.000000000000000000e+00,6.831620000000000470e-01
7.058285182833671570e+03,9.032860000000000333e-01,1.000000000000000000e+00,7.931880000000000042e-01
7.061426213145256042e+03,9.062919999999999865e-01,1.000000000000000000e+00,7.969619999999999482e-01
7.077131363987922668e+03,8.544880000000000253e-01,1.000000000000000000e+00,6.940030000000000365e-01
7.121105806589126587e+03,8.194339999999999957e-01,1.000000000000000000e+00,5.928839999999999666e-01
7.130528897166252136e+03,8.093129999999999491e-01,1.000000000000000000e+00,5.824939999999999563e-01
7.183926430344581604e+03,8.044780000000000264e-01,1.000000000000000000e+00,5.778940000000000188e-01
7.202772621512413025e+03,7.917480000000000073e-01,1.000000000000000000e+00,5.541570000000000107e-01
7.215336742162704468e+03,7.981759999999999966e-01,1.000000000000000000e+00,5.618530000000000468e-01
7.227900873064994812e+03,8.212639999999999940e-01,1.000000000000000000e+00,6.051429999999999865e-01
7.231041903257369995e+03,8.439579999999999860e-01,1.000000000000000000e+00,6.624590000000000201e-01
7.271875315546989441e+03,7.519810000000000105e-01,1.000000000000000000e+00,5.090700000000000225e-01
7.322131828546524048e+03,7.719190000000000218e-01,1.000000000000000000e+00,5.452329999999999677e-01
7.344119049906730652e+03,7.537519999999999776e-01,1.000000000000000000e+00,5.046460000000000390e-01
7.350401110172271729e+03,7.802090000000000414e-01,1.000000000000000000e+00,5.708550000000000013e-01
7.353542140483856201e+03,7.826999999999999513e-01,1.000000000000000000e+00,5.711920000000000330e-01
7.375529361844062805e+03,7.873710000000000431e-01,1.000000000000000000e+00,5.876050000000000439e-01
7.388093492507934570e+03,7.787699999999999623e-01,1.000000000000000000e+00,5.649750000000000050e-01
7.422644854545593262e+03,7.695269999999999611e-01,1.000000000000000000e+00,5.411810000000000231e-01
7.476042397856712341e+03,7.515460000000000473e-01,1.000000000000000000e+00,5.011539999999999884e-01
7.491747568607330322e+03,7.163310000000000510e-01,1.000000000000000000e+00,4.230289999999999884e-01
7.520016860365867615e+03,7.333769999999999456e-01,1.000000000000000000e+00,4.437269999999999825e-01
7.538863051414489746e+03,6.890330000000000066e-01,1.000000000000000000e+00,3.735709999999999864e-01
7.567132353186607361e+03,7.513140000000000374e-01,1.000000000000000000e+00,4.995370000000000088e-01
7.576555443763732910e+03,7.696450000000000236e-01,1.000000000000000000e+00,5.326999999999999513e-01
7.582837514042854309e+03,7.415570000000000217e-01,1.000000000000000000e+00,4.708930000000000060e-01
7.592260614633560181e+03,6.374469999999999859e-01,1.000000000000000000e+00,3.158670000000000089e-01
7.595401644945144653e+03,5.785420000000000007e-01,1.000000000000000000e+00,2.107690000000000119e-01
7.611106815695762634e+03,3.174469999999999792e-01,1.000000000000000000e+00,-1.855890000000000040e-01
7.620529906392097473e+03,4.327349999999999808e-01,1.000000000000000000e+00,-8.019800000000000539e-02
7.639376107454299927e+03,3.830629999999999868e-01,1.000000000000000000e+00,-1.152959999999999957e-01
7.648799208045005798e+03,3.758509999999999907e-01,1.000000000000000000e+00,-1.086099999999999982e-01
7.658222308635711670e+03,2.798669999999999769e-01,9.999989999999999712e-01,-2.372759999999999869e-01
7.673927469491958618e+03,2.993750000000000022e-01,1.000000000000000000e+00,-2.105390000000000039e-01
7.680209539890289307e+03,3.309710000000000152e-01,1.000000000000000000e+00,-1.967540000000000122e-01
7.752453304171562195e+03,5.254180000000000517e-01,1.000000000000000000e+00,2.242900000000000102e-02
7.777581565737724304e+03,5.342559999999999532e-01,1.000000000000000000e+00,7.841399999999999759e-02
7.818415008068084717e+03,5.153210000000000290e-01,1.000000000000000000e+00,3.422900000000000248e-02
7.821556048393249512e+03,5.505830000000000446e-01,1.000000000000000000e+00,1.000940000000000024e-01
7.821556048393249512e+03,5.090310000000000112e-01,1.000000000000000000e+00,3.900399999999999701e-02
7.859248450636863708e+03,5.981130000000000058e-01,1.000000000000000000e+00,1.709239999999999926e-01
7.862389480710029602e+03,6.003300000000000303e-01,1.000000000000000000e+00,1.839220000000000022e-01
7.915787063956260681e+03,5.086270000000000513e-01,1.000000000000000000e+00,9.199999999999999845e-03
7.978607747554779053e+03,6.586509999999999865e-01,1.000000000000000000e+00,2.246140000000000081e-01
8.066556702971458435e+03,6.564910000000000467e-01,1.000000000000000000e+00,2.305220000000000047e-01
8.126236366510391235e+03,6.602500000000000036e-01,1.000000000000000000e+00,2.198299999999999976e-01
8.129377396583557129e+03,6.584849999999999870e-01,1.000000000000000000e+00,2.571069999999999744e-01
8.217326381802558899e+03,4.592570000000000263e-01,9.999989999999999712e-01,-5.553000000000000297e-02
8.220467412114143372e+03,4.527430000000000065e-01,9.999989999999999712e-01,-6.883200000000000429e-02
8.229890522599220276e+03,4.448819999999999997e-01,9.999989999999999712e-01,-7.727000000000000535e-02
8.270723974943161011e+03,4.370040000000000036e-01,9.999989999999999712e-01,-8.519300000000000483e-02
8.302134336948394775e+03,4.413639999999999786e-01,9.999989999999999712e-01,-8.207000000000000406e-02
8.317839507818222046e+03,4.326189999999999758e-01,9.999989999999999712e-01,-8.454599999999999616e-02
8.324121578216552734e+03,4.087000000000000077e-01,9.999989999999999712e-01,-1.243380000000000041e-01
8.324121578216552734e+03,4.371999999999999775e-01,9.999989999999999712e-01,-7.035800000000000387e-02
8.330403648614883423e+03,4.368159999999999821e-01,9.999989999999999712e-01,-6.999700000000000366e-02
8.342967789292335510e+03,3.553140000000000187e-01,1.000000000000000000e+00,-1.799209999999999976e-01
8.402647462964057922e+03,3.706610000000000182e-01,1.000000000000000000e+00,-1.718300000000000105e-01
8.415211613535881042e+03,4.570830000000000171e-01,1.000000000000000000e+00,-6.493500000000000660e-02
8.421493683934211731e+03,4.460649999999999893e-01,1.000000000000000000e+00,-8.763400000000000356e-02
8.424634714126586914e+03,5.556290000000000395e-01,1.000000000000000000e+00,5.637999999999999956e-02
8.471750257015228271e+03,6.192229999999999679e-01,1.000000000000000000e+00,1.328560000000000019e-01
8.663353468537330627e+03,6.524990000000000512e-01,1.000000000000000000e+00,1.766079999999999872e-01
8.697904870510101318e+03,6.300170000000000492e-01,1.000000000000000000e+00,1.533410000000000051e-01
8.713610051393508911e+03,6.993120000000000447e-01,1.000000000000000000e+00,2.625970000000000248e-01
8.738738352894783020e+03,7.073319999999999608e-01,1.000000000000000000e+00,2.748619999999999952e-01
8.741879383087158203e+03,6.007529999999999815e-01,1.000000000000000000e+00,1.321960000000000079e-01
8.817264277458190918e+03,6.259689999999999976e-01,1.000000000000000000e+00,1.631620000000000015e-01
8.864379830360412598e+03,6.398789999999999756e-01,1.000000000000000000e+00,2.004549999999999943e-01
8.886367091774940491e+03,6.398789999999999756e-01,1.000000000000000000e+00,1.993330000000000102e-01
8.886367091774940491e+03,6.083020000000000094e-01,1.000000000000000000e+00,1.278920000000000057e-01
9.005726518869400024e+03,6.021400000000000086e-01,1.000000000000000000e+00,1.278920000000000057e-01
9.005726518869400024e+03,5.991429999999999811e-01,1.000000000000000000e+00,1.242540000000000033e-01
9.046560011267662048e+03,5.980119999999999880e-01,1.000000000000000000e+00,1.321960000000000079e-01
9.109380764961242676e+03,6.277949999999999919e-01,1.000000000000000000e+00,1.740309999999999913e-01
9.121944915652275085e+03,6.368899999999999562e-01,1.000000000000000000e+00,1.852590000000000070e-01
9.121944915652275085e+03,6.348690000000000166e-01,1.000000000000000000e+00,1.789060000000000095e-01
9.143932187080383301e+03,6.364530000000000465e-01,1.000000000000000000e+00,1.857810000000000017e-01
9.165919458389282227e+03,6.627589999999999870e-01,1.000000000000000000e+00,2.314380000000000048e-01
9.175342568874359131e+03,8.555270000000000374e-01,1.000000000000000000e+00,6.716940000000000133e-01
9.181624649286270142e+03,8.679400000000000448e-01,1.000000000000000000e+00,7.064759999999999929e-01
9.191047759890556335e+03,8.775230000000000530e-01,1.000000000000000000e+00,7.276409999999999823e-01
9.191047759890556335e+03,8.943339999999999623e-01,1.000000000000000000e+00,7.643480000000000274e-01
9.200470880270004272e+03,8.764250000000000096e-01,1.000000000000000000e+00,7.234629999999999672e-01
9.231881262302398682e+03,8.617700000000000360e-01,1.000000000000000000e+00,7.042300000000000226e-01
9.269573724627494812e+03,7.744339999999999558e-01,1.000000000000000000e+00,5.378399999999999848e-01
9.278996835112571716e+03,7.919190000000000396e-01,1.000000000000000000e+00,5.840849999999999653e-01
9.282137875199317932e+03,7.832280000000000353e-01,1.000000000000000000e+00,5.649750000000000050e-01
9.297843066215515137e+03,8.598289999999999544e-01,1.000000000000000000e+00,7.376840000000000064e-01
9.313548257112503052e+03,8.525859999999999550e-01,1.000000000000000000e+00,7.110870000000000246e-01
9.351240729331970215e+03,8.508809999999999985e-01,1.000000000000000000e+00,7.033610000000000140e-01
9.354381769418716431e+03,8.549210000000000420e-01,1.000000000000000000e+00,7.353539999999999521e-01
9.366945920348167419e+03,8.530860000000000110e-01,1.000000000000000000e+00,7.298649999999999860e-01
9.370086960434913635e+03,7.379839999999999733e-01,1.000000000000000000e+00,5.842159999999999576e-01
9.370086960434913635e+03,6.001079999999999748e-01,1.000000000000000000e+00,4.305629999999999735e-01
9.379510071158409119e+03,4.310680000000000067e-01,8.137739999999999974e-01,1.355329999999999868e-01
9.379510071158409119e+03,2.744249999999999745e-01,6.679000000000000492e-01,-5.768500000000000016e-02
9.385792151451110840e+03,2.744249999999999745e-01,6.485659999999999759e-01,-8.268300000000000649e-02
9.407779422640800476e+03,3.593060000000000143e-01,1.000000000000000000e+00,1.207519999999999982e-01
9.407779422640800476e+03,3.631539999999999768e-01,1.000000000000000000e+00,1.236339999999999939e-01
9.454895015597343445e+03,2.711560000000000081e-01,1.000000000000000000e+00,-2.174799999999999997e-02
9.464318126082420349e+03,3.276890000000000081e-01,1.000000000000000000e+00,8.105700000000000405e-02
9.473741246700286865e+03,1.905409999999999882e-01,7.264810000000000434e-01,-2.411550000000000082e-01
9.473741246700286865e+03,2.119689999999999908e-01,7.860810000000000297e-01,-2.240209999999999979e-01
9.505151638507843018e+03,-1.592439999999999967e-01,1.096280000000000032e-01,-1.000000000000000000e+00
9.530279950141906738e+03,-2.657120000000000037e-01,4.623700000000000032e-02,-1.000000000000000000e+00
9.539703070640563965e+03,-3.509530000000000149e-01,-1.370299999999999990e-02,-1.000000000000000000e+00
9.549126191258430481e+03,-3.672920000000000074e-01,-2.008800000000000169e-02,-1.000000000000000000e+00
9.549126191258430481e+03,-4.395760000000000223e-01,-8.813500000000000500e-02,-1.000000000000000000e+00
9.549126191258430481e+03,-4.631170000000000009e-01,-1.233690000000000064e-01,-1.000000000000000000e+00
9.549126191258430481e+03,-5.066359999999999753e-01,-1.458019999999999872e-01,-1.000000000000000000e+00
9.558549311637878418e+03,-5.591620000000000479e-01,-2.098389999999999977e-01,-1.000000000000000000e+00
9.561690351843833923e+03,-5.315929999999999822e-01,-1.848760000000000125e-01,-1.000000000000000000e+00
9.637075296401977539e+03,-5.315929999999999822e-01,-1.848760000000000125e-01,-1.000000000000000000e+00
9.643357376813888550e+03,-5.582439999999999625e-01,-2.169629999999999892e-01,-1.000000000000000000e+00
9.674767778635025024e+03,-5.593460000000000099e-01,-2.122999999999999887e-01,-1.000000000000000000e+00
9.681049849033355713e+03,-3.628700000000000259e-01,7.019100000000000339e-02,-1.000000000000000000e+00
9.693614009618759155e+03,-3.689359999999999862e-01,5.349299999999999888e-02,-1.000000000000000000e+00
9.721883371353149414e+03,-3.353749999999999787e-01,9.611000000000000099e-02,-1.000000000000000000e+00
9.759575853705406189e+03,-3.826450000000000129e-01,6.351999999999999313e-02,-1.000000000000000000e+00
9.816114577054977417e+03,-4.058060000000000000e-01,3.136400000000000299e-02,-1.000000000000000000e+00
9.853807059168815613e+03,-3.880979999999999985e-01,4.527300000000000074e-02,-1.000000000000000000e+00
9.878935380816459656e+03,-3.954289999999999750e-01,3.933699999999999697e-02,-1.000000000000000000e+00
9.941756194472312927e+03,-4.196469999999999922e-01,2.612400000000000139e-02,-1.000000000000000000e+00
9.963743475794792175e+03,-4.145229999999999748e-01,3.025100000000000011e-02,-1.000000000000000000e+00
9.998294927954673767e+03,-1.850769999999999915e-01,2.913519999999999999e-01,-1.000000000000000000e+00
1.002656428945064545e+04,1.801300000000000123e-02,9.999980000000000535e-01,-4.827509999999999857e-01
1.004226949036121368e+04,1.992279999999999884e-01,1.000000000000000000e+00,-3.226370000000000071e-01
1.004226949036121368e+04,3.416759999999999797e-01,1.000000000000000000e+00,-2.277379999999999960e-01
1.010194927406311035e+04,3.165970000000000173e-01,1.000000000000000000e+00,-2.406030000000000113e-01
1.010509031426906586e+04,1.286730000000000096e-01,1.000000000000000000e+00,-3.874949999999999783e-01
1.010509031426906586e+04,1.252669999999999895e-01,1.000000000000000000e+00,-4.007399999999999851e-01
1.011137239468097687e+04,1.957019999999999871e-01,1.000000000000000000e+00,-3.321319999999999828e-01
1.015848801743984222e+04,1.836929999999999952e-01,1.000000000000000000e+00,-3.447669999999999901e-01
1.021816780102252960e+04,3.566389999999999838e-01,1.000000000000000000e+00,-2.011209999999999942e-01
1.028098863470554352e+04,3.513209999999999944e-01,1.000000000000000000e+00,-2.114830000000000043e-01
1.029669383573532104e+04,5.619800000000000351e-01,1.000000000000000000e+00,5.186099999999999738e-02
1.042861759364604950e+04,5.738499999999999712e-01,1.000000000000000000e+00,7.814400000000000512e-02
1.043175863361358643e+04,5.732359999999999678e-01,1.000000000000000000e+00,8.226200000000000179e-02
1.043804072403907776e+04,6.003349999999999520e-01,1.000000000000000000e+00,1.359309999999999963e-01
1.044432280433177948e+04,6.585990000000000455e-01,1.000000000000000000e+00,2.437999999999999889e-01
1.044432280433177948e+04,6.563170000000000393e-01,1.000000000000000000e+00,2.181839999999999891e-01
1.050400260806083679e+04,4.768890000000000073e-01,1.000000000000000000e+00,-6.120000000000000223e-04
1.053855407011508942e+04,4.981530000000000125e-01,1.000000000000000000e+00,5.526999999999999795e-03
1.055425928092002869e+04,5.066880000000000273e-01,1.000000000000000000e+00,1.003899999999999931e-02
1.058881075310707092e+04,4.508619999999999850e-01,1.000000000000000000e+00,-6.652399999999999980e-02
1.059195179319381714e+04,4.973199999999999843e-01,1.000000000000000000e+00,8.059999999999999673e-04
1.059509283339977264e+04,4.629010000000000069e-01,1.000000000000000000e+00,-6.206500000000000211e-02
1.060451596403121948e+04,4.051150000000000029e-01,1.000000000000000000e+00,-1.587240000000000040e-01
1.064849055659770966e+04,5.502320000000000544e-01,1.000000000000000000e+00,6.101299999999999779e-02
1.068618306875228882e+04,5.505630000000000246e-01,1.000000000000000000e+00,4.110599999999999671e-02
1.068618306875228882e+04,5.593690000000000051e-01,1.000000000000000000e+00,4.262599999999999723e-02
1.073643976187705994e+04,5.928970000000000073e-01,1.000000000000000000e+00,1.268600000000000005e-01
1.076470914351940155e+04,5.615480000000000471e-01,1.000000000000000000e+00,4.371300000000000185e-02
1.077727331435680389e+04,5.809729999999999617e-01,1.000000000000000000e+00,8.627100000000000046e-02
1.078983749508857727e+04,4.205400000000000249e-01,1.000000000000000000e+00,-1.313900000000000068e-01
1.079926062583923340e+04,4.154320000000000235e-01,1.000000000000000000e+00,-1.418290000000000106e-01
1.086522252953052521e+04,3.904199999999999893e-01,1.000000000000000000e+00,-1.560920000000000085e-01
1.092804339313507080e+04,3.000059999999999949e-01,1.000000000000000000e+00,-2.663159999999999972e-01
1.093432548356056213e+04,3.182710000000000261e-01,1.000000000000000000e+00,-2.350530000000000119e-01
1.095945382511615753e+04,3.676499999999999768e-01,1.000000000000000000e+00,-1.719680000000000097e-01
1.099714634740352631e+04,3.752289999999999792e-01,1.000000000000000000e+00,-1.631549999999999945e-01
1.102855678927898407e+04,5.389779999999999571e-01,1.000000000000000000e+00,1.972000000000000142e-02
1.108509557259082794e+04,5.055849999999999511e-01,1.000000000000000000e+00,-1.539399999999999970e-02
1.110080079352855682e+04,4.387170000000000236e-01,9.999989999999999712e-01,-7.362900000000000000e-02
1.113535227549076080e+04,4.136569999999999969e-01,9.999989999999999712e-01,-1.072199999999999959e-01
1.118246793830394745e+04,3.793679999999999830e-01,1.000000000000000000e+00,-1.664460000000000106e-01
1.118875002884864807e+04,4.062729999999999952e-01,1.000000000000000000e+00,-1.392069999999999974e-01
1.125471196258068085e+04,4.005009999999999959e-01,1.000000000000000000e+00,-1.452239999999999920e-01
1.136464851915836334e+04,4.152950000000000252e-01,1.000000000000000000e+00,-1.172919999999999935e-01
1.137407164978981018e+04,4.223319999999999852e-01,1.000000000000000000e+00,-1.079460000000000003e-01
1.138035374009609222e+04,4.139289999999999914e-01,9.999989999999999712e-01,-1.165309999999999957e-01
1.138663583052158356e+04,1.578080000000000038e-01,1.000000000000000000e+00,-3.877289999999999903e-01
1.148400822639465332e+04,1.742499999999999882e-01,1.000000000000000000e+00,-3.705629999999999757e-01
1.150285448741912842e+04,4.085619999999999807e-01,9.999989999999999712e-01,-1.329329999999999956e-01
1.151541866815090179e+04,2.683269999999999822e-01,1.000000000000000000e+00,-2.480690000000000117e-01
1.151855971825122833e+04,1.995089999999999919e-01,1.000000000000000000e+00,-3.182490000000000041e-01
1.159394480299949646e+04,1.886569999999999914e-01,1.000000000000000000e+00,-3.507160000000000277e-01
1.160022689318656921e+04,2.708099999999999952e-01,1.000000000000000000e+00,-2.548630000000000062e-01
1.166618883717060089e+04,3.952599999999999864e-02,1.000000000000000000e+00,-4.613200000000000078e-01
1.168817615854740143e+04,6.506099999999999384e-02,1.000000000000000000e+00,-4.457729999999999748e-01
1.176356126308441162e+04,5.540899999999999992e-02,9.999980000000000535e-01,-4.471589999999999732e-01
1.177612544369697571e+04,7.127999999999999614e-02,9.999980000000000535e-01,-4.339100000000000179e-01
1.178554857432842255e+04,-1.479850000000000054e-01,3.354880000000000084e-01,-1.000000000000000000e+00
1.181695903635025024e+04,-1.443859999999999866e-01,3.266939999999999844e-01,-1.000000000000000000e+00
1.182010008633136749e+04,-3.430770000000000208e-01,1.371920000000000084e-01,-1.000000000000000000e+00
1.184208739757537842e+04,-3.673569999999999891e-01,5.372999999999999998e-02,-1.000000000000000000e+00
1.186093367862701416e+04,-1.623300000000000021e-01,3.049729999999999941e-01,-1.000000000000000000e+00
1.188292100012302399e+04,-2.064860000000000029e-01,2.742839999999999723e-01,-1.000000000000000000e+00
1.191119041180610657e+04,-1.706320000000000059e-01,3.152329999999999854e-01,-1.000000000000000000e+00
1.191119041180610657e+04,-1.519260000000000055e-01,3.103469999999999840e-01,-1.000000000000000000e+00
1.193631878328323364e+04,-8.645500000000000407e-02,4.075889999999999791e-01,-1.000000000000000000e+00
1.199285761666297913e+04,-1.195839999999999959e-01,3.902439999999999798e-01,-1.000000000000000000e+00
1.199599865674972534e+04,-1.302030000000000132e-01,3.700510000000000188e-01,-1.000000000000000000e+00
1.203997330939769745e+04,-5.841199999999999865e-02,4.310809999999999920e-01,-1.000000000000000000e+00
1.204625539982318878e+04,-9.186400000000000121e-02,4.027999999999999914e-01,-1.000000000000000000e+00
1.206196063065528870e+04,-1.273000000000000043e-03,4.769499999999999851e-01,-1.000000000000000000e+00
1.209023005247116089e+04,-4.997700000000000059e-02,4.460779999999999745e-01,-1.000000000000000000e+00
1.210593528330326080e+04,1.484100000000000003e-02,9.999980000000000535e-01,-4.789959999999999773e-01
1.212478156447410583e+04,5.884999999999999606e-03,9.999980000000000535e-01,-4.845610000000000195e-01
1.219702563881874084e+04,-8.696999999999999870e-03,4.784050000000000247e-01,-1.000000000000000000e+00
1.224728240191936493e+04,3.741900000000000087e-02,9.999980000000000535e-01,-4.485219999999999763e-01
1.225670553231239319e+04,4.052999999999999658e-02,9.999980000000000535e-01,-4.475979999999999959e-01
1.227555181348323822e+04,2.174699999999999897e-02,9.999980000000000535e-01,-4.820789999999999798e-01
1.229753914487361908e+04,1.332679999999999976e-01,1.000000000000000000e+00,-3.803259999999999974e-01
1.231638542580604553e+04,1.040520000000000056e-01,1.000000000000000000e+00,-4.223100000000000187e-01
1.236350112855434418e+04,5.922000000000000181e-03,9.999980000000000535e-01,-4.894180000000000197e-01
1.240747580122947693e+04,8.350899999999999990e-02,1.000000000000000000e+00,-4.326380000000000225e-01
1.253311769866943359e+04,8.309999999999999332e-02,1.000000000000000000e+00,-4.414120000000000266e-01
1.254568188953399658e+04,6.488900000000000223e-02,1.000000000000000000e+00,-4.429250000000000131e-01
1.258337446177005768e+04,5.938700000000000229e-02,1.000000000000000000e+00,-4.530100000000000238e-01
1.260850284326076508e+04,2.873660000000000103e-01,1.000000000000000000e+00,-2.592470000000000052e-01
1.264619541537761688e+04,2.555270000000000041e-01,1.000000000000000000e+00,-3.093770000000000131e-01
1.267446484708786011e+04,2.631700000000000150e-01,1.000000000000000000e+00,-3.066780000000000062e-01
1.268702903795242310e+04,7.864799999999999569e-02,1.000000000000000000e+00,-4.444750000000000090e-01
1.269645218849182129e+04,2.505120000000000124e-01,1.000000000000000000e+00,-3.072699999999999876e-01
1.275927315223217010e+04,2.659630000000000050e-01,1.000000000000000000e+00,-3.044220000000000259e-01
1.277497839307785034e+04,4.523190000000000266e-01,9.999989999999999712e-01,-6.745700000000000307e-02
1.285350460791587830e+04,5.299800000000000066e-01,9.999989999999999712e-01,4.305400000000000199e-02
1.287863298940658569e+04,5.256600000000000161e-01,9.999989999999999712e-01,3.607699999999999796e-02
1.291318452143669128e+04,5.299800000000000066e-01,9.999989999999999712e-01,3.173200000000000326e-02
1.292260767197608948e+04,3.197530000000000094e-01,1.000000000000000000e+00,-2.448700000000000043e-01
1.295715921413898468e+04,2.754159999999999942e-01,1.000000000000000000e+00,-2.951770000000000227e-01
1.301998017776012421e+04,3.068060000000000231e-01,1.000000000000000000e+00,-2.536570000000000213e-01
1.305139066958427429e+04,2.939780000000000171e-01,1.000000000000000000e+00,-2.592470000000000052e-01
1.306395486032962799e+04,3.820700000000000207e-01,1.000000000000000000e+00,-1.865769999999999929e-01
1.309536535215377808e+04,3.259750000000000147e-01,1.000000000000000000e+00,-2.463440000000000074e-01
1.315190423560142517e+04,3.555829999999999824e-01,1.000000000000000000e+00,-2.007980000000000043e-01
1.318331472730636597e+04,3.374420000000000197e-01,1.000000000000000000e+00,-2.138649999999999995e-01
1.319901997840404510e+04,3.682440000000000158e-01,1.000000000000000000e+00,-1.806230000000000058e-01
1.321158416903018951e+04,3.820410000000000195e-01,1.000000000000000000e+00,-1.465170000000000083e-01
1.323357152044773102e+04,3.749250000000000083e-01,1.000000000000000000e+00,-1.774179999999999924e-01
1.325555887186527252e+04,3.346529999999999783e-01,1.000000000000000000e+00,-2.248070000000000068e-01
1.325869991195201874e+04,3.305879999999999930e-01,1.000000000000000000e+00,-2.138649999999999995e-01
1.325869991195201874e+04,3.267490000000000117e-01,1.000000000000000000e+00,-2.228549999999999975e-01
1.328382831358909607e+04,3.215620000000000145e-01,1.000000000000000000e+00,-1.984150000000000080e-01
1.339690610027313232e+04,2.922390000000000265e-01,1.000000000000000000e+00,-2.492649999999999866e-01
1.345344499349594116e+04,2.918359999999999843e-01,1.000000000000000000e+00,-2.277700000000000002e-01
1.345972709393501282e+04,2.732829999999999981e-01,1.000000000000000000e+00,-2.433389999999999997e-01
1.350056073629856110e+04,2.984209999999999918e-01,1.000000000000000000e+00,-2.151980000000000004e-01
1.351626599729061127e+04,3.305799999999999850e-01,1.000000000000000000e+00,-1.967540000000000122e-01
1.355395858943462372e+04,3.648830000000000129e-01,1.000000000000000000e+00,-1.465170000000000083e-01
1.357280489063262939e+04,1.017170000000000019e-01,1.000000000000000000e+00,-4.066420000000000035e-01
1.358851014149188995e+04,6.192500000000000088e-02,1.000000000000000000e+00,-4.487689999999999735e-01
1.360421539258956909e+04,1.105840000000000017e-01,9.999970000000000248e-01,-4.077149999999999941e-01
1.362306169354915619e+04,1.501919999999999922e-01,9.999989999999999712e-01,-3.561050000000000049e-01
1.367645955681800842e+04,3.734430000000000249e-01,1.000000000000000000e+00,-1.626199999999999868e-01
1.372671635985374451e+04,2.915590000000000126e-01,1.000000000000000000e+00,-2.267180000000000029e-01
1.378011422300338745e+04,2.988609999999999878e-01,1.000000000000000000e+00,-2.141149999999999998e-01
1.380210157418251038e+04,3.357559999999999989e-01,1.000000000000000000e+00,-1.846530000000000116e-01
1.383979418671131134e+04,3.344690000000000163e-01,1.000000000000000000e+00,-1.846530000000000116e-01
1.388376888906955719e+04,3.006650000000000156e-01,1.000000000000000000e+00,-2.106850000000000112e-01
1.392460255157947540e+04,3.432839999999999780e-01,1.000000000000000000e+00,-1.694259999999999933e-01
1.394344886279106140e+04,6.361080000000000068e-01,1.000000000000000000e+00,2.305669999999999942e-01
1.394973096311092377e+04,6.554349999999999898e-01,1.000000000000000000e+00,2.578529999999999989e-01
1.396543621397018433e+04,4.288620000000000210e-01,1.000000000000000000e+00,-8.521499999999999908e-02
1.397171832430362701e+04,4.125570000000000070e-01,1.000000000000000000e+00,-7.934599999999999986e-02
1.397171832430362701e+04,4.182270000000000154e-01,1.000000000000000000e+00,-8.950099999999999723e-02
1.402511618757247925e+04,4.472269999999999857e-01,1.000000000000000000e+00,-3.478500000000000342e-02
1.402825724780559540e+04,4.804519999999999902e-01,9.999989999999999712e-01,-3.050999999999999893e-03
1.404396249866485596e+04,4.987840000000000051e-01,1.000000000000000000e+00,2.637400000000000161e-02
1.408165511095523834e+04,4.987840000000000051e-01,1.000000000000000000e+00,3.401900000000000063e-02
1.412877088379859924e+04,4.888179999999999747e-01,9.999989999999999712e-01,1.314799999999999996e-02
1.415704034543037415e+04,5.636550000000000171e-01,1.000000000000000000e+00,1.606750000000000123e-01
1.416646349596977234e+04,5.818440000000000278e-01,1.000000000000000000e+00,1.981710000000000138e-01
1.416646349596977234e+04,6.396079999999999544e-01,1.000000000000000000e+00,3.158670000000000089e-01
1.418216875696182251e+04,4.568900000000000183e-01,9.999989999999999712e-01,5.734700000000000214e-02
1.418216875696182251e+04,5.116389999999999549e-01,1.000000000000000000e+00,1.724559999999999982e-01
1.421986137914657593e+04,6.110109999999999708e-01,1.000000000000000000e+00,3.146689999999999765e-01
1.426069504153728485e+04,6.445279999999999898e-01,1.000000000000000000e+00,3.950980000000000047e-01
1.428268241298198700e+04,8.378879999999999661e-01,1.000000000000000000e+00,6.841899999999999649e-01
1.431095187449455261e+04,8.312829999999999941e-01,1.000000000000000000e+00,6.772949999999999804e-01
1.432665713548660278e+04,8.329609999999999514e-01,1.000000000000000000e+00,6.818790000000000129e-01
1.435178554701805115e+04,8.227320000000000189e-01,1.000000000000000000e+00,6.562839999999999785e-01
1.436120870757102966e+04,8.838120000000000420e-01,1.000000000000000000e+00,7.653919999999999613e-01
1.438633712911605835e+04,8.104219999999999757e-01,1.000000000000000000e+00,6.358080000000000398e-01
1.440204237997531891e+04,8.191979999999999817e-01,1.000000000000000000e+00,6.389669999999999517e-01
1.441146554064750671e+04,8.223190000000000222e-01,1.000000000000000000e+00,6.514210000000000278e-01
1.442717079150676727e+04,8.283390000000000475e-01,1.000000000000000000e+00,6.625689999999999635e-01
1.444601710247993469e+04,8.319339999999999513e-01,1.000000000000000000e+00,6.767849999999999699e-01
1.446172236359119415e+04,8.443500000000000449e-01,1.000000000000000000e+00,7.155839999999999979e-01
1.446486342382431030e+04,8.190760000000000263e-01,1.000000000000000000e+00,6.524489999999999457e-01
1.447742762446403503e+04,8.185679999999999623e-01,1.000000000000000000e+00,6.488829999999999876e-01
1.448685079514980316e+04,8.250549999999999828e-01,1.000000000000000000e+00,6.596229999999999594e-01
1.449941498565673828e+04,8.250549999999999828e-01,1.000000000000000000e+00,6.596229999999999594e-01
1.450255604600906372e+04,8.276080000000000103e-01,1.000000000000000000e+00,6.703550000000000342e-01
1.450569709610939026e+04,8.280459999999999487e-01,1.000000000000000000e+00,6.721430000000000460e-01
1.450569709610939026e+04,9.020559999999999690e-01,1.000000000000000000e+00,7.969749999999999890e-01
1.454024867832660675e+04,9.008420000000000316e-01,1.000000000000000000e+00,7.955520000000000369e-01
1.454967182886600494e+04,8.984640000000000404e-01,1.000000000000000000e+00,7.972200000000000397e-01
1.459992867195606232e+04,8.989169999999999661e-01,1.000000000000000000e+00,7.900319999999999565e-01
1.461249287247657776e+04,8.022519999999999651e-01,1.000000000000000000e+00,6.256519999999999859e-01
1.461563393270969391e+04,8.130960000000000409e-01,1.000000000000000000e+00,6.411900000000000377e-01
1.462191603314876556e+04,8.072939999999999561e-01,1.000000000000000000e+00,6.278860000000000552e-01
1.463448025393486023e+04,8.125470000000000192e-01,1.000000000000000000e+00,6.343699999999999894e-01
1.463762130403518677e+04,8.032259999999999955e-01,1.000000000000000000e+00,6.049330000000000540e-01
1.469416023743152618e+04,6.820889999999999453e-01,1.000000000000000000e+00,3.617690000000000072e-01
1.470044235777854919e+04,6.797290000000000276e-01,1.000000000000000000e+00,3.519129999999999758e-01
1.470672444808483124e+04,7.861350000000000282e-01,1.000000000000000000e+00,5.369620000000000504e-01
1.470672444808483124e+04,7.902150000000000007e-01,1.000000000000000000e+00,5.414949999999999486e-01
1.473185287976264954e+04,7.907939999999999969e-01,1.000000000000000000e+00,5.425109999999999655e-01
1.477268656206130981e+04,8.126529999999999587e-01,1.000000000000000000e+00,5.806360000000000410e-01
1.478525077283382416e+04,5.820509999999999851e-01,1.000000000000000000e+00,1.513670000000000015e-01
1.481352025461196899e+04,3.996439999999999992e-01,1.000000000000000000e+00,-8.771600000000000230e-02
1.481666130471229553e+04,3.679979999999999918e-01,1.000000000000000000e+00,-1.238760000000000000e-01
1.486063604736328125e+04,4.451260000000000217e-01,1.000000000000000000e+00,-3.127300000000000219e-02
1.488890551900863647e+04,4.053519999999999901e-01,9.999989999999999712e-01,-8.676899999999999891e-02
1.491717499065399170e+04,6.613310000000000022e-01,1.000000000000000000e+00,2.905010000000000092e-01
1.493288026165962219e+04,5.649129999999999985e-01,1.000000000000000000e+00,1.089809999999999945e-01
1.493288026165962219e+04,5.587440000000000184e-01,1.000000000000000000e+00,1.020090000000000025e-01
1.497685500419139862e+04,5.618929999999999758e-01,1.000000000000000000e+00,9.928499999999999825e-02
1.506794555962085724e+04,5.692939999999999667e-01,1.000000000000000000e+00,1.111749999999999960e-01
1.511506135249137878e+04,5.159930000000000350e-01,1.000000000000000000e+00,8.772999999999999549e-03
1.512134346282482147e+04,5.498990000000000267e-01,1.000000000000000000e+00,6.798700000000000576e-02
1.513390767359733582e+04,5.409080000000000554e-01,1.000000000000000000e+00,5.512399999999999939e-02
1.514647189426422119e+04,5.367370000000000196e-01,1.000000000000000000e+00,3.358099999999999974e-02
1.514647189426422119e+04,5.020489999999999675e-01,1.000000000000000000e+00,-3.674899999999999695e-02
1.524070349991321564e+04,2.047670000000000046e-01,1.000000000000000000e+00,-3.083839999999999915e-01
1.524070349991321564e+04,2.109189999999999954e-01,1.000000000000000000e+00,-3.088029999999999942e-01
1.525326771068572998e+04,2.050599999999999923e-01,1.000000000000000000e+00,-3.134370000000000211e-01
1.525954982113838196e+04,2.580720000000000236e-01,1.000000000000000000e+00,-2.663159999999999972e-01
1.526897298169136047e+04,2.431059999999999888e-01,1.000000000000000000e+00,-2.862179999999999724e-01
1.529724247336387634e+04,4.052999999999999658e-02,9.999980000000000535e-01,-4.586100000000000176e-01
1.538205092835426331e+04,2.523159999999999847e-01,1.000000000000000000e+00,-2.897549999999999848e-01
1.538519197845458984e+04,2.569350000000000245e-01,1.000000000000000000e+00,-2.953100000000000169e-01
1.539147408890724182e+04,2.610439999999999983e-01,1.000000000000000000e+00,-2.657999999999999807e-01
1.540403830969333649e+04,1.877020000000000077e-01,1.000000000000000000e+00,-3.434470000000000023e-01
1.548256465435028076e+04,-4.813300000000000217e-02,4.521709999999999896e-01,-1.000000000000000000e+00
1.551711625635623932e+04,-2.363000000000000083e-03,4.806289999999999729e-01,-1.000000000000000000e+00
1.554538573789596558e+04,4.479000000000000342e-02,9.999989999999999712e-01,-4.403159999999999852e-01
1.555166785848140717e+04,-1.991499999999999868e-02,4.473619999999999819e-01,-1.000000000000000000e+00
1.562705316305160522e+04,2.331599999999999992e-02,9.999989999999999712e-01,-4.472059999999999924e-01
1.574327217972278595e+04,-2.413929999999999965e-01,2.190410000000000135e-01,-1.000000000000000000e+00
1.577154168152809143e+04,-2.474800000000000055e-01,2.170009999999999994e-01,-1.000000000000000000e+00
1.579667011308670044e+04,-8.765299999999999481e-02,3.596329999999999805e-01,-1.000000000000000000e+00
1.579981117320060730e+04,2.277669999999999972e-01,9.999989999999999712e-01,-2.804800000000000071e-01
1.581865750432014465e+04,2.151939999999999964e-01,9.999989999999999712e-01,-3.144819999999999838e-01
1.583436277532577515e+04,1.066340000000000066e-01,1.000000000000000000e+00,-4.130909999999999860e-01
1.585635015654563904e+04,4.663400000000000184e-02,1.000000000000000000e+00,-4.479710000000000081e-01
1.588461964821815491e+04,4.782800000000000246e-02,1.000000000000000000e+00,-4.470910000000000162e-01
1.590032492923736572e+04,8.522299999999999320e-02,9.999980000000000535e-01,-4.235369999999999968e-01
1.595372286224365234e+04,2.474499999999999963e-02,1.000000000000000000e+00,-4.776400000000000090e-01
1.601026186585426331e+04,-1.748399999999999954e-01,3.299869999999999748e-01,-1.000000000000000000e+00
1.601654396605491638e+04,-1.353330000000000088e-01,3.529229999999999867e-01,-1.000000000000000000e+00
1.602282607638835907e+04,-1.304510000000000114e-01,3.553939999999999877e-01,-1.000000000000000000e+00
1.603539030730724335e+04,-1.677740000000000065e-01,3.457979999999999943e-01,-1.000000000000000000e+00
1.603539030730724335e+04,-1.156800000000000050e-01,3.934070000000000067e-01,-1.000000000000000000e+00
1.604167241764068604e+04,-3.003959999999999964e-01,1.856810000000000127e-01,-1.000000000000000000e+00
1.605109557807445526e+04,-3.343510000000000093e-01,1.427430000000000088e-01,-1.000000000000000000e+00
1.612019880223274231e+04,-1.136420000000000069e-01,3.700510000000000188e-01,-1.000000000000000000e+00
1.612333986246585846e+04,-1.107319999999999971e-01,3.761120000000000019e-01,-1.000000000000000000e+00
1.614846830391883850e+04,-9.208099999999999619e-02,3.906930000000000125e-01,-1.000000000000000000e+00
1.618930202639102936e+04,-8.960799999999999321e-02,4.127879999999999883e-01,-1.000000000000000000e+00
1.632750848472118378e+04,-7.723800000000000110e-02,4.358259999999999912e-01,-1.000000000000000000e+00
1.634949586594104767e+04,6.764299999999999480e-02,1.000000000000000000e+00,-4.471589999999999732e-01
1.638404748797416687e+04,-6.794799999999999451e-02,4.240479999999999805e-01,-1.000000000000000000e+00
1.645629177224636078e+04,-8.345800000000000440e-02,4.142120000000000246e-01,-1.000000000000000000e+00
1.648142021369934082e+04,-5.858900000000000219e-02,4.323089999999999988e-01,-1.000000000000000000e+00
1.651597183585166931e+04,-5.098300000000000054e-02,4.440310000000000090e-01,-1.000000000000000000e+00
1.653795923721790314e+04,2.151009999999999867e-01,1.000000000000000000e+00,-3.068670000000000009e-01
1.658507508003711700e+04,1.942810000000000092e-01,1.000000000000000000e+00,-3.270370000000000221e-01
1.666674254488945007e+04,1.642359999999999931e-01,1.000000000000000000e+00,-3.547390000000000265e-01
1.667616571533679962e+04,7.828400000000000636e-02,1.000000000000000000e+00,-4.224479999999999902e-01
1.667930677556991577e+04,1.879700000000000121e-02,9.999980000000000535e-01,-4.714590000000000169e-01
1.668244782578945160e+04,2.000550000000000106e-01,1.000000000000000000e+00,-3.434470000000000023e-01
1.672642262840270996e+04,1.467569999999999986e-01,1.000000000000000000e+00,-3.896560000000000024e-01
1.673584579896926880e+04,1.668729999999999936e-01,1.000000000000000000e+00,-3.761260000000000159e-01
1.676097425043582916e+04,1.369730000000000114e-01,1.000000000000000000e+00,-4.020409999999999817e-01
1.680180798280239105e+04,1.155049999999999966e-01,1.000000000000000000e+00,-4.326380000000000225e-01
1.680180798280239105e+04,8.914900000000000602e-02,1.000000000000000000e+00,-4.368070000000000008e-01
1.680180798280239105e+04,1.670069999999999888e-01,1.000000000000000000e+00,-3.347459999999999880e-01
1.680809010326862335e+04,1.059640000000000026e-01,1.000000000000000000e+00,-3.932430000000000092e-01
1.682379537415504456e+04,1.113800000000000068e-01,1.000000000000000000e+00,-4.157170000000000032e-01
1.686462911653518677e+04,8.351600000000000690e-02,9.999989999999999712e-01,-4.136659999999999782e-01
1.687091122686862946e+04,3.543129999999999891e-01,1.000000000000000000e+00,-1.870739999999999903e-01
