# Time,Median,Upper Error,Lower Error
0.000000000000000000e+00,-4.272270000000000234e-01,2.458000000000000115e-03,-1.000000000000000000e+00
9.723200440406799316e+00,-3.726499999999999813e-01,5.710500000000000298e-02,-1.000000000000000000e+00
4.537495267391204834e+01,-3.673480000000000079e-01,7.835499999999999410e-02,-1.000000000000000000e+00
2.560443750619888306e+02,-2.855230000000000268e-01,1.693659999999999888e-01,-1.000000000000000000e+00
2.657675656080245972e+02,-2.022329999999999961e-01,2.414010000000000045e-01,-1.000000000000000000e+00
3.856870727539062500e+02,-1.648749999999999938e-01,2.919490000000000141e-01,-1.000000000000000000e+00
5.509814924001693726e+02,-1.155749999999999972e-01,3.333960000000000257e-01,-1.000000000000000000e+00
5.963564451932907104e+02,-4.806499999999999662e-02,3.903070000000000150e-01,-1.000000000000000000e+00
6.709009795188903809e+02,7.184000000000000281e-03,9.999989999999999712e-01,-4.771349999999999758e-01
6.871063205003738403e+02,5.221100000000000046e-02,9.999989999999999712e-01,-4.208680000000000199e-01
7.000705811977386475e+02,8.997299999999999742e-02,1.000000000000000000e+00,-4.022720000000000184e-01
7.357223234176635742e+02,1.262520000000000031e-01,1.000000000000000000e+00,-3.629140000000000144e-01
8.232311084270477295e+02,1.467090000000000061e-01,9.999989999999999712e-01,-3.656730000000000258e-01
8.394364393949508667e+02,2.144409999999999927e-01,9.999989999999999712e-01,-2.785989999999999855e-01
9.852844079732894897e+02,-4.337900000000000089e-02,4.337500000000000244e-01,-1.000000000000000000e+00
1.114927035570144653e+03,1.731699999999999906e-02,9.999989999999999712e-01,-4.675230000000000219e-01
1.118168105840682983e+03,-7.190000000000000210e-03,4.642000000000000015e-01,-1.000000000000000000e+00
1.228364332318305969e+03,-3.959100000000000119e-02,4.380979999999999874e-01,-1.000000000000000000e+00
1.267257114648818970e+03,-1.816600000000000159e-02,4.568880000000000163e-01,-1.000000000000000000e+00
1.319114147663116455e+03,-8.796999999999999265e-03,4.811099999999999821e-01,-1.000000000000000000e+00
1.348283729434013367e+03,1.448799999999999914e-02,9.999989999999999712e-01,-4.785749999999999726e-01
1.403381832599639893e+03,2.233399999999999969e-02,9.999989999999999712e-01,-4.751299999999999968e-01
1.413105033278465271e+03,-7.147999999999999840e-03,4.568880000000000163e-01,-1.000000000000000000e+00
1.426069304108619690e+03,7.401900000000000146e-02,1.000000000000000000e+00,-4.189050000000000273e-01
1.510336959004402161e+03,5.680500000000000133e-02,1.000000000000000000e+00,-4.210960000000000258e-01
1.643220586657524109e+03,-1.410669999999999980e-01,3.164139999999999731e-01,-1.000000000000000000e+00
1.685354419350624084e+03,9.683300000000000241e-02,9.999989999999999712e-01,-4.081759999999999833e-01
1.753416753292083740e+03,-1.824409999999999921e-01,2.655939999999999968e-01,-1.000000000000000000e+00
1.776104194641113281e+03,1.492950000000000110e-01,1.000000000000000000e+00,-3.502460000000000018e-01
1.996496467471122742e+03,1.517159999999999898e-01,9.999989999999999712e-01,-3.491619999999999724e-01
2.009460728287696838e+03,3.045590000000000241e-01,1.000000000000000000e+00,-2.223229999999999928e-01
2.071040912032127380e+03,3.754750000000000032e-01,1.000000000000000000e+00,-1.261940000000000006e-01
2.148826406598091125e+03,3.822920000000000207e-01,1.000000000000000000e+00,-1.087570000000000064e-01
2.200683389663696289e+03,3.162440000000000251e-01,1.000000000000000000e+00,-1.981199999999999906e-01
2.265504633426666260e+03,3.296850000000000058e-01,1.000000000000000000e+00,-1.738629999999999898e-01
2.343290108084678650e+03,2.831489999999999840e-01,1.000000000000000000e+00,-2.370279999999999887e-01
2.375700709939002991e+03,2.281960000000000099e-01,9.999980000000000535e-01,-3.053259999999999863e-01
2.427557693123817444e+03,2.454469999999999985e-01,9.999980000000000535e-01,-2.970240000000000102e-01
2.482655736327171326e+03,2.477169999999999928e-01,1.000000000000000000e+00,-2.745440000000000103e-01
2.528030578970909119e+03,2.357269999999999921e-01,9.999980000000000535e-01,-3.005300000000000193e-01
2.531271628975868225e+03,2.462439999999999907e-01,1.000000000000000000e+00,-2.996639999999999859e-01
2.647949805974960327e+03,-1.751199999999999979e-02,4.528659999999999908e-01,-1.000000000000000000e+00
2.696565718889236450e+03,-1.376299999999999919e-02,4.526299999999999768e-01,-1.000000000000000000e+00
2.716012069940567017e+03,-1.260200000000000035e-02,4.715849999999999764e-01,-1.000000000000000000e+00
2.810002805590629578e+03,7.832999999999999685e-03,9.999980000000000535e-01,-4.769649999999999723e-01
2.933163072943687439e+03,1.004799999999999964e-02,9.999989999999999712e-01,-4.845610000000000195e-01
2.955850474119186401e+03,8.838000000000000370e-03,9.999989999999999712e-01,-4.848830000000000084e-01
3.040118009090423584e+03,-1.595169999999999921e-01,2.984930000000000083e-01,-1.000000000000000000e+00
3.192447758078575134e+03,-1.935270000000000046e-01,2.555509999999999726e-01,-1.000000000000000000e+00
3.289679493784904480e+03,-1.165230000000000016e-01,3.166689999999999783e-01,-1.000000000000000000e+00
3.403116520524024963e+03,-1.468200000000000061e-01,3.261209999999999942e-01,-1.000000000000000000e+00
3.548964099168777466e+03,-1.150970000000000049e-01,3.335020000000000207e-01,-1.000000000000000000e+00
3.581374650955200195e+03,-1.460740000000000094e-01,3.191539999999999933e-01,-1.000000000000000000e+00
3.613785222768783569e+03,3.002300000000000108e-02,9.999989999999999712e-01,-4.654300000000000104e-01
3.646195794701576233e+03,3.293999999999999706e-02,9.999989999999999712e-01,-4.582490000000000174e-01
3.753150651097297668e+03,-1.455269999999999897e-01,3.297370000000000023e-01,-1.000000000000000000e+00
3.782320162892341614e+03,-1.472219999999999918e-01,3.180279999999999774e-01,-1.000000000000000000e+00
3.814730714678764343e+03,-4.045800000000000091e-02,4.432539999999999814e-01,-1.000000000000000000e+00
3.976783504247665405e+03,6.096100000000000130e-02,9.999989999999999712e-01,-4.289839999999999764e-01
4.051327778697013855e+03,2.671279999999999766e-01,9.999989999999999712e-01,-2.627059999999999951e-01
4.077256210207939148e+03,-9.884999999999999690e-03,4.583510000000000084e-01,-1.000000000000000000e+00
4.077256210207939148e+03,-3.019300000000000109e-02,4.477639999999999953e-01,-1.000000000000000000e+00
4.077256210207939148e+03,5.452699999999999908e-02,9.999989999999999712e-01,-4.348219999999999863e-01
4.099943601608276367e+03,-1.360709999999999975e-01,3.463260000000000227e-01,-1.000000000000000000e+00
4.138836253762245178e+03,-1.228660000000000030e-01,3.404639999999999889e-01,-1.000000000000000000e+00
4.213380518317222595e+03,-9.708500000000000463e-02,3.309610000000000052e-01,-1.000000000000000000e+00
4.229585789203643799e+03,-3.163599999999999746e-02,3.930679999999999730e-01,-1.000000000000000000e+00
4.401361669421195984e+03,2.704499999999999960e-02,1.000000000000000000e+00,-3.974710000000000187e-01
4.537485917329788208e+03,1.303499999999999936e-01,1.000000000000000000e+00,-2.819559999999999844e-01
4.547209077954292297e+03,1.616539999999999921e-01,1.000000000000000000e+00,-2.221819999999999906e-01
4.563414348840713501e+03,1.062629999999999963e-01,1.000000000000000000e+00,-2.941540000000000266e-01
4.631476462841033936e+03,-1.473480000000000067e-01,2.109570000000000056e-01,-1.000000000000000000e+00
4.709261727452278137e+03,-9.532100000000000295e-02,2.461150000000000004e-01,-9.999989999999999712e-01
4.709261727452278137e+03,5.411200000000000038e-02,9.999989999999999712e-01,-3.438939999999999775e-01
4.715743837833404541e+03,5.474899999999999906e-02,9.999980000000000535e-01,-3.635519999999999863e-01
4.728708048462867737e+03,1.813180000000000069e-01,9.999980000000000535e-01,-1.643969999999999876e-01
4.942617501258850098e+03,-2.750000000000000014e-02,6.251759999999999540e-01,-5.592260000000000009e-01
4.978269073367118835e+03,-3.130000000000000143e-02,6.445049999999999946e-01,-5.578459999999999530e-01
5.030125896334648132e+03,1.618500000000000147e-02,9.999890000000000168e-01,-3.761189999999999811e-01
5.036608006834983826e+03,2.892190000000000039e-01,1.000000000000000000e+00,-9.342399999999999316e-02
5.062536418318748474e+03,2.742419999999999858e-01,1.000000000000000000e+00,-1.398079999999999878e-01
5.094946930170059204e+03,2.517829999999999790e-01,1.000000000000000000e+00,-1.852100000000000135e-01
5.159767964005470276e+03,2.386969999999999925e-01,1.000000000000000000e+00,-1.562300000000000078e-01
5.163009014129638672e+03,-1.008050000000000057e-01,2.688380000000000214e-01,-1.000000000000000000e+00
5.188937425732612610e+03,2.459300000000000028e-02,7.585520000000000040e-01,-5.887329999999999508e-01
5.247276339173316956e+03,1.900799999999999990e-01,1.000000000000000000e+00,-1.301120000000000054e-01
5.308856302738189697e+03,1.900799999999999990e-01,1.000000000000000000e+00,-1.301120000000000054e-01
5.373677316546440125e+03,4.216570000000000040e-01,1.000000000000000000e+00,1.139430000000000026e-01
5.467667782068252563e+03,3.390670000000000073e-01,1.000000000000000000e+00,-2.174799999999999997e-02
5.519524585247039795e+03,4.143459999999999921e-01,1.000000000000000000e+00,9.558400000000000230e-02
5.529247735738754272e+03,3.730680000000000107e-01,1.000000000000000000e+00,2.111499999999999835e-02
5.551935087084770203e+03,3.159350000000000214e-01,1.000000000000000000e+00,-9.669999999999999429e-02
5.597309779644012451e+03,5.465370000000000505e-01,1.000000000000000000e+00,2.214500000000000079e-01
5.707505466341972351e+03,5.813739999999999464e-01,1.000000000000000000e+00,2.975140000000000007e-01
5.710746516346931458e+03,5.217199999999999616e-01,1.000000000000000000e+00,1.959950000000000025e-01
5.775567500233650208e+03,7.399229999999999974e-01,1.000000000000000000e+00,5.011670000000000291e-01
5.853352674841880798e+03,6.821509999999999518e-01,1.000000000000000000e+00,3.737369999999999859e-01
5.892245267152786255e+03,6.048580000000000068e-01,1.000000000000000000e+00,2.493640000000000023e-01
5.940861000061035156e+03,4.633340000000000236e-01,1.000000000000000000e+00,-2.190000000000000106e-03
5.995958823323249817e+03,2.272510000000000085e-01,1.000000000000000000e+00,-2.919869999999999965e-01
5.999199873328208923e+03,2.259799999999999864e-01,1.000000000000000000e+00,-2.952359999999999984e-01
6.008923013925552368e+03,-6.098800000000000054e-02,3.613799999999999790e-01,-1.000000000000000000e+00
6.012164064168930054e+03,-7.134000000000000064e-02,3.512049999999999894e-01,-1.000000000000000000e+00
6.141805991888046265e+03,2.751239999999999797e-01,9.999989999999999712e-01,-2.471609999999999918e-01
6.141805991888046265e+03,2.876070000000000015e-01,9.999959999999999960e-01,-2.208519999999999928e-01
6.232555327177047729e+03,3.502170000000000005e-01,1.000000000000000000e+00,-1.190390000000000059e-01
6.297376281142234802e+03,4.076350000000000251e-01,1.000000000000000000e+00,-5.462000000000000188e-02
6.345991993784904480e+03,3.285739999999999772e-01,1.000000000000000000e+00,-1.573849999999999971e-01
6.449705500006675720e+03,5.017049999999999566e-01,1.000000000000000000e+00,5.711299999999999710e-02
6.511285393595695496e+03,5.103259999999999463e-01,1.000000000000000000e+00,8.114999999999999991e-02
6.540454815268516541e+03,6.081649999999999556e-01,1.000000000000000000e+00,2.518000000000000238e-01
6.644168301463127136e+03,5.495689999999999742e-01,1.000000000000000000e+00,1.325689999999999924e-01
6.715471325635910034e+03,5.836139999999999661e-01,1.000000000000000000e+00,2.148249999999999882e-01
6.990960211873054504e+03,5.600049999999999750e-01,1.000000000000000000e+00,1.438899999999999901e-01
7.026611703872680664e+03,5.914740000000000553e-01,1.000000000000000000e+00,1.968759999999999954e-01
7.046057975172996521e+03,5.637739999999999974e-01,1.000000000000000000e+00,1.682500000000000107e-01
7.062263206124305725e+03,6.008719999999999617e-01,1.000000000000000000e+00,2.430879999999999985e-01
7.101155738472938538e+03,5.637739999999999974e-01,1.000000000000000000e+00,1.682500000000000107e-01
7.156253501653671265e+03,5.519840000000000302e-01,1.000000000000000000e+00,1.295830000000000037e-01
7.178940822958946228e+03,5.524740000000000206e-01,1.000000000000000000e+00,1.354750000000000121e-01
7.224315445542335510e+03,6.314309999999999645e-01,1.000000000000000000e+00,2.730170000000000097e-01
7.259966927647590637e+03,6.027959999999999985e-01,1.000000000000000000e+00,2.226499999999999868e-01
7.289136329412460327e+03,6.120200000000000085e-01,1.000000000000000000e+00,2.562960000000000238e-01
7.315064690947532654e+03,6.354149999999999521e-01,1.000000000000000000e+00,2.806810000000000138e-01
7.324787821650505066e+03,5.911840000000000428e-01,1.000000000000000000e+00,1.938900000000000068e-01
7.344234082579612732e+03,6.236159999999999481e-01,1.000000000000000000e+00,2.561240000000000183e-01
7.418778097152709961e+03,5.792190000000000394e-01,1.000000000000000000e+00,1.631229999999999902e-01
7.434983318090438843e+03,6.006629999999999470e-01,1.000000000000000000e+00,2.078339999999999910e-01
7.528973583579063416e+03,4.297630000000000061e-01,1.000000000000000000e+00,-5.809500000000000081e-02
7.551660894870758057e+03,4.540100000000000247e-01,1.000000000000000000e+00,-5.612000000000000322e-02
7.606758628129959106e+03,6.122760000000000424e-01,1.000000000000000000e+00,2.569730000000000070e-01
7.613240718603134155e+03,7.847370000000000179e-01,1.000000000000000000e+00,5.486569999999999503e-01
7.642410110354423523e+03,7.594699999999999784e-01,1.000000000000000000e+00,4.922790000000000221e-01
7.668338451743125916e+03,8.355759999999999854e-01,1.000000000000000000e+00,6.113579999999999570e-01
7.703989933848381042e+03,7.551569999999999672e-01,1.000000000000000000e+00,4.708930000000000060e-01
7.742882446169853210e+03,7.737230000000000496e-01,1.000000000000000000e+00,5.077519999999999811e-01
7.775292878031730652e+03,7.664330000000000309e-01,1.000000000000000000e+00,5.053239999999999954e-01
7.817426430583000183e+03,7.628970000000000473e-01,1.000000000000000000e+00,4.873830000000000107e-01
7.895211455225944519e+03,7.664330000000000309e-01,1.000000000000000000e+00,5.053239999999999954e-01
8.037817323565483093e+03,7.414490000000000247e-01,1.000000000000000000e+00,4.397320000000000118e-01
8.125325448632240295e+03,7.241830000000000211e-01,1.000000000000000000e+00,4.051440000000000041e-01
8.216074624061584473e+03,7.074160000000000448e-01,1.000000000000000000e+00,3.694350000000000134e-01
8.297100658893585205e+03,7.050220000000000375e-01,1.000000000000000000e+00,3.690840000000000232e-01
8.601758506774902344e+03,7.140919999999999490e-01,1.000000000000000000e+00,3.950799999999999867e-01
8.611481627345085144e+03,7.167519999999999447e-01,1.000000000000000000e+00,3.955609999999999959e-01
8.634168908834457397e+03,5.831730000000000524e-01,1.000000000000000000e+00,1.675969999999999960e-01
8.679543471217155457e+03,3.797530000000000072e-01,1.000000000000000000e+00,-1.193639999999999979e-01
8.724918044090270996e+03,4.086090000000000000e-01,1.000000000000000000e+00,-7.934599999999999986e-02
8.805944038748741150e+03,1.617149999999999976e-01,1.000000000000000000e+00,-3.183429999999999871e-01
8.867523792386054993e+03,-1.217850000000000044e-01,2.918459999999999943e-01,-1.000000000000000000e+00
8.945308746933937073e+03,-3.354509999999999992e-01,7.385999999999999510e-02,-1.000000000000000000e+00
8.974478098630905151e+03,-3.682210000000000205e-01,1.966899999999999898e-02,-1.000000000000000000e+00
9.055504083395004272e+03,-3.527339999999999920e-01,3.624100000000000238e-02,-1.000000000000000000e+00
9.058745123744010925e+03,-3.176180000000000114e-01,8.521199999999999608e-02,-1.000000000000000000e+00
9.175422530412673950e+03,-3.589870000000000005e-01,4.792199999999999932e-02,-1.000000000000000000e+00
9.201350842118263245e+03,-3.564660000000000051e-01,3.879400000000000209e-02,-1.000000000000000000e+00
9.243484344601631165e+03,-3.086180000000000034e-01,4.714600000000000041e-02,-1.000000000000000000e+00
9.369884852051734924e+03,-4.929250000000000020e-01,-1.673250000000000015e-01,-1.000000000000000000e+00
9.379607962608337402e+03,-4.153069999999999817e-01,-1.049930000000000030e-01,-1.000000000000000000e+00
9.395813153505325317e+03,-3.831129999999999813e-01,-6.040999999999999842e-02,-1.000000000000000000e+00
9.395813153505325317e+03,8.862999999999999351e-03,5.930100000000000371e-01,-4.662720000000000198e-01
9.395813153505325317e+03,2.256999999999999892e-03,5.998980000000000423e-01,-4.694749999999999757e-01
9.395813153505325317e+03,1.391900000000000082e-02,5.839919999999999556e-01,-4.335160000000000124e-01
9.395813153505325317e+03,3.571799999999999975e-02,5.956320000000000503e-01,-3.900159999999999738e-01
9.395813153505325317e+03,5.612299999999999928e-02,6.075650000000000217e-01,-3.482669999999999932e-01
9.473598068118095398e+03,1.373409999999999909e-01,5.867580000000000018e-01,-2.668530000000000069e-01
9.522213640928268433e+03,3.216629999999999767e-01,7.162370000000000125e-01,-4.821700000000000291e-02
9.531936751484870911e+03,5.225400000000000184e-02,6.387460000000000360e-01,-5.140540000000000109e-01
9.541659872055053711e+03,-2.542309999999999848e-01,4.797799999999999981e-02,-1.000000000000000000e+00
9.655096188783645630e+03,-2.068359999999999921e-01,7.716099999999999348e-02,-1.000000000000000000e+00
9.684265530586242676e+03,-3.000869999999999926e-01,2.104500000000000121e-02,-9.999989999999999712e-01
9.732881083488464355e+03,-2.835429999999999895e-01,3.221000000000000252e-02,-9.999989999999999712e-01
9.762050425171852112e+03,-2.512340000000000129e-01,5.497500000000000303e-02,-1.000000000000000000e+00
9.775014575839042664e+03,-1.714009999999999978e-01,1.028889999999999944e-01,-1.000000000000000000e+00
9.794460797190666199e+03,-2.397829999999999961e-01,3.816900000000000154e-02,-1.000000000000000000e+00
9.797701837182044983e+03,-2.536089999999999733e-01,4.186200000000000337e-02,-1.000000000000000000e+00
9.804183907747268677e+03,-2.773470000000000102e-01,-1.298599999999999928e-02,-1.000000000000000000e+00
9.826871168971061707e+03,-7.374300000000000299e-02,1.947949999999999959e-01,-9.999989999999999712e-01
9.852799470424652100e+03,1.043290000000000051e-01,9.999989999999999712e-01,-2.490060000000000051e-01
9.875486721873283386e+03,2.183140000000000081e-01,9.999980000000000535e-01,-2.104239999999999999e-01
9.885209832429885864e+03,4.967650000000000121e-01,1.000000000000000000e+00,1.504790000000000016e-01
9.885209832429885864e+03,6.605860000000000065e-01,1.000000000000000000e+00,3.665140000000000065e-01
1.018014416968822479e+04,8.300929999999999698e-01,1.000000000000000000e+00,6.445009999999999906e-01
1.024172385346889496e+04,8.412290000000000045e-01,1.000000000000000000e+00,6.625199999999999978e-01
1.030978560733795166e+04,8.354080000000000394e-01,1.000000000000000000e+00,6.536929999999999685e-01
1.036488321065902710e+04,7.828110000000000346e-01,1.000000000000000000e+00,5.339439999999999742e-01
1.049452463817596436e+04,8.346670000000000478e-01,1.000000000000000000e+00,6.525220000000000464e-01
1.049776566839218140e+04,8.301070000000000393e-01,1.000000000000000000e+00,6.422099999999999476e-01
1.050424773895740509e+04,8.250889999999999613e-01,1.000000000000000000e+00,6.263600000000000279e-01
1.061120190513134003e+04,8.836640000000000050e-01,1.000000000000000000e+00,7.364030000000000298e-01
1.063388914656639099e+04,8.424359999999999626e-01,1.000000000000000000e+00,6.315049999999999830e-01
1.063713018667697906e+04,8.372880000000000322e-01,1.000000000000000000e+00,6.153579999999999606e-01
1.064037121689319611e+04,7.220980000000000176e-01,1.000000000000000000e+00,3.964289999999999758e-01
1.065981742787361145e+04,7.184169999999999723e-01,1.000000000000000000e+00,4.009699999999999931e-01
1.077001261448860168e+04,7.005890000000000173e-01,1.000000000000000000e+00,3.589109999999999800e-01
1.078621778547763824e+04,7.031380000000000408e-01,1.000000000000000000e+00,3.579760000000000164e-01
1.085103847920894623e+04,4.059630000000000183e-01,1.000000000000000000e+00,-8.961199999999999721e-02
1.088020779097080231e+04,2.344849999999999990e-01,9.999989999999999712e-01,-2.724030000000000062e-01
1.090289503240585327e+04,-1.170780000000000015e-01,3.659990000000000188e-01,-1.000000000000000000e+00
1.091910020327568054e+04,-6.551400000000000279e-02,4.089670000000000250e-01,-1.000000000000000000e+00
1.104550053083896637e+04,2.007760000000000100e-01,9.999989999999999712e-01,-3.163989999999999858e-01
1.106818777203559875e+04,1.625040000000000096e-01,9.999989999999999712e-01,-3.447669999999999901e-01
1.110383914411067963e+04,1.580390000000000128e-01,9.999989999999999712e-01,-3.585459999999999758e-01
1.122699842143058777e+04,2.184270000000000100e-01,1.000000000000000000e+00,-3.222229999999999817e-01
1.130802425622940063e+04,1.942419999999999980e-01,1.000000000000000000e+00,-3.417510000000000270e-01
1.147979901623725891e+04,-5.984600000000000336e-02,4.322880000000000056e-01,-1.000000000000000000e+00
1.153165553951263428e+04,-1.657199999999999993e-02,4.412840000000000096e-01,-1.000000000000000000e+00
1.153813760983943939e+04,-4.558500000000000052e-02,4.170639999999999903e-01,-1.000000000000000000e+00
1.156730690145492554e+04,-6.566900000000000515e-02,4.161529999999999951e-01,-1.000000000000000000e+00
1.162240445470809937e+04,-1.005920000000000009e-01,4.011219999999999786e-01,-1.000000000000000000e+00
1.162564549481868744e+04,-7.950999999999999734e-02,4.106600000000000250e-01,-1.000000000000000000e+00
1.181362536597251892e+04,-7.147299999999999487e-02,4.207670000000000021e-01,-1.000000000000000000e+00
1.184279465770721436e+04,-7.147299999999999487e-02,4.207670000000000021e-01,-1.000000000000000000e+00
1.203725655925273895e+04,-2.500000000000000139e-02,4.487309999999999910e-01,-1.000000000000000000e+00
1.221227225959300995e+04,-5.984600000000000336e-02,4.322880000000000056e-01,-1.000000000000000000e+00
1.226412876248359680e+04,-2.847330000000000139e-01,1.921819999999999917e-01,-1.000000000000000000e+00
1.231922628581523895e+04,-2.843720000000000137e-01,1.925070000000000114e-01,-1.000000000000000000e+00
1.235487762784957886e+04,-2.798789999999999889e-01,1.859830000000000094e-01,-1.000000000000000000e+00
1.256554462027549744e+04,-2.768280000000000185e-01,1.983260000000000023e-01,-1.000000000000000000e+00
1.261740109336376190e+04,-2.668780000000000041e-01,2.107700000000000129e-01,-1.000000000000000000e+00
1.275352436137199402e+04,-4.741409999999999791e-01,-3.637100000000000055e-02,-1.000000000000000000e+00
1.281834495520591736e+04,-5.188800000000000079e-01,-1.083270000000000066e-01,-1.000000000000000000e+00
1.283779113638401031e+04,-5.470629999999999660e-01,-1.549359999999999904e-01,-1.000000000000000000e+00
1.288964761936664581e+04,-5.398699999999999610e-01,-1.505199999999999871e-01,-1.000000000000000000e+00
1.298039643478393555e+04,-2.952719999999999789e-01,1.938900000000000068e-01,-1.000000000000000000e+00
1.298039643478393555e+04,-3.140430000000000166e-01,1.768149999999999999e-01,-1.000000000000000000e+00
1.299984261584281921e+04,-3.138270000000000226e-01,1.791540000000000077e-01,-1.000000000000000000e+00
1.302252982723712921e+04,-3.086920000000000219e-01,1.770849999999999924e-01,-1.000000000000000000e+00
1.304521702849864960e+04,-3.267109999999999737e-01,1.558579999999999965e-01,-1.000000000000000000e+00
1.306466320955753326e+04,-2.807520000000000016e-01,1.968250000000000000e-01,-1.000000000000000000e+00
1.326560700154304504e+04,-5.644500000000000212e-02,4.225729999999999764e-01,-1.000000000000000000e+00
1.331422243440151215e+04,-1.261100000000000068e-02,4.529150000000000120e-01,-1.000000000000000000e+00
1.336607888746261597e+04,-7.369999999999999815e-03,4.477559999999999873e-01,-1.000000000000000000e+00
1.342441741085052490e+04,2.510199999999999931e-02,1.000000000000000000e+00,-4.472059999999999924e-01
1.346655077350139618e+04,1.614799999999999916e-02,9.999989999999999712e-01,-4.519159999999999844e-01
1.352813030707836151e+04,4.569899999999999657e-02,1.000000000000000000e+00,-4.409159999999999746e-01
1.369018171668052673e+04,8.093500000000000694e-02,1.000000000000000000e+00,-4.241440000000000210e-01
1.373555610930919647e+04,3.022440000000000127e-01,1.000000000000000000e+00,-2.395210000000000117e-01
1.380037666296958923e+04,3.561400000000000121e-01,1.000000000000000000e+00,-1.626199999999999868e-01
1.402076652598381042e+04,3.557449999999999779e-01,1.000000000000000000e+00,-1.626199999999999868e-01
1.408234603953361511e+04,3.242079999999999962e-01,1.000000000000000000e+00,-1.853370000000000017e-01
1.412123836195468903e+04,3.307169999999999832e-01,1.000000000000000000e+00,-1.937439999999999996e-01
1.413096144247055054e+04,3.323369999999999935e-01,1.000000000000000000e+00,-1.920989999999999920e-01
1.416337171435356140e+04,3.323369999999999935e-01,1.000000000000000000e+00,-1.860729999999999884e-01
1.422819224822521210e+04,3.361259999999999803e-01,1.000000000000000000e+00,-1.842499999999999971e-01
1.427680765116214752e+04,2.905510000000000037e-01,1.000000000000000000e+00,-2.300079999999999902e-01
1.432866407418251038e+04,2.689630000000000076e-01,9.999980000000000535e-01,-2.544739999999999780e-01
1.433514613449573517e+04,5.320259999999999989e-01,1.000000000000000000e+00,2.895299999999999957e-02
1.439672562813758850e+04,5.063290000000000290e-01,1.000000000000000000e+00,-6.120000000000000223e-04
1.439996665847301483e+04,4.968670000000000031e-01,1.000000000000000000e+00,-8.083999999999999173e-03
1.440968973886966705e+04,4.903660000000000241e-01,1.000000000000000000e+00,-2.313799999999999885e-02
1.446478718221187592e+04,4.903660000000000241e-01,1.000000000000000000e+00,-1.451999999999999992e-02
1.474351540863513947e+04,6.140670000000000295e-01,1.000000000000000000e+00,1.603259999999999963e-01
1.479537182164192200e+04,6.002629999999999910e-01,1.000000000000000000e+00,1.286170000000000091e-01
1.482778207361698151e+04,5.997679999999999678e-01,1.000000000000000000e+00,1.254609999999999892e-01
1.493797694015502930e+04,5.868919999999999693e-01,1.000000000000000000e+00,1.050869999999999999e-01
1.504817179656028748e+04,6.535410000000000386e-01,1.000000000000000000e+00,2.529660000000000242e-01
1.505465384685993195e+04,6.489540000000000308e-01,1.000000000000000000e+00,2.231390000000000040e-01
1.508058204853534698e+04,6.125270000000000437e-01,1.000000000000000000e+00,1.603259999999999963e-01
1.508382306873798370e+04,5.781319999999999792e-01,1.000000000000000000e+00,8.367600000000000038e-02
1.525235635852813721e+04,5.050980000000000469e-01,1.000000000000000000e+00,8.299000000000000821e-03
1.541116656792163849e+04,5.548060000000000214e-01,1.000000000000000000e+00,6.622300000000000408e-02
1.545978193080425262e+04,5.800849999999999618e-01,1.000000000000000000e+00,8.966499999999999471e-02
1.548895115256309509e+04,5.548920000000000519e-01,1.000000000000000000e+00,7.492400000000000448e-02
1.561211005973815918e+04,5.527109999999999523e-01,1.000000000000000000e+00,6.711999999999999911e-02
1.569637668478488922e+04,5.514679999999999582e-01,1.000000000000000000e+00,6.827900000000000635e-02
1.570609975528717041e+04,5.431369999999999809e-01,1.000000000000000000e+00,6.333700000000000441e-02
1.575147408795356750e+04,5.495689999999999742e-01,1.000000000000000000e+00,6.559900000000000453e-02
1.598158676147460938e+04,5.435119999999999951e-01,1.000000000000000000e+00,5.451099999999999696e-02
1.600751494300365448e+04,5.775679999999999703e-01,1.000000000000000000e+00,9.539699999999999569e-02
1.603992516493797302e+04,5.852600000000000025e-01,1.000000000000000000e+00,1.091349999999999959e-01
1.612743280005455017e+04,5.852600000000000025e-01,1.000000000000000000e+00,1.091349999999999959e-01
1.629596598017215729e+04,5.852600000000000025e-01,1.000000000000000000e+00,9.448600000000000054e-02
1.639319665575027466e+04,6.114249999999999963e-01,1.000000000000000000e+00,1.405069999999999930e-01
1.647422221064567566e+04,5.810079999999999689e-01,1.000000000000000000e+00,9.539699999999999569e-02
1.674970909678936005e+04,5.326359999999999983e-01,1.000000000000000000e+00,4.015900000000000025e-02
1.683721667194366455e+04,5.013069999999999471e-01,1.000000000000000000e+00,-1.098900000000000050e-02
1.693768834793567657e+04,4.494230000000000169e-01,1.000000000000000000e+00,-7.394100000000000672e-02
1.704464205420017242e+04,5.092919999999999670e-01,1.000000000000000000e+00,6.390999999999999980e-03
1.705112409460544586e+04,2.477769999999999972e-01,1.000000000000000000e+00,-2.823100000000000054e-01
1.709325736701488495e+04,2.517960000000000198e-01,1.000000000000000000e+00,-3.093770000000000131e-01
1.712242655873298645e+04,3.000059999999999949e-01,1.000000000000000000e+00,-2.374529999999999974e-01
1.712242655873298645e+04,2.835770000000000235e-01,1.000000000000000000e+00,-2.544739999999999780e-01
1.715807780075073242e+04,2.606879999999999753e-01,1.000000000000000000e+00,-2.990720000000000045e-01
1.731688782012462616e+04,2.849209999999999798e-01,1.000000000000000000e+00,-2.860190000000000232e-01
1.732012883043289185e+04,2.381129999999999913e-01,1.000000000000000000e+00,-3.006800000000000028e-01
1.733957496154308319e+04,2.194429999999999992e-01,1.000000000000000000e+00,-3.335069999999999979e-01
1.740115435516834259e+04,2.355240000000000111e-01,1.000000000000000000e+00,-3.155299999999999772e-01
1.744652864778041840e+04,2.104290000000000049e-01,1.000000000000000000e+00,-3.307180000000000120e-01
1.759237456643581390e+04,2.592619999999999925e-01,1.000000000000000000e+00,-2.883470000000000200e-01
1.777711271727085114e+04,1.059640000000000026e-01,1.000000000000000000e+00,-4.130909999999999860e-01
1.784193311107158661e+04,-8.952999999999999847e-02,4.219350000000000045e-01,-1.000000000000000000e+00
1.788082535338401794e+04,2.072740000000000138e-01,9.999989999999999712e-01,-3.409789999999999766e-01
1.791971758580207825e+04,1.953529999999999989e-01,1.000000000000000000e+00,-3.254090000000000038e-01
1.822761444389820099e+04,2.051070000000000115e-01,9.999989999999999712e-01,-3.423180000000000112e-01
1.833456808006763458e+04,1.833460000000000090e-01,9.999989999999999712e-01,-3.566289999999999738e-01
1.837021928238868713e+04,1.698129999999999917e-01,1.000000000000000000e+00,-3.570099999999999940e-01
1.845448577725887299e+04,1.698129999999999917e-01,1.000000000000000000e+00,-3.570099999999999940e-01
1.851930614113807678e+04,1.596509999999999874e-01,1.000000000000000000e+00,-3.709890000000000132e-01
1.874941846466064453e+04,-6.082800000000000012e-02,4.331709999999999727e-01,-1.000000000000000000e+00
1.879155170714855194e+04,-8.232899999999999940e-02,4.313089999999999979e-01,-1.000000000000000000e+00
1.889526429331302643e+04,-2.848820000000000241e-01,2.608090000000000130e-01,-1.000000000000000000e+00
1.889526429331302643e+04,-2.619210000000000149e-01,2.710000000000000187e-01,-1.000000000000000000e+00
1.898925380885601044e+04,-2.624250000000000194e-01,2.724889999999999812e-01,-1.000000000000000000e+00
1.901194094014167786e+04,-2.388859999999999872e-01,3.008609999999999896e-01,-1.000000000000000000e+00
1.905407417249679565e+04,-2.409199999999999953e-01,2.931960000000000122e-01,-1.000000000000000000e+00
1.908324332439899445e+04,-2.282220000000000082e-01,3.049729999999999941e-01,-1.000000000000000000e+00
1.909296639478206635e+04,-2.836069999999999980e-01,2.597119999999999984e-01,-1.000000000000000000e+00
1.926474032497406006e+04,-4.365140000000000131e-01,6.308000000000000239e-03,-1.000000000000000000e+00
1.930363253724575043e+04,-4.529489999999999905e-01,5.784000000000000079e-03,-1.000000000000000000e+00
1.944623729574680328e+04,-4.440069999999999850e-01,3.658399999999999846e-02,-1.000000000000000000e+00
1.964393934726715088e+04,-2.919430000000000081e-01,2.102779999999999927e-01,-1.000000000000000000e+00
1.973792883288860321e+04,-3.016240000000000032e-01,2.001439999999999886e-01,-1.000000000000000000e+00
1.979626713621616364e+04,-2.903499999999999970e-01,2.152890000000000081e-01,-1.000000000000000000e+00
1.986756950044631958e+04,-2.935440000000000271e-01,2.128919999999999979e-01,-1.000000000000000000e+00
1.987405154085159302e+04,-3.104259999999999797e-01,1.863970000000000071e-01,-1.000000000000000000e+00
2.001665625929832458e+04,-3.185740000000000238e-01,1.534739999999999993e-01,-1.000000000000000000e+00
2.032131178724765778e+04,-3.133380000000000054e-01,1.699009999999999965e-01,-1.000000000000000000e+00
2.036344498968124390e+04,-2.356469999999999954e-01,2.286769999999999914e-01,-1.000000000000000000e+00
2.037316804015636444e+04,-2.569690000000000030e-01,2.145849999999999980e-01,-1.000000000000000000e+00
2.043474734377861023e+04,-4.434739999999999793e-01,-2.121299999999999922e-02,-1.000000000000000000e+00
2.045743444526195526e+04,-4.004940000000000166e-01,6.234100000000000058e-02,-1.000000000000000000e+00
2.047363951623439789e+04,-1.646370000000000056e-01,3.080749999999999877e-01,-1.000000000000000000e+00
2.049308561730384827e+04,3.201600000000000279e-02,9.999980000000000535e-01,-4.587579999999999991e-01
2.065513639688491821e+04,4.760699999999999654e-02,9.999980000000000535e-01,-4.551740000000000230e-01
2.090469457149505615e+04,-8.799999999999999771e-05,4.928719999999999768e-01,-1.000000000000000000e+00
2.094682775413990021e+04,5.374000000000000304e-03,9.999989999999999712e-01,-4.794459999999999833e-01
2.097599691581726074e+04,2.937499999999999833e-02,9.999989999999999712e-01,-4.690920000000000090e-01
2.106674532115459442e+04,7.602499999999999536e-02,9.999989999999999712e-01,-4.007029999999999759e-01
2.109267343282699585e+04,-1.280260000000000009e-01,3.161070000000000269e-01,-1.000000000000000000e+00
2.113480663514137268e+04,-1.035019999999999968e-01,3.481330000000000258e-01,-1.000000000000000000e+00
2.113804764544963837e+04,9.234199999999999353e-02,9.999989999999999712e-01,-4.117379999999999929e-01
2.117369879758358002e+04,2.937499999999999833e-02,9.999989999999999712e-01,-4.690920000000000090e-01
2.121259098970890045e+04,1.827860000000000040e-01,1.000000000000000000e+00,-3.447669999999999901e-01
2.125148316192626953e+04,2.462439999999999907e-01,9.999989999999999712e-01,-2.893290000000000028e-01
2.126444722270965576e+04,2.713019999999999876e-01,9.999989999999999712e-01,-2.544739999999999780e-01
2.133250851690769196e+04,2.286410000000000109e-01,1.000000000000000000e+00,-3.007549999999999946e-01
2.135195460796356201e+04,6.270799999999999985e-02,9.999980000000000535e-01,-4.403779999999999917e-01
2.141353388154506683e+04,8.622399999999999509e-02,9.999989999999999712e-01,-4.182310000000000194e-01
2.141353388154506683e+04,1.194069999999999993e-01,9.999989999999999712e-01,-3.987229999999999941e-01
2.154965649950504303e+04,2.888930000000000109e-01,1.000000000000000000e+00,-2.404390000000000138e-01
2.161123576319217682e+04,5.550599999999999978e-01,1.000000000000000000e+00,8.110599999999999754e-02
2.162419981408119202e+04,5.730690000000000506e-01,1.000000000000000000e+00,1.301619999999999999e-01
2.166957400667667389e+04,5.921429999999999749e-01,1.000000000000000000e+00,1.487499999999999933e-01
2.170198414850234985e+04,5.366440000000000099e-01,1.000000000000000000e+00,3.652299999999999991e-02
2.170522515881061554e+04,5.007169999999999677e-01,1.000000000000000000e+00,-3.239000000000000212e-02
2.180569659471511841e+04,4.827949999999999742e-01,1.000000000000000000e+00,-6.418799999999999506e-02
2.196774728429317474e+04,4.661629999999999940e-01,1.000000000000000000e+00,-9.564899999999999791e-02
2.232425878512859344e+04,3.948349999999999915e-01,1.000000000000000000e+00,-1.777080000000000048e-01
2.246686336362361908e+04,3.795729999999999937e-01,1.000000000000000000e+00,-1.874629999999999908e-01
2.246686336362361908e+04,3.570059999999999900e-01,1.000000000000000000e+00,-2.002680000000000016e-01
2.248955045497417450e+04,3.499010000000000176e-01,1.000000000000000000e+00,-2.085210000000000119e-01
2.257057579970359802e+04,5.148909999999999876e-01,1.000000000000000000e+00,2.454100000000000031e-02
2.262567300307750702e+04,4.606180000000000274e-01,1.000000000000000000e+00,-3.884499999999999759e-02
2.265160111451148987e+04,4.565870000000000206e-01,1.000000000000000000e+00,-4.718100000000000072e-02
2.265160111451148987e+04,5.108730000000000215e-01,1.000000000000000000e+00,2.283699999999999966e-02
2.268077021634578705e+04,4.654380000000000184e-01,1.000000000000000000e+00,-2.438699999999999896e-02
2.283957985568046570e+04,5.428079999999999572e-01,1.000000000000000000e+00,2.293999999999999859e-02
2.284930289626121521e+04,5.548750000000000071e-01,1.000000000000000000e+00,4.477199999999999930e-02
2.290764112961292267e+04,5.692899999999999627e-01,1.000000000000000000e+00,6.892299999999999816e-02
2.306645075893402100e+04,5.574980000000000491e-01,1.000000000000000000e+00,5.475200000000000206e-02
2.315071707391738892e+04,6.242039999999999811e-01,1.000000000000000000e+00,1.725959999999999994e-01
2.324470642948150635e+04,5.843760000000000066e-01,1.000000000000000000e+00,9.751200000000000145e-02
2.341648009955883026e+04,6.393649999999999611e-01,1.000000000000000000e+00,1.946809999999999929e-01
2.343268516051769257e+04,6.487509999999999666e-01,1.000000000000000000e+00,2.128369999999999984e-01
2.348130033338069916e+04,8.253819999999999490e-01,1.000000000000000000e+00,5.713799999999999990e-01
2.354936159729957581e+04,8.490229999999999722e-01,1.000000000000000000e+00,6.447690000000000365e-01
2.355908462810516357e+04,8.490229999999999722e-01,1.000000000000000000e+00,6.447690000000000365e-01
2.362066386163234711e+04,7.927030000000000465e-01,1.000000000000000000e+00,4.961840000000000139e-01
2.364010994279384613e+04,8.620170000000000332e-01,1.000000000000000000e+00,6.756069999999999576e-01
2.368224309515953064e+04,8.786929999999999463e-01,1.000000000000000000e+00,7.149189999999999712e-01
2.372437623775005341e+04,8.814020000000000188e-01,1.000000000000000000e+00,7.244040000000000479e-01
2.373734029841423035e+04,8.694159999999999666e-01,1.000000000000000000e+00,6.936830000000000496e-01
2.374058129870891571e+04,8.789350000000000218e-01,1.000000000000000000e+00,7.171610000000000484e-01
2.376975041043758392e+04,8.898779999999999468e-01,1.000000000000000000e+00,7.445079999999999476e-01
2.384105267477035522e+04,9.005030000000000534e-01,1.000000000000000000e+00,7.653729999999999700e-01
2.387994482684135437e+04,8.483460000000000445e-01,1.000000000000000000e+00,6.355439999999999978e-01
2.400634428441524506e+04,8.865279999999999827e-01,1.000000000000000000e+00,7.390090000000000270e-01
2.401930834507942200e+04,8.865279999999999827e-01,1.000000000000000000e+00,7.390090000000000270e-01
2.412950273156166077e+04,9.065280000000000005e-01,1.000000000000000000e+00,7.821759999999999824e-01
2.413922576212882996e+04,9.333679999999999755e-01,1.000000000000000000e+00,8.460760000000000502e-01
2.414894879281520844e+04,9.306699999999999973e-01,1.000000000000000000e+00,8.392469999999999652e-01
2.414894879281520844e+04,9.375940000000000385e-01,1.000000000000000000e+00,8.594439999999999857e-01
2.427858927047252655e+04,9.422110000000000207e-01,1.000000000000000000e+00,8.679270000000000040e-01
2.432720443320274353e+04,9.386210000000000386e-01,1.000000000000000000e+00,8.611659999999999870e-01
2.433368646371364594e+04,9.362989999999999924e-01,1.000000000000000000e+00,8.570419999999999705e-01
2.433692748379707336e+04,9.374059999999999615e-01,1.000000000000000000e+00,8.588780000000000303e-01
2.437257859599590302e+04,9.381059999999999954e-01,1.000000000000000000e+00,8.600160000000000027e-01
2.437581962609291077e+04,9.352030000000000065e-01,1.000000000000000000e+00,8.521560000000000246e-01
2.449897806334495544e+04,8.330330000000000235e-01,1.000000000000000000e+00,6.067550000000000443e-01
2.450221906363964081e+04,8.138030000000000541e-01,1.000000000000000000e+00,5.567320000000000046e-01
2.474853592801094055e+04,7.847450000000000259e-01,1.000000000000000000e+00,4.913710000000000022e-01
2.481983817231655121e+04,8.104660000000000197e-01,1.000000000000000000e+00,5.401610000000000023e-01
2.489438143670558929e+04,8.059950000000000170e-01,1.000000000000000000e+00,5.327300000000000368e-01
2.492355054831504822e+04,8.318649999999999656e-01,1.000000000000000000e+00,6.040130000000000221e-01
2.494299659943580627e+04,8.276580000000000048e-01,1.000000000000000000e+00,5.854329999999999812e-01
2.497864773154258728e+04,8.618430000000000257e-01,1.000000000000000000e+00,6.850950000000000095e-01
2.499485278260707855e+04,8.632659999999999778e-01,1.000000000000000000e+00,6.991680000000000117e-01
2.499809379279613495e+04,8.668679999999999719e-01,1.000000000000000000e+00,7.061060000000000114e-01
2.503698592507839203e+04,8.597609999999999975e-01,1.000000000000000000e+00,6.835719999999999574e-01
2.512125221002101898e+04,8.807080000000000464e-01,1.000000000000000000e+00,7.265549999999999509e-01
2.512125221002101898e+04,8.502520000000000078e-01,1.000000000000000000e+00,6.443130000000000246e-01
2.515690334200859070e+04,8.456059999999999688e-01,1.000000000000000000e+00,6.315049999999999830e-01
2.521848254573345184e+04,7.681329999999999547e-01,1.000000000000000000e+00,4.575080000000000258e-01
2.543563027858734131e+04,7.624790000000000179e-01,1.000000000000000000e+00,4.143069999999999808e-01
2.550693251276016235e+04,7.162119999999999598e-01,1.000000000000000000e+00,3.343479999999999785e-01
2.560740383863449097e+04,7.322720000000000340e-01,1.000000000000000000e+00,3.468160000000000132e-01
2.561712686920166016e+04,7.090539999999999621e-01,1.000000000000000000e+00,3.240069999999999895e-01
2.565601899158954620e+04,7.674710000000000143e-01,1.000000000000000000e+00,4.453719999999999901e-01
2.569167012357711792e+04,7.885069999999999579e-01,1.000000000000000000e+00,4.966539999999999844e-01
2.571435719501972198e+04,8.125029999999999752e-01,1.000000000000000000e+00,5.301900000000000501e-01
2.572083922529220581e+04,7.934029999999999694e-01,1.000000000000000000e+00,4.976670000000000260e-01
2.573056224584579468e+04,7.895849999999999813e-01,1.000000000000000000e+00,4.998960000000000070e-01
2.573380324614048004e+04,8.059950000000000170e-01,1.000000000000000000e+00,5.257889999999999509e-01
2.575973134756088257e+04,7.802280000000000326e-01,1.000000000000000000e+00,4.875780000000000114e-01
2.585696165347099304e+04,7.850409999999999888e-01,1.000000000000000000e+00,4.955970000000000097e-01
2.600928915226459503e+04,7.969629999999999770e-01,1.000000000000000000e+00,5.085619999999999585e-01
2.602873520350456238e+04,7.448669999999999458e-01,1.000000000000000000e+00,4.310260000000000202e-01
2.622967785537242889e+04,7.363420000000000520e-01,1.000000000000000000e+00,4.149019999999999930e-01
2.634311322212219238e+04,7.261490000000000444e-01,1.000000000000000000e+00,3.919779999999999931e-01
2.642737948703765869e+04,7.327029999999999932e-01,1.000000000000000000e+00,4.049670000000000214e-01
2.646951260948181152e+04,8.890320000000000444e-01,1.000000000000000000e+00,7.402830000000000243e-01
2.652460980260372162e+04,8.884739999999999860e-01,1.000000000000000000e+00,7.428339999999999943e-01
2.666397323083877563e+04,8.839930000000000287e-01,1.000000000000000000e+00,7.271260000000000501e-01
2.667369626140594482e+04,8.604669999999999819e-01,1.000000000000000000e+00,6.627760000000000318e-01
2.667693726170063019e+04,8.742860000000000076e-01,1.000000000000000000e+00,7.029370000000000340e-01
2.674499847579002380e+04,8.807199999999999473e-01,1.000000000000000000e+00,7.156500000000000083e-01
2.675472150635719299e+04,8.255679999999999685e-01,1.000000000000000000e+00,5.754000000000000226e-01
2.676444454669952393e+04,8.240680000000000227e-01,1.000000000000000000e+00,5.741739999999999622e-01
2.684871081173419952e+04,8.240680000000000227e-01,1.000000000000000000e+00,5.741739999999999622e-01
2.685519281220436096e+04,7.551259999999999639e-01,1.000000000000000000e+00,4.120099999999999874e-01
2.686167483258247375e+04,6.457100000000000062e-01,9.999989999999999712e-01,2.308600000000000096e-01
2.689732595455646515e+04,6.657800000000000384e-01,1.000000000000000000e+00,2.273449999999999915e-01
2.690380797493457794e+04,6.975149999999999961e-01,1.000000000000000000e+00,3.555670000000000219e-01
2.694594109749794006e+04,6.825860000000000261e-01,1.000000000000000000e+00,3.139239999999999808e-01
2.703344835269451141e+04,6.981159999999999588e-01,1.000000000000000000e+00,3.569330000000000003e-01
2.703993038308620453e+04,7.250670000000000170e-01,1.000000000000000000e+00,4.107270000000000088e-01
2.708206351542472839e+04,7.431210000000000315e-01,1.000000000000000000e+00,4.526930000000000121e-01
2.721818592357635498e+04,7.109779999999999989e-01,1.000000000000000000e+00,3.657869999999999733e-01
2.728948814773559570e+04,7.132479999999999931e-01,1.000000000000000000e+00,3.821320000000000272e-01
2.730245217859745026e+04,4.533789999999999765e-01,9.999989999999999712e-01,-1.651100000000000137e-02
2.733486227047443390e+04,4.372630000000000128e-01,1.000000000000000000e+00,-3.950800000000000145e-02
2.753904589247703552e+04,4.613070000000000226e-01,1.000000000000000000e+00,-3.298000000000000150e-03
2.753904589247703552e+04,4.011009999999999853e-01,1.000000000000000000e+00,-1.137930000000000053e-01
2.753904589247703552e+04,4.020150000000000112e-01,1.000000000000000000e+00,-1.022330000000000044e-01
2.775619352519512177e+04,4.076029999999999931e-01,1.000000000000000000e+00,-1.103360000000000035e-01
2.785018280076980591e+04,4.161679999999999824e-01,1.000000000000000000e+00,-7.523499999999999632e-02
2.786314684152603149e+04,3.903070000000000150e-01,1.000000000000000000e+00,-1.471639999999999893e-01
2.792796702539920807e+04,3.293470000000000009e-01,1.000000000000000000e+00,-1.828059999999999963e-01
2.794417207634449005e+04,5.487910000000000288e-01,1.000000000000000000e+00,7.271199999999999886e-02
2.806733043360710144e+04,5.371550000000000491e-01,1.000000000000000000e+00,1.081400000000000070e-02
2.810298152577877045e+04,3.081519999999999815e-01,1.000000000000000000e+00,-2.176230000000000109e-01
2.816131969916820526e+04,2.609739999999999838e-01,1.000000000000000000e+00,-2.544109999999999983e-01
2.828447805643081665e+04,2.444870000000000099e-01,1.000000000000000000e+00,-2.754989999999999939e-01
2.832012915849685669e+04,2.654989999999999850e-01,1.000000000000000000e+00,-2.539660000000000251e-01
2.842060044431686401e+04,3.175450000000000217e-01,1.000000000000000000e+00,-2.187759999999999982e-01
2.844976951611042023e+04,2.356759999999999966e-01,1.000000000000000000e+00,-2.745440000000000103e-01
2.848542062819004059e+04,2.633880000000000110e-01,1.000000000000000000e+00,-2.874970000000000026e-01
2.866691714894771576e+04,2.216390000000000027e-01,1.000000000000000000e+00,-2.942139999999999755e-01
2.866691714894771576e+04,2.885710000000000219e-01,1.000000000000000000e+00,-2.388939999999999952e-01
2.871877328205108643e+04,2.654989999999999850e-01,1.000000000000000000e+00,-2.634389999999999787e-01
2.878359347569942474e+04,2.432499999999999940e-01,1.000000000000000000e+00,-2.820420000000000149e-01
2.880303951692581177e+04,3.300040000000000195e-01,1.000000000000000000e+00,-1.835400000000000087e-01
2.905583822178840637e+04,5.980929999999999858e-01,1.000000000000000000e+00,1.722589999999999955e-01
2.907528427302837372e+04,3.800640000000000129e-01,1.000000000000000000e+00,-1.210220000000000046e-01
2.915630949783325195e+04,2.031280000000000030e-01,9.999989999999999712e-01,-2.921340000000000048e-01
2.917251454877853394e+04,1.341950000000000087e-01,9.999989999999999712e-01,-3.619530000000000247e-01
2.918547856962680817e+04,2.210249999999999992e-01,9.999989999999999712e-01,-2.882469999999999755e-01
2.925678077363967896e+04,-1.632000000000000117e-02,4.323170000000000068e-01,-1.000000000000000000e+00
2.926326277410984039e+04,2.803399999999999989e-02,9.999989999999999712e-01,-4.519159999999999844e-01
2.932160094749927521e+04,2.342500000000000138e-02,9.999989999999999712e-01,-4.447749999999999759e-01
2.942855424380302429e+04,-5.323999999999999740e-03,4.378969999999999807e-01,-1.000000000000000000e+00
2.947716936659812927e+04,3.370029999999999970e-01,1.000000000000000000e+00,-1.696789999999999965e-01
2.957115861225128174e+04,1.605389999999999873e-01,9.999989999999999712e-01,-3.288789999999999769e-01
2.959384568357467651e+04,2.093440000000000023e-01,9.999989999999999712e-01,-2.835090000000000110e-01
2.971376301062107086e+04,2.176829999999999876e-01,1.000000000000000000e+00,-3.023959999999999981e-01
2.973969107210636139e+04,8.359999999999999376e-02,1.000000000000000000e+00,-4.275820000000000176e-01
2.977534217417240143e+04,8.570200000000000040e-02,1.000000000000000000e+00,-4.281760000000000010e-01
2.978182419466972351e+04,1.275660000000000127e-01,9.999989999999999712e-01,-4.066420000000000035e-01
2.979154721522331238e+04,1.166800000000000059e-01,1.000000000000000000e+00,-4.129780000000000117e-01
2.981099325644969940e+04,2.410349999999999993e-01,9.999989999999999712e-01,-2.627059999999999951e-01
2.988229545056819916e+04,1.899949999999999972e-01,9.999989999999999712e-01,-3.233759999999999968e-01
2.996656169545650482e+04,-9.937699999999999312e-02,3.771149999999999780e-01,-1.000000000000000000e+00
2.996980269575119019e+04,2.265800000000000036e-01,9.999989999999999712e-01,-2.724030000000000062e-01
3.003786387968063354e+04,1.285380000000000134e-01,1.000000000000000000e+00,-3.863449999999999940e-01
3.007675598192214966e+04,1.846810000000000118e-01,1.000000000000000000e+00,-3.570099999999999940e-01
3.014157614576816559e+04,7.535400000000000431e-02,1.000000000000000000e+00,-4.364890000000000159e-01
3.019343228888511658e+04,4.234299999999999869e-02,1.000000000000000000e+00,-4.579989999999999895e-01
3.037492874956130981e+04,9.701999999999999513e-02,1.000000000000000000e+00,-4.259600000000000053e-01
3.040085683107376099e+04,9.565300000000000191e-02,1.000000000000000000e+00,-4.148729999999999918e-01
3.048188203585147858e+04,-6.141900000000000137e-02,4.225729999999999764e-01,-1.000000000000000000e+00
3.075412673199176788e+04,-5.240899999999999725e-02,4.225729999999999764e-01,-1.000000000000000000e+00
3.077033177292346954e+04,-5.170700000000000296e-02,4.225760000000000072e-01,-1.000000000000000000e+00
3.077681379318237305e+04,-4.741000000000000075e-02,4.068140000000000089e-01,-1.000000000000000000e+00
3.080598287498950958e+04,-5.628500000000000170e-02,4.227449999999999819e-01,-1.000000000000000000e+00
3.080922387516498566e+04,-5.621899999999999814e-02,4.316010000000000124e-01,-1.000000000000000000e+00
3.095182825350761414e+04,1.591519999999999879e-01,9.999989999999999712e-01,-3.607020000000000226e-01
3.098747934556007385e+04,3.300930000000000253e-01,1.000000000000000000e+00,-2.041149999999999909e-01
3.099396134603023529e+04,3.251009999999999733e-01,1.000000000000000000e+00,-2.374529999999999974e-01
3.110739664268493652e+04,3.192880000000000162e-01,1.000000000000000000e+00,-2.153639999999999999e-01
3.113008370399475098e+04,4.027000000000000024e-01,9.999989999999999712e-01,-1.315129999999999910e-01
3.143473846209049225e+04,4.118220000000000214e-01,1.000000000000000000e+00,-1.316579999999999973e-01
3.159678887164592743e+04,4.223770000000000024e-01,1.000000000000000000e+00,-1.206210000000000060e-01
3.162271695303916931e+04,4.358409999999999784e-01,9.999989999999999712e-01,-9.088000000000000245e-02
3.164216298425197601e+04,4.191869999999999763e-01,1.000000000000000000e+00,-1.092019999999999935e-01
3.166809104585647583e+04,5.071569999999999689e-01,1.000000000000000000e+00,-5.742999999999999841e-03
3.166809104585647583e+04,5.160379999999999967e-01,1.000000000000000000e+00,1.436800000000000056e-02
3.167133206582069397e+04,5.095169999999999977e-01,1.000000000000000000e+00,5.526999999999999795e-03
3.167457308602333069e+04,6.161020000000000385e-01,1.000000000000000000e+00,1.892909999999999870e-01
3.177180331194400787e+04,6.012420000000000542e-01,1.000000000000000000e+00,1.687829999999999886e-01
3.183014146518707275e+04,6.131870000000000376e-01,1.000000000000000000e+00,1.882659999999999889e-01
3.183338246548175812e+04,6.124880000000000324e-01,1.000000000000000000e+00,1.862240000000000006e-01
3.189172059893608093e+04,4.195579999999999865e-01,1.000000000000000000e+00,-9.396100000000000285e-02
3.205701199877262115e+04,3.884349999999999747e-01,1.000000000000000000e+00,-1.126999999999999946e-01
3.206025301885604858e+04,6.205840000000000245e-01,1.000000000000000000e+00,2.107749999999999901e-01
3.242324591028690338e+04,3.807429999999999981e-01,1.000000000000000000e+00,-1.346030000000000004e-01
3.250427111494541168e+04,3.646519999999999762e-01,1.000000000000000000e+00,-1.606370000000000020e-01
3.250427111494541168e+04,3.789830000000000143e-01,1.000000000000000000e+00,-1.429320000000000035e-01
3.256585026860237122e+04,5.088559999999999750e-01,1.000000000000000000e+00,3.175700000000000051e-02
3.260150134074687958e+04,6.408559999999999812e-01,1.000000000000000000e+00,2.724889999999999812e-01
3.260798336112499237e+04,5.938649999999999762e-01,1.000000000000000000e+00,2.107050000000000034e-01
3.263715243279933929e+04,6.054349999999999454e-01,1.000000000000000000e+00,2.197179999999999966e-01
3.271817762768268585e+04,7.430130000000000345e-01,1.000000000000000000e+00,4.421479999999999855e-01
3.272465963804721832e+04,6.935050000000000381e-01,1.000000000000000000e+00,3.028480000000000061e-01
3.275382871973514557e+04,7.012580000000000480e-01,1.000000000000000000e+00,3.193369999999999820e-01
3.276031074011325836e+04,6.601059999999999706e-01,1.000000000000000000e+00,2.319180000000000130e-01
3.281216684329509735e+04,6.561439999999999495e-01,1.000000000000000000e+00,2.454860000000000098e-01
3.289643306803703308e+04,6.206479999999999775e-01,1.000000000000000000e+00,1.744330000000000047e-01
3.296125322186946869e+04,6.222069999999999546e-01,1.000000000000000000e+00,1.903630000000000044e-01
3.297421723270416260e+04,6.607460000000000555e-01,1.000000000000000000e+00,2.460090000000000054e-01
3.320756980645656586e+04,7.211450000000000360e-01,1.000000000000000000e+00,4.040309999999999735e-01
3.329183601140975952e+04,6.567380000000000440e-01,1.000000000000000000e+00,2.346239999999999992e-01
3.330155903196334839e+04,7.120269999999999655e-01,1.000000000000000000e+00,3.831629999999999758e-01
3.341823530876636505e+04,5.366440000000000099e-01,1.000000000000000000e+00,8.321499999999999730e-02
3.346685041165351868e+04,5.377669999999999950e-01,1.000000000000000000e+00,7.965500000000000358e-02
3.351870654475688934e+04,5.846999999999999975e-01,1.000000000000000000e+00,1.774719999999999909e-01
3.354139359605312347e+04,6.164610000000000367e-01,1.000000000000000000e+00,2.483690000000000064e-01
3.355435763680934906e+04,6.137019999999999698e-01,1.000000000000000000e+00,2.344430000000000125e-01
3.363214179158210754e+04,6.144819999999999727e-01,1.000000000000000000e+00,2.384489999999999943e-01
3.364834685242176056e+04,5.367669999999999941e-01,1.000000000000000000e+00,8.408799999999999608e-02
3.370668497586250305e+04,5.545930000000000026e-01,1.000000000000000000e+00,1.000039999999999957e-01
3.375530008876323700e+04,4.903660000000000241e-01,1.000000000000000000e+00,-1.814999999999999947e-02
3.381363823211193085e+04,4.582769999999999899e-01,1.000000000000000000e+00,-5.800199999999999800e-02
3.382984327316284180e+04,4.634440000000000226e-01,1.000000000000000000e+00,-6.105200000000000210e-02
3.382984327316284180e+04,6.244539999999999536e-01,1.000000000000000000e+00,1.925379999999999869e-01
3.392383248877525330e+04,6.205720000000000125e-01,1.000000000000000000e+00,1.743020000000000125e-01
3.409236487853527069e+04,6.225770000000000470e-01,1.000000000000000000e+00,1.776379999999999904e-01
3.419607711482048035e+04,6.743369999999999642e-01,1.000000000000000000e+00,2.437020000000000020e-01
3.421876416611671448e+04,7.223850000000000549e-01,1.000000000000000000e+00,3.981589999999999852e-01
3.423496922695636749e+04,6.769709999999999894e-01,1.000000000000000000e+00,2.424330000000000096e-01
3.428358432984352112e+04,7.174409999999999954e-01,1.000000000000000000e+00,3.783349999999999769e-01
3.430627136123180389e+04,6.984019999999999673e-01,1.000000000000000000e+00,3.127539999999999765e-01
3.431275338160991669e+04,7.131539999999999546e-01,1.000000000000000000e+00,3.659990000000000188e-01
3.435164549374580383e+04,5.223489999999999522e-01,1.000000000000000000e+00,6.823899999999999411e-02
3.446508074057102203e+04,5.090310000000000112e-01,1.000000000000000000e+00,4.296400000000000219e-02
3.448128577148914337e+04,5.434269999999999934e-01,1.000000000000000000e+00,9.662500000000000255e-02
3.479242247986793518e+04,5.500129999999999741e-01,1.000000000000000000e+00,8.669100000000000417e-02
3.485400164341926575e+04,5.954310000000000436e-01,1.000000000000000000e+00,2.075339999999999963e-01
3.486696566426753998e+04,6.394570000000000531e-01,1.000000000000000000e+00,2.728769999999999807e-01
3.486696566426753998e+04,4.433329999999999771e-01,1.000000000000000000e+00,-4.201900000000000079e-02
3.493826781845092773e+04,3.938519999999999799e-01,9.999989999999999712e-01,-8.384400000000000186e-02
3.494150883853435516e+04,3.839640000000000275e-01,1.000000000000000000e+00,-1.230610000000000037e-01
3.498688294124603271e+04,3.819330000000000225e-01,9.999989999999999712e-01,-1.103360000000000035e-01
3.500308798217773438e+04,5.190890000000000226e-01,1.000000000000000000e+00,8.912699999999999789e-02
3.510680020833015442e+04,5.667140000000000510e-01,1.000000000000000000e+00,2.150590000000000002e-01
3.510680020833015442e+04,7.328440000000000509e-01,1.000000000000000000e+00,4.554500000000000215e-01
3.519430742335319519e+04,6.997499999999999831e-01,1.000000000000000000e+00,3.981339999999999879e-01
3.524616352653503418e+04,7.054209999999999647e-01,1.000000000000000000e+00,4.136540000000000217e-01
3.526885057795047760e+04,6.489989999999999926e-01,1.000000000000000000e+00,3.209730000000000083e-01
3.529477864944934845e+04,6.571479999999999544e-01,1.000000000000000000e+00,3.302479999999999860e-01
3.534015273213386536e+04,6.546760000000000357e-01,1.000000000000000000e+00,3.201390000000000069e-01
3.536283980333805084e+04,6.602240000000000331e-01,1.000000000000000000e+00,3.284520000000000217e-01
3.537904481446743011e+04,6.458610000000000184e-01,1.000000000000000000e+00,3.140379999999999838e-01
3.541469590651988983e+04,7.093409999999999993e-01,1.000000000000000000e+00,4.195539999999999825e-01
3.546007000911235809e+04,7.596819999999999684e-01,1.000000000000000000e+00,5.154440000000000133e-01
3.553461318349838257e+04,7.612670000000000270e-01,1.000000000000000000e+00,5.193520000000000358e-01
3.562536137890815735e+04,7.569759999999999822e-01,1.000000000000000000e+00,5.117169999999999774e-01
3.564156640994548798e+04,7.963189999999999991e-01,1.000000000000000000e+00,5.986860000000000515e-01
3.568369951224327087e+04,7.680399999999999450e-01,1.000000000000000000e+00,5.308779999999999610e-01
3.572259160459041595e+04,8.264270000000000227e-01,1.000000000000000000e+00,6.206369999999999942e-01
3.579713475906848907e+04,8.215010000000000367e-01,1.000000000000000000e+00,6.156960000000000210e-01
3.582306283044815063e+04,8.028469999999999773e-01,1.000000000000000000e+00,5.803469999999999462e-01
3.584574988186359406e+04,7.886009999999999964e-01,1.000000000000000000e+00,5.477079999999999727e-01
3.590408799540996552e+04,6.472890000000000033e-01,1.000000000000000000e+00,3.115470000000000184e-01
3.595270309829711914e+04,6.335030000000000383e-01,1.000000000000000000e+00,2.813899999999999735e-01
3.601428224182128906e+04,7.197489999999999721e-01,1.000000000000000000e+00,3.958099999999999952e-01
3.613095849883556366e+04,7.485810000000000519e-01,1.000000000000000000e+00,4.630199999999999871e-01
3.617633260142803192e+04,7.268069999999999808e-01,1.000000000000000000e+00,4.031600000000000183e-01
3.632865994036197662e+04,7.268069999999999808e-01,1.000000000000000000e+00,4.031600000000000183e-01
3.636431103241443634e+04,7.176470000000000349e-01,1.000000000000000000e+00,3.883869999999999822e-01
3.636431103241443634e+04,7.306289999999999729e-01,1.000000000000000000e+00,4.333029999999999937e-01
3.637727504324913025e+04,8.054620000000000113e-01,1.000000000000000000e+00,5.346389999999999754e-01
3.637727504324913025e+04,7.686699999999999644e-01,1.000000000000000000e+00,4.684389999999999943e-01
3.648098728930950165e+04,8.101410000000000000e-01,1.000000000000000000e+00,5.512610000000000010e-01
3.658469952523708344e+04,7.835980000000000167e-01,1.000000000000000000e+00,4.856539999999999746e-01
3.659118152582645416e+04,7.799899999999999611e-01,1.000000000000000000e+00,4.813230000000000008e-01
3.669489374196529388e+04,7.704539999999999722e-01,1.000000000000000000e+00,4.532269999999999910e-01
3.672082181334495544e+04,7.699610000000000065e-01,1.000000000000000000e+00,4.503730000000000233e-01
3.678240095710754395e+04,5.631260000000000154e-01,1.000000000000000000e+00,5.659600000000000047e-02
3.681157001864910126e+04,5.486520000000000286e-01,1.000000000000000000e+00,2.282899999999999860e-02
3.695417433714866638e+04,5.718839999999999479e-01,1.000000000000000000e+00,7.793899999999999439e-02
3.696389734780788422e+04,4.116830000000000211e-01,1.000000000000000000e+00,-1.408729999999999982e-01
3.702547649145126343e+04,3.880160000000000275e-01,1.000000000000000000e+00,-1.838569999999999927e-01
3.704816354274749756e+04,4.678379999999999761e-01,1.000000000000000000e+00,-9.125700000000000478e-02
3.711622470676898956e+04,4.680799999999999961e-01,1.000000000000000000e+00,-8.839800000000000435e-02
3.712270671713352203e+04,5.346610000000000529e-01,1.000000000000000000e+00,4.239199999999999913e-02
3.721345493233203888e+04,5.346610000000000529e-01,1.000000000000000000e+00,4.239199999999999913e-02
3.739495135319232941e+04,5.195659999999999723e-01,1.000000000000000000e+00,1.557300000000000004e-02
3.741439740431308746e+04,4.834229999999999916e-01,1.000000000000000000e+00,-2.313799999999999885e-02
3.748569956839084625e+04,4.568320000000000158e-01,1.000000000000000000e+00,-6.728199999999999459e-02
3.756024273300170898e+04,4.513869999999999827e-01,1.000000000000000000e+00,-8.118100000000000316e-02
3.763802691745758057e+04,4.544380000000000086e-01,1.000000000000000000e+00,-7.840500000000000247e-02
3.771581112205982208e+04,4.375510000000000232e-01,1.000000000000000000e+00,-1.131619999999999987e-01
3.802370684027671814e+04,4.924510000000000276e-01,1.000000000000000000e+00,-1.744300000000000017e-02
3.804315290141105652e+04,4.710509999999999975e-01,1.000000000000000000e+00,-7.116999999999999715e-02
3.808852700400352478e+04,5.652890000000000414e-01,1.000000000000000000e+00,6.354400000000000326e-02
3.818251622951030731e+04,5.677320000000000144e-01,1.000000000000000000e+00,6.134200000000000069e-02
3.834132559895515442e+04,6.239850000000000119e-01,1.000000000000000000e+00,1.732650000000000023e-01
3.836401265025138855e+04,5.999569999999999625e-01,1.000000000000000000e+00,1.350079999999999891e-01
3.838021769130229950e+04,6.205720000000000125e-01,1.000000000000000000e+00,1.723949999999999927e-01
3.838345871138572693e+04,4.512200000000000100e-01,1.000000000000000000e+00,-1.037349999999999939e-01
3.839642275214195251e+04,4.582769999999999899e-01,1.000000000000000000e+00,-1.039349999999999996e-01
3.840614576268196106e+04,4.102839999999999820e-01,1.000000000000000000e+00,-1.569290000000000129e-01
3.848392994725704193e+04,4.513869999999999827e-01,1.000000000000000000e+00,-1.045060000000000017e-01
3.851634001922607422e+04,4.631359999999999921e-01,1.000000000000000000e+00,-5.623000000000000220e-02
3.857143715250492096e+04,4.559309999999999752e-01,1.000000000000000000e+00,-1.062830000000000025e-01
3.872052350127696991e+04,4.226759999999999962e-01,1.000000000000000000e+00,-1.551389999999999991e-01
3.873996955239772797e+04,4.116830000000000211e-01,1.000000000000000000e+00,-1.408729999999999982e-01
3.877886164462566376e+04,4.530899999999999928e-01,1.000000000000000000e+00,-7.318500000000000005e-02
3.887609186053276062e+04,2.176160000000000039e-01,1.000000000000000000e+00,-3.053259999999999863e-01
3.898952713716030121e+04,5.410190000000000277e-01,1.000000000000000000e+00,9.846599999999999797e-02
3.900897319817543030e+04,5.424719999999999542e-01,1.000000000000000000e+00,9.846599999999999797e-02
3.908351636278629303e+04,5.381939999999999502e-01,1.000000000000000000e+00,9.441099999999999492e-02
3.914185450601577759e+04,7.154660000000000464e-01,1.000000000000000000e+00,3.751410000000000022e-01
3.915805953693389893e+04,7.685119999999999729e-01,1.000000000000000000e+00,4.974819999999999798e-01
3.934927898824214935e+04,7.447610000000000063e-01,1.000000000000000000e+00,4.548590000000000133e-01
3.945299122440814972e+04,7.244660000000000544e-01,1.000000000000000000e+00,4.202779999999999849e-01
3.954698044002056122e+04,7.251379999999999493e-01,1.000000000000000000e+00,4.175960000000000227e-01
3.955994448065757751e+04,7.246869999999999701e-01,1.000000000000000000e+00,4.191750000000000198e-01
3.962152362430095673e+04,4.738959999999999839e-01,1.000000000000000000e+00,-7.771000000000000130e-03
3.970254879915714264e+04,4.963600000000000234e-01,9.999989999999999712e-01,4.021099999999999675e-02
3.980950205540657043e+04,5.163649999999999629e-01,1.000000000000000000e+00,5.186000000000000332e-02
3.981274304568767548e+04,5.501519999999999744e-01,1.000000000000000000e+00,1.261069999999999969e-01
3.981274304568767548e+04,6.224870000000000125e-01,1.000000000000000000e+00,2.462670000000000137e-01
3.991321428155899048e+04,4.344149999999999956e-01,1.000000000000000000e+00,-3.604000000000000259e-02
3.991969630193710327e+04,4.479639999999999733e-01,1.000000000000000000e+00,-9.473000000000000517e-03
3.995210637390613556e+04,4.387380000000000169e-01,1.000000000000000000e+00,-1.910099999999999992e-02
3.996182940435409546e+04,4.729599999999999915e-01,1.000000000000000000e+00,7.168700000000000072e-02
4.000396249687671661e+04,5.363529999999999687e-01,1.000000000000000000e+00,1.367990000000000039e-01
4.000720351696014404e+04,5.100139999999999674e-01,1.000000000000000000e+00,1.268600000000000005e-01
4.006230064034461975e+04,4.454940000000000011e-01,1.000000000000000000e+00,5.147000000000000186e-02
4.009146971189975739e+04,4.132930000000000215e-01,1.000000000000000000e+00,-1.851399999999999921e-02
4.010119272255897522e+04,7.399229999999999974e-01,1.000000000000000000e+00,5.011670000000000291e-01
4.011091574323177338e+04,7.623550000000000049e-01,1.000000000000000000e+00,5.449920000000000320e-01
4.017897690713405609e+04,7.849850000000000438e-01,1.000000000000000000e+00,6.031119999999999814e-01
4.023731503069400787e+04,7.783470000000000111e-01,1.000000000000000000e+00,5.807170000000000387e-01
4.030861720478534698e+04,7.933959999999999901e-01,1.000000000000000000e+00,6.170799999999999619e-01
4.033130425620079041e+04,7.876609999999999445e-01,1.000000000000000000e+00,6.060179999999999456e-01
4.035723230767250061e+04,6.530740000000000434e-01,1.000000000000000000e+00,4.739889999999999937e-01
4.039288337993621826e+04,6.354600000000000248e-01,1.000000000000000000e+00,4.243750000000000022e-01
4.040260642027854919e+04,6.105819999999999581e-01,1.000000000000000000e+00,3.695660000000000056e-01
4.049011360549926758e+04,8.276430000000000176e-01,1.000000000000000000e+00,6.748619999999999619e-01
4.051928267729282379e+04,8.269149999999999556e-01,1.000000000000000000e+00,6.714670000000000361e-01
4.054845174896717072e+04,8.429579999999999851e-01,1.000000000000000000e+00,6.939469999999999805e-01
4.055817476952075958e+04,8.198469999999999924e-01,1.000000000000000000e+00,6.417270000000000474e-01
4.064892297482490540e+04,8.315949999999999731e-01,1.000000000000000000e+00,6.676710000000000145e-01
4.075263520097732544e+04,8.133939999999999504e-01,1.000000000000000000e+00,6.279879999999999907e-01
4.075911722135543823e+04,8.079469999999999708e-01,1.000000000000000000e+00,6.165530000000000177e-01
4.082717837536334991e+04,8.237910000000000510e-01,1.000000000000000000e+00,6.483219999999999539e-01
4.084986543667316437e+04,7.986349999999999838e-01,1.000000000000000000e+00,5.970379999999999576e-01
4.086931146788597107e+04,7.900840000000000085e-01,1.000000000000000000e+00,5.876989999999999714e-01
4.090496254992485046e+04,8.713210000000000122e-01,1.000000000000000000e+00,7.196890000000000231e-01
4.094385464215278625e+04,8.841919999999999780e-01,1.000000000000000000e+00,7.485800000000000232e-01
4.095357765281200409e+04,8.935480000000000089e-01,1.000000000000000000e+00,7.793989999999999529e-01
4.103460284745693207e+04,8.998080000000000522e-01,1.000000000000000000e+00,7.912209999999999521e-01
4.107349493980407715e+04,8.966720000000000246e-01,1.000000000000000000e+00,7.822449999999999681e-01
4.110914600205421448e+04,9.331340000000000190e-01,1.000000000000000000e+00,8.619069999999999787e-01
4.118044815623760223e+04,9.203649999999999887e-01,1.000000000000000000e+00,8.274899999999999478e-01
4.121934024846553802e+04,9.317699999999999871e-01,1.000000000000000000e+00,8.560090000000000199e-01
4.129388342285156250e+04,9.335970000000000102e-01,1.000000000000000000e+00,8.625429999999999486e-01
4.132953450489044189e+04,9.317590000000000039e-01,1.000000000000000000e+00,8.558729999999999949e-01
4.136842659723758698e+04,9.327239999999999975e-01,1.000000000000000000e+00,8.597510000000000430e-01
4.144296975171566010e+04,9.399589999999999890e-01,1.000000000000000000e+00,8.732550000000000034e-01
4.146241580283641815e+04,9.400330000000000075e-01,1.000000000000000000e+00,8.730080000000000062e-01
4.156612801897525787e+04,9.352380000000000138e-01,1.000000000000000000e+00,8.621940000000000159e-01
4.157585105943679810e+04,9.386569999999999636e-01,1.000000000000000000e+00,8.688989999999999769e-01
4.161798414194583893e+04,9.293099999999999694e-01,1.000000000000000000e+00,8.460269999999999735e-01
4.162122514224052429e+04,9.089099999999999957e-01,1.000000000000000000e+00,7.941669999999999563e-01
4.164391221344470978e+04,9.111620000000000275e-01,1.000000000000000000e+00,7.998110000000000497e-01
4.164715321362018585e+04,9.020399999999999530e-01,1.000000000000000000e+00,7.800010000000000554e-01
4.169252731633186340e+04,9.301540000000000363e-01,1.000000000000000000e+00,8.387310000000000043e-01
4.169252731633186340e+04,9.372679999999999900e-01,1.000000000000000000e+00,8.586319999999999508e-01
4.178975752210617065e+04,9.343449999999999811e-01,1.000000000000000000e+00,8.503140000000000143e-01
4.182540860414505005e+04,9.074170000000000291e-01,1.000000000000000000e+00,7.939770000000000438e-01
4.184809563565254211e+04,8.949840000000000018e-01,1.000000000000000000e+00,7.610400000000000498e-01
4.187402370703220367e+04,8.804910000000000236e-01,1.000000000000000000e+00,7.220809999999999729e-01
4.188050572741031647e+04,7.929899999999999727e-01,1.000000000000000000e+00,5.029130000000000544e-01
4.191291578936576843e+04,7.826670000000000016e-01,1.000000000000000000e+00,4.861679999999999890e-01
4.196477191233634949e+04,7.934029999999999694e-01,1.000000000000000000e+00,5.067770000000000330e-01
4.202311003589630127e+04,8.075620000000000021e-01,1.000000000000000000e+00,5.208949999999999969e-01
4.205227909755706787e+04,7.244150000000000311e-01,1.000000000000000000e+00,3.669259999999999744e-01
4.213006327223777771e+04,5.797120000000000051e-01,1.000000000000000000e+00,1.215510000000000063e-01
4.228887263143062592e+04,2.793669999999999765e-01,1.000000000000000000e+00,-2.255530000000000035e-01
4.234396974468231201e+04,2.866500000000000159e-01,1.000000000000000000e+00,-2.144220000000000015e-01
4.239258484756946564e+04,2.879760000000000097e-01,9.999989999999999712e-01,-2.315029999999999866e-01
4.243795895016193390e+04,3.868510000000000004e-01,1.000000000000000000e+00,-1.540999999999999870e-01
4.244768197095394135e+04,3.386819999999999831e-01,1.000000000000000000e+00,-2.011209999999999942e-01
4.251574311482906342e+04,1.956589999999999996e-01,1.000000000000000000e+00,-3.321339999999999848e-01
4.254815318679809570e+04,1.095399999999999985e-01,1.000000000000000000e+00,-4.143939999999999846e-01
4.264538338267803192e+04,1.282179999999999986e-01,1.000000000000000000e+00,-4.153859999999999775e-01
4.270048052573204041e+04,1.082909999999999984e-01,1.000000000000000000e+00,-4.156630000000000047e-01
4.308940136873722076e+04,6.521499999999999519e-02,1.000000000000000000e+00,-4.431050000000000266e-01
4.318663159430027008e+04,6.099999999999999867e-02,1.000000000000000000e+00,-4.466439999999999855e-01
4.321580063605308533e+04,6.692599999999999938e-02,1.000000000000000000e+00,-4.386760000000000104e-01
4.327089775943756104e+04,5.453199999999999714e-02,1.000000000000000000e+00,-4.709800000000000098e-01
4.327089775943756104e+04,5.188099999999999656e-02,1.000000000000000000e+00,-4.741239999999999899e-01
4.337136900520324707e+04,1.152000000000000073e-02,1.000000000000000000e+00,-4.878319999999999879e-01
4.351397331368923187e+04,-1.657180000000000042e-01,3.834529999999999883e-01,-1.000000000000000000e+00
4.359823951864242554e+04,-1.911589999999999956e-01,3.461119999999999752e-01,-1.000000000000000000e+00
4.364037260115146637e+04,-2.052609999999999990e-01,3.300810000000000133e-01,-1.000000000000000000e+00
4.365657766199111938e+04,-2.036179999999999934e-01,3.267709999999999781e-01,-1.000000000000000000e+00
4.378297694957256317e+04,-3.932089999999999752e-01,1.055770000000000042e-01,-1.000000000000000000e+00
4.381538702142238617e+04,-4.227580000000000227e-01,6.136400000000000188e-02,-1.000000000000000000e+00
4.397743740105628967e+04,-4.227580000000000227e-01,6.136400000000000188e-02,-1.000000000000000000e+00
4.406818561625480652e+04,-4.174539999999999917e-01,6.414000000000000257e-02,-1.000000000000000000e+00
4.415893382179737091e+04,-2.419360000000000122e-01,2.640970000000000262e-01,-1.000000000000000000e+00
4.430477917027473450e+04,-4.364250000000000074e-01,5.002500000000000002e-02,-1.000000000000000000e+00
4.437608135437965393e+04,-3.502149999999999985e-01,1.615310000000000079e-01,-1.000000000000000000e+00
4.441497342681884766e+04,-4.015859999999999985e-01,9.668999999999999817e-02,-1.000000000000000000e+00
4.455433677494525909e+04,-4.296969999999999956e-01,6.414000000000000257e-02,-1.000000000000000000e+00
4.461915691876411438e+04,-4.519440000000000124e-01,3.326099999999999890e-02,-1.000000000000000000e+00
4.464832600045204163e+04,-4.882210000000000161e-01,-2.205000000000000016e-02,-1.000000000000000000e+00
4.472286915493011475e+04,-3.902280000000000193e-01,1.060350000000000042e-01,-1.000000000000000000e+00
4.475852024698257446e+04,-2.031840000000000035e-01,3.211600000000000010e-01,-1.000000000000000000e+00
4.497890876007080078e+04,-9.226099999999999579e-02,4.139610000000000234e-01,-1.000000000000000000e+00
4.498539078044891357e+04,-9.525000000000000133e-02,4.267190000000000150e-01,-1.000000000000000000e+00
4.509558505678176880e+04,-1.228260000000000046e-01,4.117179999999999729e-01,-1.000000000000000000e+00
4.521550232386589050e+04,-2.004759999999999875e-01,3.276499999999999968e-01,-1.000000000000000000e+00
4.524467139565944672e+04,-2.195110000000000117e-01,2.933769999999999989e-01,-1.000000000000000000e+00
4.533866062116622925e+04,-7.957200000000000384e-02,4.462559999999999860e-01,-1.000000000000000000e+00
4.548450595974922180e+04,-1.291660000000000030e-01,3.949360000000000093e-01,-1.000000000000000000e+00
4.551043401134014130e+04,-1.585020000000000040e-01,3.625979999999999759e-01,-1.000000000000000000e+00
4.593176500618457794e+04,-2.150509999999999922e-01,3.276499999999999968e-01,-1.000000000000000000e+00
4.612622544753551483e+04,-2.720629999999999993e-01,2.419580000000000064e-01,-1.000000000000000000e+00
