# Time,Median,Upper Error,Lower Error
0.000000000000000000e+00,7.101030000000000397e-01,1.000000000000000000e+00,3.787909999999999888e-01
7.130340421199798584e+01,7.410700000000000065e-01,1.000000000000000000e+00,4.626120000000000232e-01
1.264014873504638672e+02,7.969190000000000440e-01,1.000000000000000000e+00,5.764610000000000012e-01
1.296425374746322632e+02,8.210950000000000193e-01,1.000000000000000000e+00,6.212659999999999849e-01
2.528029445409774780e+02,8.272080000000000544e-01,1.000000000000000000e+00,6.427009999999999668e-01
2.787314560413360596e+02,8.728050000000000530e-01,1.000000000000000000e+00,7.249750000000000361e-01
3.176242083311080933e+02,8.959880000000000067e-01,1.000000000000000000e+00,7.770860000000000545e-01
3.792044019699096680e+02,8.067020000000000302e-01,1.000000000000000000e+00,6.340149999999999952e-01
3.824454721212387085e+02,8.291049999999999809e-01,1.000000000000000000e+00,6.650639999999999885e-01
4.213382142782211304e+02,7.833550000000000235e-01,1.000000000000000000e+00,5.693730000000000180e-01
4.764362775087356567e+02,7.165259999999999962e-01,1.000000000000000000e+00,4.187489999999999823e-01
5.120879695415496826e+02,7.691210000000000546e-01,1.000000000000000000e+00,5.274710000000000232e-01
5.185700999498367310e+02,6.392710000000000337e-01,1.000000000000000000e+00,3.301890000000000103e-01
5.282932904958724976e+02,4.390569999999999751e-01,1.000000000000000000e+00,7.168700000000000072e-02
5.639449725151062012e+02,4.935450000000000115e-01,1.000000000000000000e+00,1.511570000000000136e-01
6.287662162780761719e+02,5.714620000000000255e-01,1.000000000000000000e+00,2.872549999999999826e-01
6.352483465671539307e+02,4.751630000000000020e-01,9.999989999999999712e-01,1.223289999999999933e-01
6.417304670810699463e+02,5.695480000000000542e-01,1.000000000000000000e+00,2.725060000000000260e-01
6.838642795085906982e+02,5.695480000000000542e-01,1.000000000000000000e+00,2.725060000000000260e-01
7.292391420602798462e+02,6.082549999999999901e-01,1.000000000000000000e+00,3.316810000000000036e-01
7.324802021980285645e+02,4.334669999999999912e-01,1.000000000000000000e+00,4.769099999999999728e-02
7.422033828496932983e+02,4.435700000000000198e-01,1.000000000000000000e+00,5.030400000000000149e-02
7.648908140659332275e+02,3.270750000000000046e-01,1.000000000000000000e+00,-1.227189999999999948e-01
7.810961250066757202e+02,3.735930000000000084e-01,1.000000000000000000e+00,-2.279499999999999929e-02
9.561134651899337769e+02,4.388509999999999911e-01,1.000000000000000000e+00,3.395100000000000201e-02
1.069550601720809937e+03,3.495090000000000141e-01,1.000000000000000000e+00,-8.961199999999999721e-02
1.079273772239685059e+03,3.591920000000000113e-01,1.000000000000000000e+00,-7.035800000000000387e-02
1.121407564640045166e+03,3.309860000000000024e-01,1.000000000000000000e+00,-1.092920000000000003e-01
1.131130755305290222e+03,3.587080000000000268e-01,1.000000000000000000e+00,-6.999900000000000566e-02
1.160300297021865845e+03,3.064709999999999934e-01,1.000000000000000000e+00,-1.408790000000000042e-01
1.160300297021865845e+03,5.809720000000000439e-01,1.000000000000000000e+00,2.115239999999999898e-01
1.273737413406372070e+03,6.146639999999999882e-01,1.000000000000000000e+00,2.629909999999999748e-01
1.299665894985198975e+03,5.796679999999999611e-01,1.000000000000000000e+00,2.022359999999999991e-01
1.348281807899475098e+03,5.855599999999999694e-01,1.000000000000000000e+00,2.189409999999999967e-01
1.390415580272674561e+03,2.651439999999999908e-01,1.000000000000000000e+00,-2.471609999999999918e-01
1.468201014637947083e+03,1.382940000000000003e-01,1.000000000000000000e+00,-3.512219999999999787e-01
1.568673860549926758e+03,1.361360000000000070e-01,1.000000000000000000e+00,-3.801030000000000242e-01
1.636736114501953125e+03,1.059699999999999948e-01,1.000000000000000000e+00,-4.205329999999999901e-01
1.649700345158576965e+03,9.976999999999999758e-02,1.000000000000000000e+00,-4.293219999999999814e-01
1.691834107518196106e+03,9.976999999999999758e-02,1.000000000000000000e+00,-4.293219999999999814e-01
1.795548003554344177e+03,1.155859999999999943e-01,1.000000000000000000e+00,-4.192020000000000191e-01
1.853887046933174133e+03,1.580390000000000128e-01,9.999989999999999712e-01,-3.387399999999999856e-01
1.873333408117294312e+03,2.184270000000000100e-01,1.000000000000000000e+00,-2.721580000000000110e-01
1.892779759287834167e+03,2.342400000000000038e-01,1.000000000000000000e+00,-2.565729999999999955e-01
1.908985040187835693e+03,4.345780000000000198e-01,1.000000000000000000e+00,-5.956299999999999789e-02
1.947877742290496826e+03,6.479150000000000187e-01,1.000000000000000000e+00,2.382090000000000041e-01
1.960841972947120667e+03,6.684360000000000301e-01,1.000000000000000000e+00,2.790500000000000203e-01
2.093725350737571716e+03,6.485999999999999543e-01,1.000000000000000000e+00,2.441089999999999927e-01
2.096966410994529724e+03,6.981159999999999588e-01,1.000000000000000000e+00,3.475150000000000183e-01
2.307635133147239685e+03,6.763759999999999772e-01,1.000000000000000000e+00,3.021739999999999982e-01
2.498857474088668823e+03,6.960619999999999585e-01,1.000000000000000000e+00,3.486259999999999915e-01
2.647946052789688110e+03,7.010800000000000365e-01,1.000000000000000000e+00,3.579760000000000164e-01
2.680356614589691162e+03,6.588169999999999860e-01,1.000000000000000000e+00,2.437020000000000020e-01
2.725731387257575989e+03,6.639089999999999714e-01,1.000000000000000000e+00,2.441089999999999927e-01
2.754900888919830322e+03,6.240970000000000129e-01,1.000000000000000000e+00,1.938300000000000023e-01
2.764624059438705444e+03,5.932300000000000351e-01,1.000000000000000000e+00,1.186019999999999991e-01
2.771106169819831848e+03,6.131619999999999848e-01,1.000000000000000000e+00,1.611339999999999995e-01
2.797034601211547852e+03,6.576009999999999911e-01,1.000000000000000000e+00,2.509379999999999944e-01
2.797034601211547852e+03,6.723959999999999937e-01,1.000000000000000000e+00,2.870119999999999894e-01
2.800275661468505859e+03,6.586269999999999625e-01,1.000000000000000000e+00,2.644299999999999984e-01
2.845650434136390686e+03,5.540009999999999657e-01,1.000000000000000000e+00,3.577999999999999931e-02
2.848891494274139404e+03,5.579579999999999540e-01,1.000000000000000000e+00,5.359799999999999981e-02
2.884543096303939819e+03,5.549680000000000168e-01,9.999989999999999712e-01,3.326599999999999696e-02
2.894266256928443909e+03,5.613860000000000516e-01,9.999989999999999712e-01,5.998200000000000059e-02
2.962328410863876343e+03,4.981079999999999952e-01,1.000000000000000000e+00,-4.190300000000000274e-02
2.981774742007255554e+03,4.946039999999999881e-01,1.000000000000000000e+00,-5.268599999999999672e-02
3.023908444404602051e+03,6.637340000000000462e-01,1.000000000000000000e+00,2.507010000000000072e-01
3.241059076905250549e+03,7.697070000000000300e-01,1.000000000000000000e+00,5.082900000000000196e-01
3.354495943427085876e+03,7.562229999999999785e-01,1.000000000000000000e+00,4.751290000000000235e-01
3.519789652943611145e+03,7.498029999999999973e-01,1.000000000000000000e+00,4.684570000000000123e-01
3.584610716819763184e+03,7.187200000000000255e-01,1.000000000000000000e+00,4.049670000000000214e-01
3.607298078060150146e+03,7.810489999999999933e-01,1.000000000000000000e+00,4.855689999999999729e-01
3.613780188441276550e+03,7.726089999999999902e-01,1.000000000000000000e+00,4.655110000000000081e-01
3.662395971298217773e+03,7.802280000000000326e-01,1.000000000000000000e+00,4.866320000000000090e-01
3.698047543168067932e+03,7.579430000000000334e-01,1.000000000000000000e+00,4.383319999999999994e-01
3.931403276681900024e+03,7.593440000000000190e-01,1.000000000000000000e+00,4.366550000000000153e-01
3.941126437306404114e+03,6.545490000000000475e-01,1.000000000000000000e+00,2.390380000000000005e-01
4.018911651730537415e+03,4.888819999999999832e-01,1.000000000000000000e+00,-1.051700000000000031e-02
4.051322163581848145e+03,4.949999999999999956e-01,1.000000000000000000e+00,6.507999999999999896e-03
4.086973735809326172e+03,2.494959999999999956e-01,9.999980000000000535e-01,-2.804800000000000071e-01
4.090214775800704956e+03,1.999690000000000079e-01,9.999989999999999712e-01,-3.421319999999999917e-01
4.116143187403678894e+03,2.080180000000000085e-01,9.999989999999999712e-01,-3.249730000000000119e-01
4.119384237527847290e+03,1.854069999999999885e-01,9.999989999999999712e-01,-3.386069999999999913e-01
4.249026265144348145e+03,2.214019999999999877e-01,1.000000000000000000e+00,-3.204750000000000099e-01
4.284677816987037659e+03,2.759769999999999723e-01,1.000000000000000000e+00,-2.414169999999999927e-01
4.385150362968444824e+03,3.145419999999999883e-01,1.000000000000000000e+00,-1.462420000000000109e-01
4.459694507122039795e+03,3.590889999999999915e-01,1.000000000000000000e+00,-7.611300000000000010e-02
4.505069209933280945e+03,-1.198399999999999986e-02,3.614919999999999800e-01,-9.999989999999999712e-01
4.508310249924659729e+03,-2.534000000000000141e-02,3.439579999999999860e-01,-1.000000000000000000e+00
4.586095434427261353e+03,-3.212700000000000278e-02,3.678440000000000043e-01,-1.000000000000000000e+00
4.599059635162353516e+03,-4.400600000000000345e-02,3.446250000000000147e-01,-1.000000000000000000e+00
4.605541735649108887e+03,-3.064580000000000082e-01,9.421400000000000607e-02,-1.000000000000000000e+00
4.702773201107978821e+03,-1.446220000000000006e-01,2.232399999999999940e-01,-1.000000000000000000e+00
4.728701592683792114e+03,-4.408639999999999781e-01,-9.494600000000000262e-02,-1.000000000000000000e+00
4.735183693170547485e+03,-4.610239999999999894e-01,-1.184639999999999999e-01,-1.000000000000000000e+00
4.793522566437721252e+03,-4.612109999999999821e-01,-1.253549999999999942e-01,-1.000000000000000000e+00
4.825933048367500305e+03,-4.883109999999999951e-01,-1.235580000000000012e-01,-1.000000000000000000e+00
4.861584590435028076e+03,-4.827699999999999769e-01,-1.092840000000000061e-01,-1.000000000000000000e+00
4.864825630545616150e+03,-5.808560000000000390e-01,-2.755830000000000224e-01,-1.000000000000000000e+00
4.884271921753883362e+03,-6.089160000000000128e-01,-2.754989999999999939e-01,-1.000000000000000000e+00
4.929646594285964966e+03,-5.849210000000000242e-01,-2.610060000000000158e-01,-1.000000000000000000e+00
4.955574975848197937e+03,-5.910490000000000466e-01,-2.532719999999999971e-01,-1.000000000000000000e+00
4.997708608269691467e+03,-5.739100000000000312e-01,-2.364189999999999903e-01,-1.000000000000000000e+00
5.046324321031570435e+03,-5.444320000000000270e-01,-2.143730000000000080e-01,-1.000000000000000000e+00
5.081975843071937561e+03,-5.444320000000000270e-01,-2.147989999999999899e-01,-1.000000000000000000e+00
5.114386325001716614e+03,-5.400719999999999965e-01,-2.099100000000000132e-01,-1.000000000000000000e+00
5.182448318839073181e+03,-5.113959999999999617e-01,-1.780920000000000003e-01,-1.000000000000000000e+00
5.295884965419769287e+03,-5.441620000000000346e-01,-1.876980000000000037e-01,-1.000000000000000000e+00
5.402839511513710022e+03,-5.786270000000000024e-01,-2.369249999999999967e-01,-1.000000000000000000e+00
5.487106716394424438e+03,-3.420560000000000267e-01,8.066700000000000259e-02,-1.000000000000000000e+00
5.503311947345733643e+03,-3.287149999999999794e-01,1.062099999999999989e-01,-1.000000000000000000e+00
5.600543332934379578e+03,-1.641330000000000011e-01,3.079140000000000210e-01,-1.000000000000000000e+00
5.600543332934379578e+03,-9.659299999999999831e-02,3.764140000000000263e-01,-1.000000000000000000e+00
5.600543332934379578e+03,-1.033450000000000063e-01,3.709660000000000180e-01,-1.000000000000000000e+00
5.866309068322181702e+03,-4.270299999999999790e-02,4.188629999999999853e-01,-1.000000000000000000e+00
5.879273249030113220e+03,-9.322199999999999931e-02,3.783349999999999769e-01,-1.000000000000000000e+00
5.921406831502914429e+03,-9.707499999999999463e-02,3.748469999999999858e-01,-1.000000000000000000e+00
5.947335192918777466e+03,-4.401000000000000051e-02,4.257960000000000078e-01,-1.000000000000000000e+00
5.976504594683647156e+03,-2.488699999999999940e-02,4.240990000000000038e-01,-1.000000000000000000e+00
6.005673996329307556e+03,-6.582200000000000550e-02,4.098959999999999826e-01,-1.000000000000000000e+00
6.008915036559104919e+03,-5.015100000000000113e-02,4.126909999999999745e-01,-1.000000000000000000e+00
6.025120267510414124e+03,-1.691300000000000095e-02,4.308899999999999952e-01,-1.000000000000000000e+00
6.138556813836097717e+03,-4.654900000000000010e-02,4.088760000000000172e-01,-1.000000000000000000e+00
6.203377697706222534e+03,5.995199999999999835e-02,9.999989999999999712e-01,-4.275269999999999904e-01
6.213100838303565979e+03,1.891299999999999926e-01,1.000000000000000000e+00,-3.242369999999999974e-01
6.242270229935646057e+03,3.822760000000000047e-01,1.000000000000000000e+00,-1.112709999999999949e-01
6.345983635902404785e+03,4.059630000000000183e-01,1.000000000000000000e+00,-8.911199999999999677e-02
6.414045539855957031e+03,1.955689999999999928e-01,1.000000000000000000e+00,-3.175100000000000144e-01
6.485348494052886963e+03,4.060710000000000153e-01,1.000000000000000000e+00,-5.922800000000000287e-02
6.511276845455169678e+03,3.891830000000000012e-01,1.000000000000000000e+00,-1.162399999999999961e-01
6.537205186963081360e+03,5.810739999999999794e-01,1.000000000000000000e+00,1.367230000000000112e-01
6.576097699165344238e+03,6.795099999999999474e-01,1.000000000000000000e+00,3.525889999999999858e-01
6.582579789519309998e+03,6.590660000000000407e-01,1.000000000000000000e+00,3.268699999999999939e-01
6.598785000562667847e+03,6.268930000000000335e-01,1.000000000000000000e+00,2.663989999999999969e-01
6.660364814043045044e+03,5.990280000000000049e-01,1.000000000000000000e+00,2.303270000000000040e-01
6.689534195780754089e+03,5.471780000000000532e-01,1.000000000000000000e+00,1.411270000000000024e-01
6.689534195780754089e+03,5.088279999999999470e-01,1.000000000000000000e+00,4.597600000000000298e-02
6.712221497058868408e+03,4.776050000000000018e-01,1.000000000000000000e+00,-1.128400000000000063e-02
6.845104234814643860e+03,4.271389999999999909e-01,1.000000000000000000e+00,-9.313799999999999857e-02
6.900201947927474976e+03,1.446929999999999883e-01,1.000000000000000000e+00,-3.753719999999999835e-01
6.971504862070083618e+03,4.335930000000000062e-01,1.000000000000000000e+00,-8.399800000000000322e-02
7.052530906677246094e+03,4.065019999999999745e-01,1.000000000000000000e+00,-1.074530000000000068e-01
7.075218197941780090e+03,4.080429999999999890e-01,1.000000000000000000e+00,-1.039800000000000030e-01
7.088182358741760254e+03,3.924389999999999823e-01,1.000000000000000000e+00,-1.202759999999999940e-01
7.165967353224754333e+03,3.117130000000000178e-01,1.000000000000000000e+00,-2.267180000000000029e-01
7.191895684719085693e+03,3.305799999999999850e-01,1.000000000000000000e+00,-1.842499999999999971e-01
7.272921709418296814e+03,3.135410000000000141e-01,1.000000000000000000e+00,-2.126020000000000132e-01
7.308573151469230652e+03,2.890309999999999824e-01,1.000000000000000000e+00,-2.404390000000000138e-01
7.422009578108787537e+03,3.305799999999999850e-01,1.000000000000000000e+00,-1.967540000000000122e-01
7.486830381751060486e+03,3.271499999999999964e-01,1.000000000000000000e+00,-2.026560000000000028e-01
7.538687024712562561e+03,3.302479999999999860e-01,1.000000000000000000e+00,-1.769179999999999919e-01
7.619713019490242004e+03,3.813790000000000235e-01,1.000000000000000000e+00,-1.323070000000000079e-01
7.700739014029502869e+03,1.395879999999999899e-01,1.000000000000000000e+00,-3.781059999999999977e-01
7.872514104008674622e+03,1.491290000000000115e-01,1.000000000000000000e+00,-3.676090000000000191e-01
7.911406566143035889e+03,1.338110000000000133e-01,1.000000000000000000e+00,-3.796129999999999782e-01
7.972986309766769409e+03,1.498329999999999940e-01,1.000000000000000000e+00,-3.813480000000000203e-01
8.015119812250137329e+03,-4.337900000000000089e-02,4.064860000000000140e-01,-1.000000000000000000e+00
8.066976435184478760e+03,-8.391999999999999460e-02,4.027330000000000076e-01,-1.000000000000000000e+00
8.105868897318840027e+03,-5.250200000000000006e-02,4.234669999999999823e-01,-1.000000000000000000e+00
8.232269384741783142e+03,1.886289999999999911e-01,9.999989999999999712e-01,-3.361210000000000031e-01
8.261438726425170898e+03,1.781330000000000136e-01,9.999989999999999712e-01,-3.375360000000000027e-01
8.348946751475334167e+03,1.557520000000000016e-01,1.000000000000000000e+00,-3.816849999999999965e-01
8.361910902142524719e+03,-8.449700000000000266e-02,3.857720000000000038e-01,-1.000000000000000000e+00
8.387839203715324402e+03,-3.043609999999999927e-01,1.647409999999999985e-01,-1.000000000000000000e+00
8.394321284174919128e+03,-2.855739999999999945e-01,1.902619999999999867e-01,-1.000000000000000000e+00
8.423490615725517273e+03,-3.132400000000000184e-01,1.474810000000000010e-01,-1.000000000000000000e+00
8.423490615725517273e+03,-4.721910000000000274e-01,-8.165699999999999348e-02,-1.000000000000000000e+00
8.439695806622505188e+03,-4.275909999999999989e-01,-3.637100000000000055e-02,-1.000000000000000000e+00
8.468865148425102234e+03,-4.436970000000000081e-01,-4.095700000000000035e-02,-1.000000000000000000e+00
8.472106178522109985e+03,-3.829029999999999934e-01,4.053099999999999759e-02,-1.000000000000000000e+00
8.689255671143531799e+03,-3.577609999999999957e-01,4.760999999999999954e-02,-1.000000000000000000e+00
8.695737741470336914e+03,-6.759999999999999343e-02,3.458899999999999753e-01,-1.000000000000000000e+00
8.731389153480529785e+03,-6.006500000000000034e-02,3.488069999999999782e-01,-1.000000000000000000e+00
8.737871223926544189e+03,-1.203000000000000042e-01,3.001770000000000271e-01,-1.000000000000000000e+00
8.737871223926544189e+03,-1.435200000000000017e-02,3.711909999999999932e-01,-1.000000000000000000e+00
8.893440972805023193e+03,-8.782999999999999141e-03,3.715589999999999726e-01,-1.000000000000000000e+00
8.932333405017852783e+03,2.782799999999999857e-02,1.000000000000000000e+00,-3.652409999999999823e-01
8.942056515574455261e+03,4.170999999999999708e-02,1.000000000000000000e+00,-3.534079999999999999e-01
8.980948947906494141e+03,7.581200000000000438e-02,1.000000000000000000e+00,-3.084959999999999924e-01
9.019841380119323730e+03,2.372399999999999856e-02,9.999980000000000535e-01,-3.769790000000000085e-01
9.026323450446128845e+03,-4.649999999999999620e-03,3.583089999999999886e-01,-9.999940000000000495e-01
9.123554526209831238e+03,-1.103699999999999994e-02,3.390639999999999765e-01,-9.999980000000000535e-01
9.168929028868675232e+03,1.967199999999999852e-02,3.367479999999999918e-01,-1.000000000000000000e+00
9.262919054269790649e+03,1.261240000000000139e-01,9.999989999999999712e-01,-3.328280000000000127e-01
9.262919054269790649e+03,4.496959999999999846e-01,1.000000000000000000e+00,6.827400000000000135e-02
9.298570446133613586e+03,4.809519999999999906e-01,9.999989999999999712e-01,1.026730000000000004e-01
9.301811476349830627e+03,4.762939999999999952e-01,9.999989999999999712e-01,1.087209999999999982e-01
9.305052516460418701e+03,4.767680000000000251e-01,1.000000000000000000e+00,1.214989999999999959e-01
9.353668039441108704e+03,7.000610000000000444e-01,1.000000000000000000e+00,4.288629999999999942e-01
9.360150109767913818e+03,7.112199999999999633e-01,1.000000000000000000e+00,4.507470000000000088e-01
9.360150109767913818e+03,6.936350000000000016e-01,1.000000000000000000e+00,4.048910000000000009e-01
9.463863225698471069e+03,6.307420000000000249e-01,1.000000000000000000e+00,2.783419999999999783e-01
9.528683919429779053e+03,7.638909999999999867e-01,1.000000000000000000e+00,5.411420000000000119e-01
9.612950814247131348e+03,5.984690000000000287e-01,1.000000000000000000e+00,3.149549999999999850e-01
9.645361156105995178e+03,7.575100000000000167e-01,1.000000000000000000e+00,5.206089999999999884e-01
9.671289427757263184e+03,8.567320000000000491e-01,1.000000000000000000e+00,6.896619999999999973e-01
9.684253568410873413e+03,8.540929999999999911e-01,1.000000000000000000e+00,6.777560000000000251e-01
9.687494598746299744e+03,8.413239999999999608e-01,1.000000000000000000e+00,6.593830000000000524e-01
9.797689764857292175e+03,9.205189999999999761e-01,1.000000000000000000e+00,8.259830000000000227e-01
9.800930795192718506e+03,9.240429999999999477e-01,1.000000000000000000e+00,8.362819999999999698e-01
9.810653895735740662e+03,9.350340000000000318e-01,1.000000000000000000e+00,8.682330000000000325e-01
9.813894935965538025e+03,9.093320000000000292e-01,1.000000000000000000e+00,7.984860000000000291e-01
9.946777313590049744e+03,9.128560000000000008e-01,1.000000000000000000e+00,8.111669999999999714e-01
9.979187645435333252e+03,9.090620000000000367e-01,1.000000000000000000e+00,7.965309999999999890e-01
1.000187487685680389e+04,9.065210000000000212e-01,1.000000000000000000e+00,7.952439999999999509e-01
1.004724934935569763e+04,8.412020000000000053e-01,1.000000000000000000e+00,6.631669999999999510e-01
1.016068550586700439e+04,7.302800000000000402e-01,1.000000000000000000e+00,4.694639999999999924e-01
1.017364963662624359e+04,5.325140000000000429e-01,1.000000000000000000e+00,2.038520000000000054e-01
1.019309583771228790e+04,5.628589999999999982e-01,1.000000000000000000e+00,2.409560000000000035e-01
1.022226512956619263e+04,6.106289999999999774e-01,1.000000000000000000e+00,3.355449999999999822e-01
1.022226512956619263e+04,5.855249999999999622e-01,1.000000000000000000e+00,2.890019999999999811e-01
1.024495236074924469e+04,5.551340000000000163e-01,1.000000000000000000e+00,1.660689999999999944e-01
1.029356785356998444e+04,5.277920000000000389e-01,1.000000000000000000e+00,1.203459999999999946e-01
1.030653198432922363e+04,3.540619999999999878e-01,1.000000000000000000e+00,-1.443979999999999986e-01
1.032273714518547058e+04,3.512350000000000194e-01,1.000000000000000000e+00,-1.425049999999999928e-01
1.032921920561790466e+04,3.704020000000000090e-01,1.000000000000000000e+00,-1.047410000000000008e-01
1.050423495566844940e+04,3.807360000000000189e-01,1.000000000000000000e+00,-1.110499999999999959e-01
1.050747598588466644e+04,3.343209999999999793e-01,1.000000000000000000e+00,-1.727039999999999964e-01
1.053340424740314484e+04,3.088359999999999994e-01,1.000000000000000000e+00,-2.129729999999999956e-01
1.056581456923484802e+04,3.731200000000000072e-01,1.000000000000000000e+00,-1.209230000000000027e-01
1.061443004214763641e+04,4.396430000000000060e-01,1.000000000000000000e+00,-1.437699999999999916e-02
1.067925067579746246e+04,3.919030000000000014e-01,1.000000000000000000e+00,-7.727199999999999347e-02
1.068897377634048462e+04,4.095030000000000059e-01,1.000000000000000000e+00,-5.916099999999999831e-02
1.072138408827781677e+04,4.020150000000000112e-01,1.000000000000000000e+00,-8.361300000000000676e-02
1.073110717880725861e+04,8.761099999999999444e-02,1.000000000000000000e+00,-3.605329999999999924e-01
1.085102534568309784e+04,1.075669999999999960e-01,1.000000000000000000e+00,-3.588169999999999971e-01
1.096446144211292267e+04,-1.351960000000000106e-01,2.740850000000000231e-01,-1.000000000000000000e+00
1.102279999566078186e+04,-3.903019999999999823e-01,4.435999999999999839e-03,-1.000000000000000000e+00
1.121726182687282562e+04,-3.966250000000000053e-01,-1.205099999999999921e-02,-1.000000000000000000e+00
1.123994903814792633e+04,-4.264160000000000172e-01,-7.152699999999999336e-02,-1.000000000000000000e+00
1.124643109846115112e+04,-5.081419999999999826e-01,-1.495080000000000020e-01,-1.000000000000000000e+00
1.128856449091434479e+04,-5.194360000000000088e-01,-1.651009999999999978e-01,-1.000000000000000000e+00
1.136634921538829803e+04,-5.090529999999999777e-01,-1.415720000000000034e-01,-1.000000000000000000e+00
1.138255436635017395e+04,-4.360419999999999852e-01,-9.633799999999999308e-02,-1.000000000000000000e+00
1.138255436635017395e+04,-4.602930000000000077e-01,-1.059930000000000039e-01,-1.000000000000000000e+00
1.139227745687961578e+04,-4.639849999999999808e-01,-1.088220000000000021e-01,-1.000000000000000000e+00
1.144737497019767761e+04,-5.033499999999999641e-01,-1.382829999999999893e-01,-9.999980000000000535e-01
1.147330320167541504e+04,-3.223400000000000154e-01,1.001589999999999980e-01,-1.000000000000000000e+00
1.158025717771053314e+04,-4.300899999999999862e-02,3.980739999999999834e-01,-1.000000000000000000e+00
1.158025717771053314e+04,2.214919999999999944e-01,1.000000000000000000e+00,-2.942139999999999755e-01
1.160294438898563385e+04,-1.036899999999999974e-02,4.410430000000000184e-01,-1.000000000000000000e+00
1.160294438898563385e+04,-1.062280000000000030e-01,3.528089999999999837e-01,-1.000000000000000000e+00
1.163535468101501465e+04,-3.025299999999999864e-02,4.037569999999999770e-01,-1.000000000000000000e+00
1.168072909355163574e+04,-3.253969999999999918e-01,5.587899999999999812e-02,-1.000000000000000000e+00
1.172934452641010284e+04,-2.477900000000000102e-01,1.384920000000000040e-01,-1.000000000000000000e+00
1.186222672402858734e+04,-3.315499999999999697e-02,3.096570000000000156e-01,-1.000000000000000000e+00
1.187194980454444885e+04,-1.196139999999999981e-01,2.446540000000000104e-01,-1.000000000000000000e+00
1.188491391539573669e+04,-2.574049999999999949e-01,1.314170000000000060e-01,-1.000000000000000000e+00
1.191408317708969116e+04,-2.372319999999999984e-01,1.622439999999999993e-01,-1.000000000000000000e+00
1.195621655941009521e+04,-3.185399999999999898e-01,7.682200000000000140e-02,-1.000000000000000000e+00
1.197242170035839081e+04,-3.365790000000000171e-01,5.466200000000000225e-02,-1.000000000000000000e+00
1.209558077740669250e+04,-3.856450000000000156e-01,4.435999999999999839e-03,-1.000000000000000000e+00
1.217012442183494568e+04,-4.040739999999999887e-01,-4.843000000000000083e-03,-1.000000000000000000e+00
1.222522190499305725e+04,-3.635450000000000070e-01,4.876400000000000179e-02,-1.000000000000000000e+00
1.225763218677043915e+04,-3.611940000000000150e-01,6.053999999999999659e-02,-1.000000000000000000e+00
1.226411424708366394e+04,-3.487549999999999817e-01,4.853600000000000275e-02,-1.000000000000000000e+00
1.237106816339492798e+04,-1.262860000000000094e-01,3.386299999999999866e-01,-1.000000000000000000e+00
1.238727329432964325e+04,6.482400000000000662e-02,1.000000000000000000e+00,-4.254379999999999828e-01
1.242292460632324219e+04,2.437040000000000040e-01,1.000000000000000000e+00,-2.897549999999999848e-01
1.245209384799003601e+04,5.312630000000000408e-01,1.000000000000000000e+00,4.110599999999999671e-02
1.245533487820625305e+04,5.329880000000000173e-01,1.000000000000000000e+00,4.094500000000000223e-02
1.254608364355564117e+04,2.972069999999999990e-01,1.000000000000000000e+00,-2.196960000000000024e-01
1.262386829793453217e+04,2.933180000000000232e-01,1.000000000000000000e+00,-2.102640000000000065e-01
1.273730424439907074e+04,2.589770000000000127e-01,1.000000000000000000e+00,-2.709989999999999899e-01
1.282805298984050751e+04,2.674079999999999790e-01,1.000000000000000000e+00,-2.393540000000000112e-01
1.294472994649410248e+04,2.679309999999999747e-01,1.000000000000000000e+00,-2.330879999999999896e-01
1.307437100398540497e+04,2.798010000000000219e-01,1.000000000000000000e+00,-2.401490000000000014e-01
1.316187870895862579e+04,2.574799999999999867e-01,1.000000000000000000e+00,-2.697999999999999843e-01
1.324614537382125854e+04,2.865019999999999789e-01,1.000000000000000000e+00,-2.350530000000000119e-01
1.325586845433712006e+04,2.890340000000000131e-01,1.000000000000000000e+00,-2.439369999999999872e-01
1.326883255517482758e+04,2.888569999999999749e-01,1.000000000000000000e+00,-2.255929999999999880e-01
1.333041203868389130e+04,2.761449999999999738e-01,1.000000000000000000e+00,-2.445879999999999999e-01
1.348274023747444153e+04,5.381529999999999925e-01,1.000000000000000000e+00,-1.677000000000000105e-03
1.353783767068386078e+04,3.136780000000000124e-01,1.000000000000000000e+00,-2.087199999999999889e-01
1.356700689232349396e+04,3.369929999999999870e-01,1.000000000000000000e+00,-1.699479999999999880e-01
1.357672997283935547e+04,5.413160000000000194e-01,1.000000000000000000e+00,2.895299999999999957e-02
1.359293509387969971e+04,5.324539999999999829e-01,1.000000000000000000e+00,5.526999999999999795e-03
1.373229916191101074e+04,5.324539999999999829e-01,1.000000000000000000e+00,5.526999999999999795e-03
1.389110937094688416e+04,5.554879999999999818e-01,9.999989999999999712e-01,8.338800000000000379e-02
1.389435039126873016e+04,5.782169999999999810e-01,1.000000000000000000e+00,1.220900000000000041e-01
1.389759142136573792e+04,5.870109999999999495e-01,1.000000000000000000e+00,1.528029999999999944e-01
1.394944780445098877e+04,6.135960000000000303e-01,1.000000000000000000e+00,1.990139999999999965e-01
1.402399136865139008e+04,6.379050000000000553e-01,1.000000000000000000e+00,2.181839999999999891e-01
1.404667852997779846e+04,7.332790000000000141e-01,1.000000000000000000e+00,4.181480000000000197e-01
1.416659641695022583e+04,6.125730000000000341e-01,1.000000000000000000e+00,2.404110000000000136e-01
1.423465792083740234e+04,6.687340000000000506e-01,1.000000000000000000e+00,3.383269999999999889e-01
1.423789895105361938e+04,6.676879999999999482e-01,1.000000000000000000e+00,3.266629999999999812e-01
1.427679123318195343e+04,6.157010000000000538e-01,1.000000000000000000e+00,2.483960000000000057e-01
1.428975531411170959e+04,6.426319999999999810e-01,1.000000000000000000e+00,3.209730000000000083e-01
1.430271941471099854e+04,7.021560000000000024e-01,1.000000000000000000e+00,4.136540000000000217e-01
1.438698602962493896e+04,7.372980000000000089e-01,1.000000000000000000e+00,4.771650000000000058e-01
1.443236035227775574e+04,7.390290000000000470e-01,1.000000000000000000e+00,4.798490000000000255e-01
1.443884240257740021e+04,5.101430000000000131e-01,1.000000000000000000e+00,1.588690000000000102e-01
1.444856547319889069e+04,6.814000000000000057e-01,1.000000000000000000e+00,3.841840000000000255e-01
1.450366286623477936e+04,7.863010000000000277e-01,1.000000000000000000e+00,5.824580000000000313e-01
1.452959105777740479e+04,8.086280000000000134e-01,1.000000000000000000e+00,6.287199999999999456e-01
1.458792946124076843e+04,7.974459999999999882e-01,1.000000000000000000e+00,6.082429999999999781e-01
1.458792946124076843e+04,7.872470000000000301e-01,1.000000000000000000e+00,5.841650000000000453e-01
1.458792946124076843e+04,5.863220000000000098e-01,1.000000000000000000e+00,2.862310000000000132e-01
1.461385764276981354e+04,5.711070000000000313e-01,1.000000000000000000e+00,2.654070000000000040e-01
1.462358071339130402e+04,6.137329999999999730e-01,1.000000000000000000e+00,3.185629999999999851e-01
1.466247299551963806e+04,6.212299999999999489e-01,1.000000000000000000e+00,3.691099999999999937e-01
1.469164219713211060e+04,6.441559999999999508e-01,1.000000000000000000e+00,4.443349999999999800e-01
1.470784731805324554e+04,6.419479999999999631e-01,1.000000000000000000e+00,4.310959999999999792e-01
1.483424719548225403e+04,6.157350000000000323e-01,1.000000000000000000e+00,3.564120000000000066e-01
1.484397025585174561e+04,8.024369999999999559e-01,1.000000000000000000e+00,6.193880000000000496e-01
1.486665741729736328e+04,7.966020000000000323e-01,1.000000000000000000e+00,6.175230000000000441e-01
1.490230866920948029e+04,7.892439999999999456e-01,1.000000000000000000e+00,6.031800000000000495e-01
1.492823684084415436e+04,5.903249999999999886e-01,1.000000000000000000e+00,3.560320000000000151e-01
1.494120093154907227e+04,6.019050000000000233e-01,1.000000000000000000e+00,3.503999999999999893e-01
1.506435977852344513e+04,5.845869999999999678e-01,1.000000000000000000e+00,3.183520000000000238e-01
1.508704692006111145e+04,5.015570000000000306e-01,1.000000000000000000e+00,1.629099999999999993e-01
1.511621612179279327e+04,5.165809999999999569e-01,1.000000000000000000e+00,1.998449999999999949e-01
1.517131350481510162e+04,4.657270000000000021e-01,1.000000000000000000e+00,8.450299999999999478e-02
1.527178517067432404e+04,4.629139999999999922e-01,1.000000000000000000e+00,8.094999999999999418e-02
1.530095436239242554e+04,3.357490000000000197e-01,1.000000000000000000e+00,-1.102500000000000008e-01
1.531067742300033569e+04,5.912579999999999503e-01,1.000000000000000000e+00,2.205020000000000036e-01
1.531067742300033569e+04,5.450620000000000465e-01,1.000000000000000000e+00,1.346249999999999947e-01
1.533012356388568878e+04,5.536109999999999642e-01,1.000000000000000000e+00,1.640359999999999874e-01
1.540466705822944641e+04,3.943169999999999731e-01,1.000000000000000000e+00,-1.189849999999999935e-01
1.540790807843208313e+04,9.130499999999999727e-02,1.000000000000000000e+00,-4.117379999999999929e-01
1.543059522974491119e+04,9.575999999999999790e-02,1.000000000000000000e+00,-4.062220000000000275e-01
1.554403096628189087e+04,1.174209999999999976e-01,1.000000000000000000e+00,-4.071460000000000079e-01
1.556995913779735565e+04,1.438470000000000026e-01,1.000000000000000000e+00,-3.697750000000000203e-01
1.558292321860790253e+04,1.617139999999999966e-01,1.000000000000000000e+00,-3.653899999999999926e-01
1.561857445061206818e+04,1.598569999999999991e-01,1.000000000000000000e+00,-3.706030000000000157e-01
1.579358958077430725e+04,1.259720000000000006e-01,1.000000000000000000e+00,-3.936640000000000139e-01
1.580331264126300812e+04,1.384779999999999900e-01,1.000000000000000000e+00,-3.775069999999999815e-01
1.594591754949092865e+04,1.059699999999999948e-01,1.000000000000000000e+00,-4.205329999999999901e-01
1.594915855967998505e+04,1.581300000000000067e-02,1.000000000000000000e+00,-4.925640000000000018e-01
1.604638916528224945e+04,1.588060000000000027e-01,1.000000000000000000e+00,-3.878659999999999886e-01
1.608204038739204407e+04,1.905650000000000122e-01,1.000000000000000000e+00,-3.283659999999999912e-01
1.611769161939620972e+04,2.929400000000000059e-02,9.999980000000000535e-01,-4.788229999999999986e-01
1.615334283149242401e+04,-1.853899999999999992e-02,4.763490000000000224e-01,-1.000000000000000000e+00
1.647420377993583679e+04,-1.970729999999999982e-01,3.148369999999999780e-01,-1.000000000000000000e+00
1.654874723422527313e+04,-1.856059999999999932e-01,3.286839999999999762e-01,-1.000000000000000000e+00
1.666866493117809296e+04,-1.646769999999999901e-01,3.396009999999999862e-01,-1.000000000000000000e+00
1.674320837545394897e+04,-3.725269999999999970e-01,1.169089999999999990e-01,-1.000000000000000000e+00
1.675941346633434296e+04,-3.588459999999999983e-01,1.375069999999999903e-01,-1.000000000000000000e+00
1.679182365822792053e+04,-3.718759999999999843e-01,1.196929999999999938e-01,-1.000000000000000000e+00
1.681451078963279724e+04,-1.876579999999999915e-01,3.250120000000000231e-01,-1.000000000000000000e+00
1.683395689082145691e+04,-2.084429999999999894e-01,2.891739999999999866e-01,-1.000000000000000000e+00
1.686960810267925262e+04,-1.919410000000000005e-01,3.262100000000000000e-01,-1.000000000000000000e+00
1.696359763813018799e+04,-3.627549999999999941e-01,1.262790000000000024e-01,-1.000000000000000000e+00
1.720019198167324066e+04,-3.605530000000000124e-01,1.282919999999999894e-01,-1.000000000000000000e+00
1.736872491157054901e+04,-5.825110000000000010e-01,-1.500950000000000062e-01,-1.000000000000000000e+00
1.737196593165397644e+04,-5.302850000000000064e-01,-1.023059999999999942e-01,-1.000000000000000000e+00
1.747891951787471771e+04,-6.635729999999999684e-01,-3.285620000000000207e-01,-1.000000000000000000e+00
1.756642699289321899e+04,-7.549069999999999947e-01,-4.921220000000000039e-01,-1.000000000000000000e+00
1.756642699289321899e+04,-7.565600000000000103e-01,-5.105389999999999651e-01,-1.000000000000000000e+00
1.765393445801734924e+04,-7.555030000000000356e-01,-5.080829999999999513e-01,-1.000000000000000000e+00
1.767662157940864563e+04,-7.851820000000000466e-01,-5.652679999999999927e-01,-1.000000000000000000e+00
1.783543142843246460e+04,-6.997060000000000501e-01,-4.147480000000000055e-01,-1.000000000000000000e+00
1.792293887352943420e+04,-6.983310000000000350e-01,-4.066679999999999739e-01,-1.000000000000000000e+00
1.797155412638187408e+04,-6.951389999999999514e-01,-4.028729999999999811e-01,-1.000000000000000000e+00
1.798775920724868774e+04,-7.000229999999999508e-01,-4.206389999999999851e-01,-1.000000000000000000e+00
1.819518427920341492e+04,-6.018339999999999801e-01,-2.332970000000000044e-01,-1.000000000000000000e+00
1.821463038027286530e+04,-5.746529999999999694e-01,-1.520509999999999917e-01,-1.000000000000000000e+00
1.832482493662834167e+04,-5.661089999999999733e-01,-1.494230000000000003e-01,-1.000000000000000000e+00
1.840260932111740112e+04,-5.870119999999999783e-01,-1.738659999999999928e-01,-1.000000000000000000e+00
1.850956285738945007e+04,-5.562970000000000415e-01,-1.486480000000000024e-01,-1.000000000000000000e+00
1.859058824205398560e+04,-5.046640000000000015e-01,-8.721900000000000486e-02,-1.000000000000000000e+00
1.859058824205398560e+04,-6.557500000000000551e-01,-3.367149999999999865e-01,-1.000000000000000000e+00
1.862948043429851532e+04,-6.636250000000000204e-01,-3.483640000000000070e-01,-1.000000000000000000e+00
1.867809567701816559e+04,-5.260909999999999753e-01,-1.154469999999999941e-01,-1.000000000000000000e+00
1.869754176819324493e+04,-5.172560000000000491e-01,-1.258039999999999992e-01,-1.000000000000000000e+00
1.870726482868194580e+04,-3.387229999999999963e-01,9.322999999999999343e-02,-1.000000000000000000e+00
1.877208513247966766e+04,-5.075319999999999832e-01,-9.904599999999999516e-02,-1.000000000000000000e+00
1.882070035529136658e+04,-5.265260000000000495e-01,-1.154469999999999941e-01,-1.000000000000000000e+00
1.891144879043102264e+04,-2.786690000000000000e-01,1.769110000000000127e-01,-1.000000000000000000e+00
1.896978706395626068e+04,-2.509799999999999809e-01,2.147719999999999907e-01,-1.000000000000000000e+00
1.899895620548725128e+04,-2.535149999999999904e-01,2.031479999999999952e-01,-1.000000000000000000e+00
1.918693506646156311e+04,-2.618240000000000012e-01,2.003989999999999938e-01,-1.000000000000000000e+00
1.920314014732837677e+04,-2.219240000000000101e-01,2.391129999999999922e-01,-1.000000000000000000e+00
1.928740655207633972e+04,-1.846959999999999991e-01,2.575709999999999944e-01,-1.000000000000000000e+00
1.933278074479103088e+04,6.451900000000000690e-02,1.000000000000000000e+00,-4.259729999999999905e-01
1.944297525107860565e+04,6.396200000000000496e-02,9.999989999999999712e-01,-4.305209999999999870e-01
1.945918032205104828e+04,2.169629999999999892e-01,1.000000000000000000e+00,-2.861980000000000079e-01
1.950455452466011047e+04,3.083440000000000070e-01,1.000000000000000000e+00,-1.894430000000000003e-01
1.951751857542991638e+04,4.801279999999999992e-01,1.000000000000000000e+00,-7.760999999999999670e-03
1.957909784901142120e+04,4.518280000000000074e-01,1.000000000000000000e+00,-4.771199999999999747e-02
1.958233886909484863e+04,4.831219999999999959e-01,1.000000000000000000e+00,7.146999999999999707e-03
1.966660522413253784e+04,4.442729999999999735e-01,1.000000000000000000e+00,-3.880700000000000122e-02
1.969577435576915741e+04,3.463879999999999737e-01,1.000000000000000000e+00,-1.707029999999999936e-01
1.978328175079822540e+04,3.455989999999999895e-01,1.000000000000000000e+00,-1.769179999999999919e-01
1.978976376116275787e+04,3.310250000000000137e-01,1.000000000000000000e+00,-1.806280000000000108e-01
1.980272782194614410e+04,1.464789999999999981e-01,1.000000000000000000e+00,-3.706030000000000157e-01
1.981893289291858673e+04,-3.966000000000000081e-02,4.264399999999999857e-01,-1.000000000000000000e+00
1.988051215648651123e+04,-3.349610000000000087e-01,1.096680000000000016e-01,-1.000000000000000000e+00
1.988375316655635834e+04,-2.792319999999999802e-01,1.370480000000000032e-01,-1.000000000000000000e+00
1.992264532887935638e+04,-3.377680000000000127e-01,1.044899999999999995e-01,-1.000000000000000000e+00
2.008793704831600189e+04,-2.814699999999999980e-01,1.545890000000000042e-01,-1.000000000000000000e+00
2.024026468706130981e+04,-3.008379999999999943e-01,1.290989999999999915e-01,-1.000000000000000000e+00
2.024998771762847900e+04,-2.994839999999999725e-01,9.869100000000000095e-02,-1.000000000000000000e+00
2.026619278860092163e+04,-4.586400000000000199e-02,3.644000000000000017e-01,-1.000000000000000000e+00
2.035694116377830505e+04,-1.001500000000000029e-01,3.683119999999999727e-01,-1.000000000000000000e+00
2.038935129570960999e+04,-1.072990000000000055e-01,3.453840000000000243e-01,-1.000000000000000000e+00
2.042176141762733459e+04,-1.251909999999999967e-01,3.417499999999999982e-01,-1.000000000000000000e+00
2.066483741152286530e+04,-1.294829999999999870e-01,3.383929999999999993e-01,-1.000000000000000000e+00
2.076854981756210327e+04,2.297009999999999885e-01,9.999989999999999712e-01,-2.789809999999999790e-01
2.081716500043869019e+04,1.932689999999999964e-01,9.999989999999999712e-01,-3.035990000000000077e-01
2.081716500043869019e+04,1.383240000000000025e-01,9.999989999999999712e-01,-3.725419999999999843e-01
2.081716500043869019e+04,-1.233979999999999938e-01,3.074990000000000223e-01,-1.000000000000000000e+00
2.082040602052211761e+04,-5.736999999999999739e-02,4.303330000000000211e-01,-1.000000000000000000e+00
2.083985209178924561e+04,-1.721200000000000160e-02,4.388549999999999951e-01,-1.000000000000000000e+00
2.089494930481910706e+04,2.530100000000000057e-02,9.999989999999999712e-01,-4.688189999999999857e-01
2.095976955866813660e+04,-9.768000000000000640e-03,4.496319999999999761e-01,-1.000000000000000000e+00
2.099866171085834503e+04,1.198100000000000033e-02,9.999989999999999712e-01,-4.668340000000000267e-01
2.103431284296512604e+04,5.381799999999999778e-02,1.000000000000000000e+00,-4.445359999999999867e-01
2.107968701553344727e+04,-1.280749999999999944e-01,2.965169999999999750e-01,-1.000000000000000000e+00
2.121905054354667664e+04,-1.558670000000000055e-01,2.718809999999999838e-01,-1.000000000000000000e+00
2.122553257393836975e+04,-1.830859999999999987e-01,2.675290000000000168e-01,-1.000000000000000000e+00
2.129683483803272247e+04,1.521039999999999892e-01,1.000000000000000000e+00,-3.198829999999999729e-01
2.135841406166553497e+04,1.068489999999999995e-01,1.000000000000000000e+00,-3.729810000000000070e-01
2.137786014258861542e+04,4.777499999999999802e-02,1.000000000000000000e+00,-4.321710000000000274e-01
2.139730621385574341e+04,3.183679999999999843e-01,1.000000000000000000e+00,-7.995599999999999929e-02
2.143619835615158081e+04,3.575650000000000217e-01,1.000000000000000000e+00,-3.289500000000000063e-02
2.146536746776103973e+04,9.077499999999999458e-02,9.999989999999999712e-01,-3.096349999999999936e-01
2.153666972196102142e+04,3.673040000000000194e-01,9.999989999999999712e-01,-2.816600000000000006e-02
2.156907985365390778e+04,5.892380000000000395e-01,1.000000000000000000e+00,2.537519999999999776e-01
2.157232086396217346e+04,7.043340000000000156e-01,1.000000000000000000e+00,4.109039999999999915e-01
2.163714108765125275e+04,7.163310000000000510e-01,1.000000000000000000e+00,4.230289999999999884e-01
2.165334614861011505e+04,5.856879999999999864e-01,1.000000000000000000e+00,1.922099999999999920e-01
2.168575628042221069e+04,5.767099999999999449e-01,1.000000000000000000e+00,1.740140000000000020e-01
2.177326358544826508e+04,5.760279999999999845e-01,1.000000000000000000e+00,1.576680000000000026e-01
2.179270966660976410e+04,6.011060000000000292e-01,1.000000000000000000e+00,2.063460000000000016e-01
2.180891470766067505e+04,5.753070000000000128e-01,1.000000000000000000e+00,1.521689999999999987e-01
2.182187875831127167e+04,5.840290000000000203e-01,1.000000000000000000e+00,1.735240000000000116e-01
2.187697595155239105e+04,5.586250000000000382e-01,1.000000000000000000e+00,1.454209999999999947e-01
2.192883214449882507e+04,5.850039999999999685e-01,1.000000000000000000e+00,1.770869999999999944e-01
2.201633943963050842e+04,5.226480000000000015e-01,1.000000000000000000e+00,5.961199999999999832e-02
2.205847260189056396e+04,5.195419999999999483e-01,1.000000000000000000e+00,6.260200000000000486e-02
2.209088271379470825e+04,3.070749999999999869e-01,1.000000000000000000e+00,-2.295810000000000073e-01
2.212329282569885254e+04,1.906239999999999879e-01,1.000000000000000000e+00,-3.558899999999999841e-01
2.216542597806453705e+04,4.267489999999999895e-01,1.000000000000000000e+00,-6.673199999999999965e-02
2.223672822213172913e+04,3.182409999999999961e-01,1.000000000000000000e+00,-1.910660000000000136e-01
2.224321022272109985e+04,3.050200000000000133e-01,1.000000000000000000e+00,-2.249510000000000121e-01
2.239229675114154816e+04,3.022029999999999994e-01,1.000000000000000000e+00,-2.257579999999999865e-01
2.248304504656791687e+04,1.211279999999999996e-01,1.000000000000000000e+00,-3.556000000000000272e-01
2.254138324987888336e+04,1.885989999999999889e-01,9.999989999999999712e-01,-3.242369999999999974e-01
2.254462426996231079e+04,1.942740000000000022e-01,9.999980000000000535e-01,-3.182490000000000041e-01
2.264833660590648651e+04,3.887289999999999912e-01,1.000000000000000000e+00,-1.338900000000000090e-01
2.278121804368495941e+04,3.888249999999999762e-01,1.000000000000000000e+00,-1.543039999999999967e-01
2.282659219622612000e+04,3.986239999999999783e-01,1.000000000000000000e+00,-1.187219999999999942e-01
2.284603824746608734e+04,3.555360000000000187e-01,1.000000000000000000e+00,-1.842330000000000079e-01
2.302429384756088257e+04,3.827630000000000199e-01,1.000000000000000000e+00,-1.637990000000000002e-01
2.304698091888427734e+04,4.457590000000000163e-01,1.000000000000000000e+00,-5.581400000000000250e-02
2.312152414333820343e+04,4.566060000000000119e-01,1.000000000000000000e+00,-2.800300000000000011e-02
2.326412861144542694e+04,4.733359999999999790e-01,1.000000000000000000e+00,4.608000000000000117e-03
2.330950273418426514e+04,6.522160000000000180e-01,1.000000000000000000e+00,2.585759999999999725e-01
2.342617911076545715e+04,6.710829999999999851e-01,1.000000000000000000e+00,3.060129999999999795e-01
2.346831223332881927e+04,6.630559999999999787e-01,1.000000000000000000e+00,2.774269999999999792e-01
2.346831223332881927e+04,4.816529999999999978e-01,1.000000000000000000e+00,1.779400000000000079e-02
2.348451728415489197e+04,4.781420000000000115e-01,1.000000000000000000e+00,5.526999999999999795e-03
2.348451728415489197e+04,5.604609999999999870e-01,1.000000000000000000e+00,1.599579999999999891e-01
2.348775830423831940e+04,6.274549999999999850e-01,1.000000000000000000e+00,2.915449999999999986e-01
2.348775830423831940e+04,4.770499999999999741e-01,1.000000000000000000e+00,2.702900000000000094e-02
2.353637345719337463e+04,4.328230000000000133e-01,1.000000000000000000e+00,-3.608100000000000196e-02
2.355257849812507629e+04,5.592000000000000304e-01,1.000000000000000000e+00,1.672160000000000035e-01
2.360767567121982574e+04,6.383400000000000185e-01,1.000000000000000000e+00,3.130129999999999857e-01
2.361739869177341461e+04,5.386170000000000124e-01,1.000000000000000000e+00,1.417619999999999991e-01
2.363360374283790588e+04,4.918640000000000234e-01,1.000000000000000000e+00,4.424199999999999661e-02
2.364332678329944611e+04,6.129459999999999908e-01,1.000000000000000000e+00,2.522670000000000190e-01
2.366277283442020416e+04,5.578130000000000033e-01,1.000000000000000000e+00,1.533329999999999971e-01
2.367897788536548615e+04,7.518989999999999840e-01,1.000000000000000000e+00,4.613670000000000271e-01
2.370814697706699371e+04,8.171220000000000150e-01,1.000000000000000000e+00,6.061609999999999498e-01
2.373407504868507385e+04,8.284249999999999670e-01,1.000000000000000000e+00,6.352119999999999989e-01
2.380861828291416168e+04,7.739439999999999653e-01,1.000000000000000000e+00,5.711589999999999723e-01
2.387667948675155640e+04,7.708530000000000104e-01,1.000000000000000000e+00,5.640140000000000153e-01
2.389936655807495117e+04,7.780289999999999706e-01,1.000000000000000000e+00,5.741779999999999662e-01
2.394474070072174072e+04,8.294449999999999878e-01,1.000000000000000000e+00,6.388869999999999827e-01
2.411651420068740845e+04,7.252819999999999823e-01,1.000000000000000000e+00,4.513059999999999850e-01
2.417485236406326294e+04,7.170009999999999994e-01,1.000000000000000000e+00,4.270979999999999777e-01
2.419105740499496460e+04,7.064829999999999721e-01,1.000000000000000000e+00,4.136630000000000029e-01
2.422994952726364136e+04,6.729129999999999834e-01,1.000000000000000000e+00,3.493290000000000006e-01
2.438875899636745453e+04,6.535220000000000473e-01,1.000000000000000000e+00,3.081079999999999930e-01
2.444061514925956726e+04,4.396430000000000060e-01,1.000000000000000000e+00,-1.437699999999999916e-02
2.456701450669765472e+04,3.992089999999999805e-01,1.000000000000000000e+00,-1.083410000000000067e-01
2.463183468031883240e+04,4.200800000000000090e-01,1.000000000000000000e+00,-8.942500000000000449e-02
2.470313690447807312e+04,4.111040000000000250e-01,1.000000000000000000e+00,-1.010609999999999981e-01
2.475499303746223450e+04,3.594740000000000157e-01,1.000000000000000000e+00,-1.425049999999999928e-01
2.475499303746223450e+04,3.622850000000000237e-01,1.000000000000000000e+00,-1.292480000000000018e-01
2.475823405754566193e+04,3.585269999999999846e-01,1.000000000000000000e+00,-1.416560000000000041e-01
2.477768009877204895e+04,3.814250000000000140e-01,1.000000000000000000e+00,-1.126550000000000051e-01
2.482629525148868561e+04,6.118379999999999930e-01,1.000000000000000000e+00,2.287049999999999916e-01
2.497862266027927399e+04,4.885550000000000170e-01,1.000000000000000000e+00,1.819600000000000037e-02
2.497862266027927399e+04,4.706339999999999968e-01,1.000000000000000000e+00,-1.728599999999999928e-02
2.501427377235889435e+04,4.137259999999999827e-01,1.000000000000000000e+00,-1.362250000000000127e-01
2.502399679291248322e+04,4.178419999999999912e-01,1.000000000000000000e+00,-1.043319999999999942e-01
2.507909394621849060e+04,4.578320000000000167e-01,1.000000000000000000e+00,-6.173100000000000115e-02
2.512446806871891022e+04,4.347030000000000061e-01,1.000000000000000000e+00,-8.923999999999999988e-02
2.518928824257850647e+04,4.578320000000000167e-01,1.000000000000000000e+00,-6.173100000000000115e-02
2.520873430359363556e+04,2.182409999999999906e-01,9.999989999999999712e-01,-3.104790000000000050e-01
2.524438540565967560e+04,2.344199999999999895e-01,9.999989999999999712e-01,-2.990200000000000080e-01
2.526059045660495758e+04,2.919160000000000088e-01,1.000000000000000000e+00,-2.297319999999999918e-01
2.534161566126346588e+04,3.471210000000000129e-01,1.000000000000000000e+00,-1.657470000000000054e-01
2.534485666155815125e+04,1.298999999999999877e-01,9.999989999999999712e-01,-3.683020000000000183e-01
2.536754372286796570e+04,1.323600000000000054e-01,9.999989999999999712e-01,-3.735459999999999892e-01
2.540643585491180420e+04,-1.701239999999999974e-01,2.714750000000000218e-01,-1.000000000000000000e+00
2.543884593677520752e+04,9.683300000000000241e-02,1.000000000000000000e+00,-3.904159999999999853e-01
2.563654745829105377e+04,-3.139999999999999888e-04,4.648880000000000234e-01,-1.000000000000000000e+00
2.574350074434280396e+04,3.179499999999999688e-02,9.999989999999999712e-01,-4.664579999999999838e-01
2.598657638847827911e+04,-1.684300000000000033e-02,4.515339999999999909e-01,-1.000000000000000000e+00
2.604815555191040039e+04,2.099939999999999862e-01,9.999989999999999712e-01,-3.343849999999999878e-01
2.605463755238056183e+04,2.079699999999999882e-01,9.999989999999999712e-01,-3.358240000000000114e-01
2.608380663406848907e+04,-3.374100000000000016e-02,4.451339999999999741e-01,-1.000000000000000000e+00
2.609028864443302155e+04,-5.756999999999999965e-03,4.573760000000000048e-01,-1.000000000000000000e+00
2.611297570574283600e+04,-3.335500000000000270e-02,4.515199999999999769e-01,-1.000000000000000000e+00
2.613566276705265045e+04,2.143869999999999942e-01,1.000000000000000000e+00,-3.091380000000000239e-01
2.616159082853794098e+04,1.088100000000000039e-01,1.000000000000000000e+00,-3.987229999999999941e-01
2.621992899179458618e+04,7.850799999999999446e-02,1.000000000000000000e+00,-4.279789999999999983e-01
2.630743620693683624e+04,6.010599999999999971e-02,1.000000000000000000e+00,-4.564830000000000276e-01
2.633984627878665924e+04,8.227099999999999691e-02,1.000000000000000000e+00,-4.148959999999999870e-01
2.639494342207908630e+04,7.982000000000000206e-02,1.000000000000000000e+00,-4.175119999999999942e-01
2.639494342207908630e+04,7.850799999999999446e-02,1.000000000000000000e+00,-4.236739999999999950e-01
2.645652257561683655e+04,7.036000000000000587e-02,1.000000000000000000e+00,-4.483809999999999740e-01
2.660560896408557892e+04,6.595600000000000074e-02,1.000000000000000000e+00,-4.498599999999999821e-01
2.671580323052406311e+04,7.676999999999999796e-03,9.999980000000000535e-01,-4.997550000000000048e-01
2.674173129200935364e+04,2.465600000000000083e-02,9.999980000000000535e-01,-4.880019999999999913e-01
2.675793633294105530e+04,5.884999999999999606e-03,9.999980000000000535e-01,-4.845610000000000195e-01
2.676765937340259552e+04,3.808700000000000280e-02,9.999989999999999712e-01,-4.541370000000000129e-01
2.681303346621990204e+04,3.336299999999999683e-02,9.999989999999999712e-01,-4.551740000000000230e-01
2.695887882459163666e+04,-1.581770000000000120e-01,3.172280000000000100e-01,-1.000000000000000000e+00
2.705935007035732269e+04,-1.797930000000000084e-01,3.065039999999999987e-01,-1.000000000000000000e+00
2.722140045964717865e+04,2.215800000000000061e-02,9.999980000000000535e-01,-4.834180000000000144e-01
2.725705155158042908e+04,-1.648900000000000088e-01,3.511279999999999957e-01,-1.000000000000000000e+00
2.728297961330413818e+04,-3.570320000000000160e-01,1.305189999999999961e-01,-1.000000000000000000e+00
2.735752279758453369e+04,-4.266340000000000132e-01,6.607999999999999985e-02,-1.000000000000000000e+00
2.736400478792190552e+04,-2.631539999999999990e-01,2.610970000000000235e-01,-1.000000000000000000e+00
2.739965588998794556e+04,-2.631539999999999990e-01,2.660179999999999767e-01,-1.000000000000000000e+00
2.750012712574005127e+04,-5.625999999999999751e-02,4.460779999999999745e-01,-1.000000000000000000e+00
2.764597246420383453e+04,-5.149399999999999811e-02,4.483300000000000063e-01,-1.000000000000000000e+00
2.769458757698535919e+04,-2.392600000000000005e-01,2.931960000000000122e-01,-1.000000000000000000e+00
2.774644369995594025e+04,-2.906529999999999947e-01,2.156830000000000136e-01,-1.000000000000000000e+00
2.777885377180576324e+04,-2.791339999999999932e-01,2.361880000000000090e-01,-1.000000000000000000e+00
2.779829983294010162e+04,-2.493680000000000063e-01,2.705239999999999867e-01,-1.000000000000000000e+00
2.781450486385822296e+04,-2.361149999999999916e-01,2.843530000000000224e-01,-1.000000000000000000e+00
2.785663795626163483e+04,-4.983400000000000329e-02,4.571459999999999968e-01,-1.000000000000000000e+00
2.792145810997486115e+04,-4.005600000000000133e-02,4.679789999999999783e-01,-1.000000000000000000e+00
2.821638978707790375e+04,-5.819200000000000067e-02,4.449469999999999814e-01,-1.000000000000000000e+00
2.821638978707790375e+04,-9.422800000000000620e-02,4.330010000000000248e-01,-1.000000000000000000e+00
2.824231783854961395e+04,-1.038580000000000059e-01,4.049429999999999974e-01,-1.000000000000000000e+00
2.843677826976776123e+04,-7.384300000000000586e-02,4.400220000000000242e-01,-1.000000000000000000e+00
2.853724949550628662e+04,-8.658699999999999730e-02,4.166520000000000223e-01,-1.000000000000000000e+00
2.858586461830139160e+04,-1.345560000000000089e-01,3.735430000000000139e-01,-1.000000000000000000e+00
2.865068475210666656e+04,-1.407730000000000092e-01,3.689609999999999834e-01,-1.000000000000000000e+00
2.867661280357837677e+04,-2.916380000000000083e-01,2.001269999999999993e-01,-1.000000000000000000e+00
2.877708401942253113e+04,-3.079520000000000035e-01,1.775110000000000021e-01,-1.000000000000000000e+00
2.881597610163688660e+04,-3.007179999999999853e-01,1.770150000000000057e-01,-1.000000000000000000e+00
2.885162719368934631e+04,-1.015250000000000041e-01,3.989010000000000056e-01,-1.000000000000000000e+00
2.897802646088600159e+04,-8.031699999999999950e-02,4.059519999999999795e-01,-1.000000000000000000e+00
2.900719552266597748e+04,-3.376160000000000272e-01,1.305790000000000006e-01,-1.000000000000000000e+00
2.911090773868560791e+04,-3.322899999999999743e-01,1.269119999999999970e-01,-1.000000000000000000e+00
2.911090773868560791e+04,-3.210749999999999993e-01,1.331630000000000036e-01,-1.000000000000000000e+00
2.929888615942001343e+04,-1.163669999999999982e-01,3.751209999999999822e-01,-1.000000000000000000e+00
2.944797246801853180e+04,-1.593650000000000067e-01,3.299389999999999823e-01,-1.000000000000000000e+00
2.946093649876117706e+04,-1.200119999999999937e-01,3.355759999999999854e-01,-1.000000000000000000e+00
2.950955159163475037e+04,1.522890000000000077e-01,9.999989999999999712e-01,-3.261299999999999755e-01
2.956464870476722717e+04,3.955279999999999907e-01,1.000000000000000000e+00,-9.832699999999999774e-02
2.957113072514533997e+04,4.686429999999999763e-01,1.000000000000000000e+00,-1.794000000000000108e-02
2.958733575618267059e+04,5.117319999999999647e-01,9.999989999999999712e-01,5.273599999999999816e-02
2.973642206466197968e+04,4.987840000000000051e-01,1.000000000000000000e+00,2.884199999999999958e-02
2.974938609552383423e+04,4.945809999999999929e-01,9.999989999999999712e-01,2.637400000000000161e-02
2.977207314670085907e+04,2.974430000000000129e-01,1.000000000000000000e+00,-2.106290000000000107e-01
2.977531413698196411e+04,5.181010000000000337e-01,9.999989999999999712e-01,6.529300000000000381e-02
2.978503717744350433e+04,2.965949999999999975e-01,1.000000000000000000e+00,-2.001809999999999978e-01
2.984661630094051361e+04,-8.104500000000000592e-02,3.495059999999999834e-01,-1.000000000000000000e+00
2.986282133185863495e+04,-1.128109999999999946e-01,3.471730000000000094e-01,-1.000000000000000000e+00
2.986606233215332031e+04,-9.873600000000000432e-02,3.693930000000000269e-01,-1.000000000000000000e+00
2.986930335223674774e+04,-1.274409999999999987e-01,3.374750000000000250e-01,-1.000000000000000000e+00
2.992764146578311920e+04,-1.014619999999999966e-01,3.489809999999999857e-01,-1.000000000000000000e+00
3.002487167119979858e+04,2.843000000000000041e-02,1.000000000000000000e+00,-4.323230000000000128e-01
3.004431770241260529e+04,-5.401000000000000419e-03,4.039749999999999730e-01,-9.999980000000000535e-01
3.006376375353336334e+04,-2.365059999999999940e-01,1.685450000000000004e-01,-1.000000000000000000e+00
3.008320978462696075e+04,-3.163969999999999838e-01,7.309599999999999431e-02,-1.000000000000000000e+00
3.009293281519412994e+04,-3.526540000000000230e-01,3.879400000000000209e-02,-1.000000000000000000e+00
3.018043999028205872e+04,-3.175379999999999869e-01,9.448600000000000054e-02,-1.000000000000000000e+00
3.021933207249641418e+04,-3.367109999999999825e-01,9.591700000000000226e-02,-1.000000000000000000e+00
3.024850113415718079e+04,-6.909600000000000464e-02,3.595940000000000247e-01,-9.999980000000000535e-01
3.034573132991790771e+04,-5.482200000000000267e-02,3.547100000000000253e-01,-1.000000000000000000e+00
3.035545437026023865e+04,-1.409710000000000130e-01,2.838879999999999737e-01,-1.000000000000000000e+00
3.049481763839721680e+04,-4.291599999999999859e-01,-2.488999999999999893e-02,-1.000000000000000000e+00
3.067631403887271881e+04,-4.492200000000000082e-01,-3.719900000000000290e-02,-1.000000000000000000e+00
3.067955503904819489e+04,-2.257909999999999917e-01,2.036199999999999954e-01,-1.000000000000000000e+00
3.081891833710670471e+04,-2.020480000000000054e-01,2.599389999999999756e-01,-1.000000000000000000e+00
3.082215935719013214e+04,-2.505350000000000077e-01,2.266799999999999926e-01,-1.000000000000000000e+00
3.082540035748481750e+04,-2.458849999999999925e-01,2.277180000000000037e-01,-1.000000000000000000e+00
3.096800467562675476e+04,-2.521229999999999860e-01,2.210640000000000105e-01,-1.000000000000000000e+00
3.097772769618034363e+04,-1.955979999999999941e-01,2.692539999999999933e-01,-1.000000000000000000e+00
3.106523488128185272e+04,-2.303719999999999934e-01,2.297099999999999975e-01,-1.000000000000000000e+00
3.111384997415542603e+04,-2.583880000000000066e-01,1.941160000000000108e-01,-1.000000000000000000e+00
3.121108019971847534e+04,-2.501140000000000030e-01,2.208990000000000120e-01,-1.000000000000000000e+00
3.133423846673965454e+04,-2.834709999999999730e-01,1.848990000000000078e-01,-1.000000000000000000e+00
3.134720249760150909e+04,-2.551629999999999732e-01,2.192159999999999942e-01,-1.000000000000000000e+00
3.134720249760150909e+04,-2.373530000000000084e-01,2.323020000000000085e-01,-1.000000000000000000e+00
3.139257660007476807e+04,8.030400000000000038e-02,1.000000000000000000e+00,-4.343489999999999851e-01
3.141202263128757477e+04,6.411300000000000332e-02,1.000000000000000000e+00,-4.263359999999999927e-01
3.156434996998310089e+04,2.743129999999999735e-01,1.000000000000000000e+00,-2.372970000000000079e-01
3.158379599118232727e+04,5.423759999999999692e-01,1.000000000000000000e+00,7.983600000000000418e-02
3.171991829907894135e+04,5.806909999999999572e-01,1.000000000000000000e+00,1.328560000000000019e-01
3.184955857646465302e+04,5.539060000000000095e-01,1.000000000000000000e+00,1.126950000000000035e-01
3.187872761821746826e+04,5.922610000000000374e-01,1.000000000000000000e+00,1.488490000000000091e-01
3.190789668989181519e+04,5.486520000000000286e-01,1.000000000000000000e+00,9.487900000000000500e-02
3.196299380314350128e+04,5.475790000000000379e-01,1.000000000000000000e+00,8.495600000000000374e-02
3.200512690544128418e+04,5.807919999999999749e-01,1.000000000000000000e+00,1.565650000000000097e-01
3.202457292664051056e+04,6.541169999999999485e-01,1.000000000000000000e+00,2.181839999999999891e-01
3.211856214201450348e+04,6.972059999999999924e-01,1.000000000000000000e+00,3.128009999999999957e-01
3.220282830691337585e+04,6.752909999999999746e-01,1.000000000000000000e+00,2.565370000000000150e-01
3.222875636827945709e+04,7.087890000000000024e-01,1.000000000000000000e+00,3.471730000000000094e-01
3.225144339978694916e+04,6.119900000000000340e-01,1.000000000000000000e+00,2.008359999999999868e-01
3.228061246132850647e+04,6.063330000000000108e-01,1.000000000000000000e+00,1.924250000000000127e-01
3.229357650220394135e+04,4.149939999999999740e-01,1.000000000000000000e+00,-1.128870000000000012e-01
3.230005851244926453e+04,1.372710000000000041e-01,9.999989999999999712e-01,-3.674319999999999808e-01
3.237136065661907196e+04,3.067880000000000051e-01,1.000000000000000000e+00,-2.133220000000000116e-01
3.241997574949264526e+04,3.752599999999999825e-01,1.000000000000000000e+00,-1.791540000000000077e-01
3.252044696521759033e+04,3.737969999999999904e-01,1.000000000000000000e+00,-1.544870000000000132e-01
3.255285702705383301e+04,1.568140000000000089e-01,1.000000000000000000e+00,-3.430860000000000021e-01
3.266953328371047974e+04,2.650399999999999978e-01,1.000000000000000000e+00,-2.119409999999999905e-01
3.270194334566593170e+04,2.957679999999999754e-01,1.000000000000000000e+00,-2.082420000000000104e-01
3.272787138724327087e+04,1.383240000000000025e-01,9.999989999999999712e-01,-3.725419999999999843e-01
3.284130663371086121e+04,-2.328389999999999904e-01,2.032879999999999965e-01,-1.000000000000000000e+00
3.284454762387275696e+04,-2.141220000000000068e-01,2.155340000000000034e-01,-1.000000000000000000e+00
3.293529581916332245e+04,-2.405289999999999928e-01,1.999920000000000031e-01,-1.000000000000000000e+00
3.294825984990596771e+04,-3.074339999999999851e-01,1.282189999999999996e-01,-1.000000000000000000e+00
3.295798286032676697e+04,-4.553249999999999797e-01,-7.224099999999999966e-02,-1.000000000000000000e+00
3.299363392257690430e+04,-4.621950000000000225e-01,-7.967200000000000670e-02,-1.000000000000000000e+00
3.302604400432109833e+04,-4.710770000000000235e-01,-9.549000000000000543e-02,-1.000000000000000000e+00
3.312975620031356812e+04,-4.632720000000000171e-01,-8.206199999999999606e-02,-1.000000000000000000e+00
3.320429936456680298e+04,-4.742799999999999794e-01,-9.387099999999999611e-02,-1.000000000000000000e+00
3.324967345714569092e+04,-4.903830000000000133e-01,-9.253799999999999526e-02,-1.000000000000000000e+00
3.330152954030036926e+04,-4.223330000000000140e-01,-2.977700000000000138e-02,-1.000000000000000000e+00
3.332097559142112732e+04,-4.029750000000000276e-01,-4.100000000000000047e-05,-1.000000000000000000e+00
3.335986767351627350e+04,-4.334180000000000255e-01,-4.222000000000000058e-02,-1.000000000000000000e+00
3.345061585879325867e+04,-4.663800000000000168e-01,-6.960700000000000220e-02,-1.000000000000000000e+00
3.356081006526947021e+04,-3.832829999999999848e-01,1.274699999999999965e-02,-1.000000000000000000e+00
3.370017334318161011e+04,-3.526759999999999895e-01,6.098300000000000248e-02,-1.000000000000000000e+00
3.377471647763252258e+04,-3.715060000000000029e-01,6.335999999999999965e-02,-1.000000000000000000e+00
3.378443950808048248e+04,-3.517040000000000166e-01,8.425100000000000644e-02,-1.000000000000000000e+00
3.390111574482917786e+04,-3.520590000000000108e-01,6.846499999999999808e-02,-1.000000000000000000e+00
3.390111574482917786e+04,-3.396339999999999915e-01,8.861600000000000033e-02,-1.000000000000000000e+00
3.397889989924430847e+04,-3.203960000000000141e-01,1.175210000000000005e-01,-1.000000000000000000e+00
3.402103300166130066e+04,-1.057649999999999979e-01,3.518060000000000076e-01,-1.000000000000000000e+00
3.406316607415676117e+04,-3.139179999999999748e-01,1.381979999999999875e-01,-1.000000000000000000e+00
3.408585312545299530e+04,-1.032259999999999983e-01,3.612560000000000215e-01,-1.000000000000000000e+00
3.413446821820735931e+04,2.748619999999999952e-01,1.000000000000000000e+00,-2.329459999999999864e-01
3.416687828028202057e+04,3.582029999999999936e-01,1.000000000000000000e+00,-1.425049999999999928e-01
3.417984231090545654e+04,3.765299999999999758e-01,1.000000000000000000e+00,-1.314069999999999960e-01
3.418632433128356934e+04,3.406509999999999816e-01,1.000000000000000000e+00,-1.592419999999999947e-01
3.431920559883117676e+04,3.419670000000000210e-01,1.000000000000000000e+00,-1.652810000000000112e-01
3.436133868145942688e+04,2.653940000000000188e-01,1.000000000000000000e+00,-2.569620000000000237e-01
3.447477392792701721e+04,3.775649999999999840e-01,1.000000000000000000e+00,-1.301660000000000039e-01
3.456228110301494598e+04,4.612439999999999873e-01,1.000000000000000000e+00,1.015899999999999963e-02
3.462061923623085022e+04,6.370390000000000219e-01,1.000000000000000000e+00,2.807459999999999956e-01
3.464654727780818939e+04,6.801970000000000516e-01,1.000000000000000000e+00,3.600820000000000132e-01
3.465627029836177826e+04,6.780319999999999681e-01,1.000000000000000000e+00,3.509709999999999774e-01
3.466599332892894745e+04,7.322250000000000147e-01,1.000000000000000000e+00,4.538599999999999857e-01
3.467247534930706024e+04,8.433169999999999833e-01,1.000000000000000000e+00,6.551420000000000021e-01
3.476322352445125580e+04,8.587789999999999591e-01,1.000000000000000000e+00,6.983639999999999848e-01
3.476970554494857788e+04,8.515679999999999916e-01,1.000000000000000000e+00,6.782219999999999915e-01
3.480535662686824799e+04,8.584349999999999481e-01,1.000000000000000000e+00,7.025489999999999791e-01
3.480859762716293335e+04,8.587789999999999591e-01,1.000000000000000000e+00,6.984510000000000440e-01
3.483128466844558716e+04,8.680839999999999668e-01,1.000000000000000000e+00,7.166620000000000212e-01
3.493499690437316895e+04,8.698690000000000033e-01,1.000000000000000000e+00,7.292149999999999466e-01
3.493823790466785431e+04,7.829599999999999893e-01,1.000000000000000000e+00,5.245020000000000238e-01
3.501602205920219421e+04,7.898330000000000073e-01,1.000000000000000000e+00,5.400709999999999678e-01
3.501926305925846100e+04,8.374089999999999590e-01,1.000000000000000000e+00,6.424440000000000150e-01
3.503870911037921906e+04,7.820580000000000309e-01,1.000000000000000000e+00,5.258119999999999461e-01
3.516834938788414001e+04,7.281640000000000335e-01,1.000000000000000000e+00,4.674949999999999939e-01
3.518131339859962463e+04,7.640109999999999957e-01,1.000000000000000000e+00,5.404860000000000220e-01
3.520724147009849548e+04,7.734469999999999956e-01,1.000000000000000000e+00,5.582129999999999592e-01
3.525585656285285950e+04,7.547739999999999450e-01,1.000000000000000000e+00,5.082619999999999916e-01
3.525909756314754486e+04,6.485250000000000181e-01,1.000000000000000000e+00,3.136820000000000164e-01
3.527530259406566620e+04,6.123669999999999947e-01,1.000000000000000000e+00,2.545490000000000252e-01
3.534336373794078827e+04,5.603519999999999612e-01,1.000000000000000000e+00,1.575020000000000031e-01
3.535632776880264282e+04,7.422919999999999519e-01,1.000000000000000000e+00,4.771810000000000218e-01
3.538549683034420013e+04,7.130870000000000264e-01,1.000000000000000000e+00,4.143299999999999761e-01
3.539521985101699829e+04,6.779629999999999823e-01,1.000000000000000000e+00,3.309469999999999912e-01
3.540818388164043427e+04,6.489340000000000108e-01,1.000000000000000000e+00,2.624369999999999759e-01
3.562857232451438904e+04,6.204349999999999588e-01,1.000000000000000000e+00,2.344680000000000097e-01
3.564153635513782501e+04,6.144640000000000102e-01,1.000000000000000000e+00,2.259780000000000122e-01
3.570311547875404358e+04,7.430529999999999635e-01,1.000000000000000000e+00,4.391639999999999988e-01
3.582627373576164246e+04,7.455039999999999445e-01,1.000000000000000000e+00,4.413549999999999973e-01
3.582627373576164246e+04,6.921040000000000525e-01,1.000000000000000000e+00,3.495570000000000066e-01
3.585868379771709442e+04,6.687469999999999803e-01,1.000000000000000000e+00,2.910909999999999886e-01
3.589433486962318420e+04,6.947569999999999579e-01,1.000000000000000000e+00,3.587980000000000058e-01
3.592026292121410370e+04,6.531249999999999556e-01,1.000000000000000000e+00,2.833100000000000063e-01
3.607907225024700165e+04,6.183699999999999752e-01,1.000000000000000000e+00,2.030830000000000135e-01
3.609851827144622803e+04,5.974690000000000278e-01,1.000000000000000000e+00,1.652190000000000047e-01
