# Time,Median,Upper Error,Lower Error
9.456030929386615753e+02,-9.627000000000000141e-03,3.089740000000000264e-01,-3.144509999999999805e-01
9.812541945278644562e+02,1.468999999999999993e-02,3.359480000000000244e-01,-3.145519999999999983e-01
1.525743589013814926e+03,-6.372800000000000686e-02,2.540359999999999840e-01,-3.739140000000000241e-01
1.571117701053619385e+03,1.900299999999999906e-02,3.335569999999999924e-01,-2.566570000000000240e-01
1.632696863800287247e+03,6.286400000000000321e-02,3.588089999999999891e-01,-2.123569999999999902e-01
1.687793996304273605e+03,8.943600000000000161e-02,4.142100000000000226e-01,-1.857530000000000014e-01
1.833639362871646881e+03,2.277799999999999964e-02,2.979459999999999886e-01,-2.824010000000000131e-01
1.859567424088716507e+03,7.969199999999999895e-02,3.617150000000000087e-01,-1.963179999999999925e-01
1.914664556562900543e+03,1.150290000000000062e-01,3.760970000000000146e-01,-1.774290000000000034e-01
2.420261789411306381e+03,1.427130000000000065e-01,4.183830000000000049e-01,-1.391000000000000014e-01
2.494804982721805573e+03,8.212999999999999468e-02,3.981609999999999872e-01,-1.461860000000000104e-01
2.494804982721805573e+03,2.959799999999999931e-02,3.039729999999999932e-01,-2.246269999999999933e-01
2.588794206947088242e+03,7.711099999999999899e-02,3.399139999999999939e-01,-1.705500000000000071e-01
2.679542401134967804e+03,1.286640000000000006e-01,3.750850000000000017e-01,-1.119870000000000032e-01
2.747603594064712524e+03,7.215799999999999992e-02,3.217059999999999920e-01,-1.613189999999999902e-01
3.133283501446247101e+03,1.114269999999999983e-01,3.542350000000000221e-01,-1.123719999999999997e-01
3.499517317980527878e+03,1.961789999999999923e-01,4.405359999999999832e-01,-1.808999999999999844e-02
3.687495756417512894e+03,1.972810000000000119e-01,4.377010000000000067e-01,-1.808999999999999844e-02
3.723146818041801453e+03,2.845659999999999856e-01,5.263799999999999590e-01,7.273300000000000598e-02
3.898161205917596817e+03,2.941360000000000086e-01,5.081560000000000521e-01,6.921299999999999675e-02
4.789438056081533432e+03,2.942509999999999848e-01,5.328979999999999828e-01,8.563800000000000578e-02
4.789438056081533432e+03,3.729060000000000152e-01,6.025289999999999813e-01,1.646100000000000063e-01
4.834812148153781891e+03,3.575510000000000077e-01,5.928679999999999506e-01,1.338670000000000138e-01
5.032513527095317841e+03,3.520159999999999956e-01,5.876879999999999882e-01,1.211699999999999999e-01
5.538110499829053879e+03,4.427610000000000157e-01,6.820110000000000339e-01,2.287990000000000024e-01
5.596448592483997345e+03,3.500619999999999843e-01,5.864449999999999941e-01,1.148809999999999970e-01
5.683955766379833221e+03,3.636739999999999973e-01,6.001609999999999445e-01,1.362960000000000005e-01
5.700160777211189270e+03,2.704429999999999890e-01,5.131440000000000445e-01,3.883199999999999846e-02
5.823319022655487061e+03,1.737080000000000013e-01,4.045219999999999927e-01,-8.242199999999999527e-02
5.933513207644224167e+03,7.738899999999999946e-02,3.233039999999999803e-01,-1.741979999999999917e-01
6.072876453936100006e+03,6.405500000000000083e-02,3.391120000000000245e-01,-1.720710000000000017e-01
6.089081484675407410e+03,6.368200000000000249e-02,3.227499999999999813e-01,-1.900390000000000135e-01
6.127973526507616043e+03,6.905500000000000527e-02,3.314289999999999736e-01,-1.718699999999999950e-01
6.189552659213542938e+03,-9.116000000000000839e-03,2.537030000000000118e-01,-2.483370000000000022e-01
6.474761132150888443e+03,-2.317000000000000049e-03,2.735960000000000059e-01,-2.217409999999999937e-01
6.575232316553592682e+03,-9.800000000000000377e-02,1.578479999999999883e-01,-3.454579999999999873e-01
6.721077563136816025e+03,-1.734320000000000028e-01,9.953199999999999548e-02,-4.104410000000000003e-01
7.071106109023094177e+03,-2.105690000000000062e-01,1.788800000000000112e-02,-4.541990000000000194e-01
7.281771458446979523e+03,-2.125879999999999992e-01,1.852099999999999927e-02,-4.542550000000000199e-01
7.391965623438358307e+03,-3.029109999999999858e-01,-5.730799999999999783e-02,-5.269850000000000367e-01
7.466508746773004532e+03,-3.935620000000000229e-01,-1.563879999999999992e-01,-6.387340000000000240e-01
7.573461911559104919e+03,-4.444790000000000130e-01,-2.151800000000000102e-01,-6.660669999999999646e-01
7.673933066070079803e+03,-4.727129999999999943e-01,-2.157239999999999991e-01,-6.899650000000000505e-01
7.680415076375007629e+03,-3.989860000000000073e-01,-1.296259999999999912e-01,-6.050159999999999982e-01
7.706343087643384933e+03,-4.013459999999999805e-01,-1.260999999999999899e-01,-6.026240000000000485e-01
7.806814252108335495e+03,-4.903580000000000161e-01,-2.416169999999999984e-01,-7.194019999999999859e-01
7.926731427550315857e+03,-4.856030000000000069e-01,-2.525979999999999892e-01,-7.266869999999999719e-01
8.010997551351785660e+03,-5.659610000000000474e-01,-3.140749999999999931e-01,-7.864719999999999489e-01
8.111468695849180222e+03,-6.662489999999999801e-01,-5.483200000000000296e-01,-1.000000000000000000e+00
8.143878757268190384e+03,-6.716290000000000315e-01,-5.538589999999999902e-01,-1.000000000000000000e+00
8.173047808557748795e+03,-6.693540000000000045e-01,-5.523759999999999781e-01,-1.000000000000000000e+00
8.179529798895120621e+03,-7.329120000000000079e-01,-6.326859999999999706e-01,-1.000000000000000000e+00
8.241108891665935516e+03,-7.951359999999999539e-01,-6.949020000000000197e-01,-1.000000000000000000e+00
8.283241933614015579e+03,-7.791439999999999477e-01,-6.791329999999999867e-01,-1.000000000000000000e+00
8.283241933614015579e+03,-7.280200000000000005e-01,-6.269320000000000448e-01,-1.000000000000000000e+00
8.539281315088272095e+03,-7.110079999999999734e-01,-6.123410000000000242e-01,-1.000000000000000000e+00
8.545763325363397598e+03,-7.876589999999999980e-01,-7.032359999999999722e-01,-1.000000000000000000e+00
8.847176719039678574e+03,-8.198239999999999972e-01,-7.317040000000000211e-01,-1.000000000000000000e+00
9.080529049485921860e+03,-8.099950000000000205e-01,-7.167829999999999480e-01,-1.000000000000000000e+00
9.155072132915258408e+03,-8.067199999999999926e-01,-7.165799999999999947e-01,-1.000000000000000000e+00
9.171277153611183167e+03,-8.200150000000000494e-01,-7.301330000000000320e-01,-1.000000000000000000e+00
9.200446194916963577e+03,-8.223859999999999504e-01,-7.339700000000000113e-01,-1.000000000000000000e+00
9.206928215205669403e+03,-8.569750000000000423e-01,-7.756410000000000249e-01,-1.000000000000000000e+00
9.210169205397367477e+03,-9.001710000000000544e-01,-8.345059999999999700e-01,-1.000000000000000000e+00
9.232856236398220062e+03,-8.504030000000000200e-01,-7.649129999999999541e-01,-1.000000000000000000e+00
9.313881350010633469e+03,-8.419299999999999562e-01,-7.571489999999999609e-01,-1.000000000000000000e+00
9.492136578023433685e+03,-7.605189999999999451e-01,-6.703010000000000357e-01,-1.000000000000000000e+00
9.521305599421262741e+03,-7.600749999999999451e-01,-6.691190000000000193e-01,-1.000000000000000000e+00
9.531028629809617996e+03,-7.713649999999999674e-01,-6.841159999999999464e-01,-1.000000000000000000e+00
9.602330713033676147e+03,-7.694520000000000248e-01,-6.775360000000000271e-01,-1.000000000000000000e+00
9.728729868769645691e+03,-7.600749999999999451e-01,-6.691190000000000193e-01,-1.000000000000000000e+00
9.868093045026063919e+03,-7.744029999999999525e-01,-6.868739999999999846e-01,-1.000000000000000000e+00
1.012089135640859604e+04,-7.498240000000000460e-01,-6.626800000000000468e-01,-1.000000000000000000e+00
1.020515746018290520e+04,-6.632000000000000117e-01,-4.904819999999999736e-01,-8.605509999999999549e-01
1.020839845040440559e+04,-6.367059999999999942e-01,-4.492610000000000214e-01,-8.155329999999999524e-01
1.055842688611149788e+04,-6.973160000000000469e-01,-5.262630000000000363e-01,-8.701489999999999503e-01
1.061352394858002663e+04,-7.698810000000000375e-01,-6.905649999999999844e-01,-1.000000000000000000e+00
1.064593398007750511e+04,-7.615699999999999692e-01,-6.352569999999999606e-01,-9.511349999999999527e-01
1.068158501172065735e+04,-7.899460000000000370e-01,-7.079820000000000002e-01,-1.000000000000000000e+00
1.070103104257583618e+04,-7.208259999999999668e-01,-5.419199999999999573e-01,-8.899970000000000381e-01
1.074964608475565910e+04,-6.408249999999999780e-01,-4.535790000000000100e-01,-8.182939999999999658e-01
1.080798416736721992e+04,-6.364859999999999962e-01,-4.713040000000000007e-01,-8.381579999999999586e-01
1.083715320867300034e+04,-7.039039999999999742e-01,-5.624719999999999720e-01,-9.058990000000000098e-01
1.090197327160835266e+04,-7.018780000000000019e-01,-5.256929999999999659e-01,-8.701489999999999503e-01
1.090845528188347816e+04,-6.978090000000000126e-01,-5.264199999999999990e-01,-8.701489999999999503e-01
1.094410633346438408e+04,-7.698810000000000375e-01,-6.905649999999999844e-01,-1.000000000000000000e+00
1.104133642789721489e+04,-8.446219999999999839e-01,-7.684440000000000159e-01,-1.000000000000000000e+00
1.105754143860936165e+04,-8.204019999999999646e-01,-7.484309999999999574e-01,-1.000000000000000000e+00
1.109319249019026756e+04,-8.130119999999999569e-01,-7.382579999999999698e-01,-1.000000000000000000e+00
1.110615649083256721e+04,-7.837549999999999795e-01,-6.545079999999999787e-01,-9.310599999999999987e-01
1.113208453196287155e+04,-7.106529999999999792e-01,-5.650709999999999900e-01,-8.797930000000000472e-01
1.116449456343054771e+04,-7.280729999999999702e-01,-5.655580000000000052e-01,-8.800689999999999902e-01
1.116773556360602379e+04,-7.094099999999999850e-01,-5.689579999999999638e-01,-8.825330000000000119e-01
1.123903765675425529e+04,-7.098950000000000538e-01,-5.691410000000000080e-01,-8.804710000000000036e-01
1.134923177176713943e+04,-6.444459999999999633e-01,-5.066340000000000288e-01,-8.289159999999999862e-01
1.134923177176713943e+04,-6.383940000000000170e-01,-4.764189999999999814e-01,-8.007130000000000081e-01
1.137515979295969009e+04,-6.383940000000000170e-01,-4.764189999999999814e-01,-8.007130000000000081e-01
1.141405183470249176e+04,-6.449369999999999825e-01,-5.072400000000000242e-01,-8.273230000000000306e-01
1.142377486509084702e+04,-7.214819999999999567e-01,-5.715639999999999610e-01,-8.805279999999999774e-01
1.142701585525274277e+04,-7.188320000000000265e-01,-5.702350000000000474e-01,-8.802750000000000297e-01
1.142701585525274277e+04,-7.110980000000000079e-01,-5.660650000000000404e-01,-8.804710000000000036e-01
1.144646188610792160e+04,-7.078069999999999640e-01,-5.670560000000000045e-01,-8.805279999999999774e-01
1.146590789702534676e+04,-6.402919999999999723e-01,-5.000269999999999992e-01,-8.238309999999999800e-01
1.147563089746236801e+04,-6.250210000000000488e-01,-4.764189999999999814e-01,-7.973700000000000232e-01
1.151452293923497200e+04,-6.250210000000000488e-01,-4.764189999999999814e-01,-7.973700000000000232e-01
1.153396897006034851e+04,-6.936280000000000223e-01,-5.571239999999999526e-01,-8.610780000000000101e-01
1.156637900155782700e+04,-6.936280000000000223e-01,-5.571239999999999526e-01,-8.610780000000000101e-01
1.157286099192500114e+04,-7.106890000000000152e-01,-5.647990000000000510e-01,-8.797930000000000472e-01
1.162471705421805382e+04,-7.181849999999999623e-01,-5.691570000000000240e-01,-8.805279999999999774e-01
1.172842917883396149e+04,-7.285209999999999742e-01,-5.721990000000000132e-01,-8.856180000000000163e-01
1.175111619985103607e+04,-7.106529999999999792e-01,-5.650709999999999900e-01,-8.797930000000000472e-01
1.175435720002651215e+04,-7.752620000000000067e-01,-6.479169999999999652e-01,-9.255130000000000301e-01
1.184510530409216881e+04,-8.487479999999999469e-01,-7.832829999999999515e-01,-1.000000000000000000e+00
1.189696135643124580e+04,-8.497109999999999941e-01,-7.841219999999999857e-01,-1.000000000000000000e+00
1.193909439834952354e+04,-8.511060000000000292e-01,-7.867030000000000411e-01,-1.000000000000000000e+00
1.196178141936659813e+04,-8.625629999999999686e-01,-8.001869999999999816e-01,-1.000000000000000000e+00
1.196502243947982788e+04,-7.973179999999999712e-01,-7.250999999999999668e-01,-1.000000000000000000e+00
1.201687847188115120e+04,-8.031209999999999738e-01,-7.292520000000000113e-01,-1.000000000000000000e+00
1.205901153370738029e+04,-8.259659999999999780e-01,-7.532440000000000246e-01,-1.000000000000000000e+00
1.207845753464102745e+04,-8.320079999999999698e-01,-7.582339999999999636e-01,-1.000000000000000000e+00
1.210114456567168236e+04,-8.259469999999999867e-01,-7.525309999999999500e-01,-1.000000000000000000e+00
1.211086758604645729e+04,-8.259469999999999867e-01,-7.525309999999999500e-01,-1.000000000000000000e+00
1.226967674323916435e+04,-8.887199999999999545e-01,-8.257630000000000248e-01,-1.000000000000000000e+00
1.235718381720781326e+04,-8.811630000000000296e-01,-8.154040000000000177e-01,-1.000000000000000000e+00
1.241876287996768951e+04,-8.795809999999999462e-01,-8.117799999999999461e-01,-1.000000000000000000e+00
1.243172690051794052e+04,-8.766469999999999541e-01,-8.116489999999999538e-01,-1.000000000000000000e+00
1.247710095256567001e+04,-9.278199999999999781e-01,-8.755319999999999769e-01,-1.000000000000000000e+00
1.248034194275736809e+04,-9.271740000000000537e-01,-8.743220000000000436e-01,-1.000000000000000000e+00
1.248358296284079552e+04,-9.578619999999999912e-01,-9.192430000000000323e-01,-1.000000000000000000e+00
1.256136703637242317e+04,-9.562239999999999629e-01,-9.161219999999999919e-01,-1.000000000000000000e+00
1.262618709930777550e+04,-9.585409999999999764e-01,-9.204710000000000392e-01,-1.000000000000000000e+00
1.264887412032485008e+04,-9.585059999999999691e-01,-9.203710000000000502e-01,-1.000000000000000000e+00
1.271693519338965416e+04,-9.350129999999999830e-01,-8.863280000000000047e-01,-1.000000000000000000e+00
1.281416527780890465e+04,-9.350129999999999830e-01,-8.863280000000000047e-01,-1.000000000000000000e+00
1.283361130866408348e+04,-9.613319999999999643e-01,-9.248779999999999779e-01,-1.000000000000000000e+00
1.287898535066843033e+04,-9.637890000000000068e-01,-9.273820000000000396e-01,-1.000000000000000000e+00
1.289519036141037941e+04,-9.647540000000000004e-01,-9.295459999999999834e-01,-1.000000000000000000e+00
1.289519036141037941e+04,-9.431819999999999649e-01,-8.930339999999999945e-01,-1.000000000000000000e+00
1.295028741392493248e+04,-9.431819999999999649e-01,-8.930339999999999945e-01,-1.000000000000000000e+00
1.298593843555450439e+04,-9.313430000000000319e-01,-8.793760000000000465e-01,-1.000000000000000000e+00
1.300538446637988091e+04,-9.380579999999999474e-01,-8.885999999999999455e-01,-1.000000000000000000e+00
1.301834848695993423e+04,-9.351279999999999593e-01,-8.855410000000000226e-01,-1.000000000000000000e+00
1.303779448789358139e+04,-9.364759999999999751e-01,-8.876969999999999583e-01,-1.000000000000000000e+00
1.310261454084515572e+04,-8.850120000000000209e-01,-8.222960000000000269e-01,-1.000000000000000000e+00
1.312854258194565773e+04,-8.850120000000000209e-01,-8.222960000000000269e-01,-1.000000000000000000e+00
1.334244879153370857e+04,-8.887199999999999545e-01,-8.257630000000000248e-01,-1.000000000000000000e+00
1.339106383377313614e+04,-9.002280000000000282e-01,-8.372009999999999730e-01,-1.000000000000000000e+00
1.349153492829203606e+04,-8.986159999999999703e-01,-8.350030000000000507e-01,-1.000000000000000000e+00
1.350773993903398514e+04,-9.070000000000000284e-01,-8.472969999999999668e-01,-1.000000000000000000e+00
1.353366798013448715e+04,-9.056419999999999471e-01,-8.451619999999999688e-01,-1.000000000000000000e+00
1.364062105503678322e+04,-8.856589999999999741e-01,-8.216050000000000297e-01,-1.000000000000000000e+00
1.365034408539533615e+04,-8.815979999999999928e-01,-8.174799999999999844e-01,-1.000000000000000000e+00
1.365034408539533615e+04,-8.180479999999999974e-01,-7.442220000000000502e-01,-1.000000000000000000e+00
1.365682606577873230e+04,-7.394800000000000262e-01,-6.011459999999999582e-01,-9.175060000000000437e-01
1.366979008632898331e+04,-7.394800000000000262e-01,-6.011459999999999582e-01,-9.175060000000000437e-01
1.376053818041086197e+04,-7.375789999999999846e-01,-6.014549999999999619e-01,-9.106990000000000363e-01
1.381887622305750847e+04,-7.386700000000000488e-01,-6.021170000000000133e-01,-9.163980000000000459e-01
1.382535823333263397e+04,-7.382889999999999731e-01,-6.020529999999999493e-01,-9.183419999999999916e-01
1.386100927492976189e+04,-7.383199999999999763e-01,-6.003659999999999553e-01,-9.173339999999999828e-01
1.387073227539658546e+04,-7.556169999999999831e-01,-6.253180000000000405e-01,-9.450880000000000392e-01
1.388045527583360672e+04,-7.543670000000000098e-01,-6.217049999999999521e-01,-9.445459999999999967e-01
1.401657741194963455e+04,-7.633469999999999978e-01,-6.392999999999999794e-01,-9.531699999999999617e-01
1.407167445445060730e+04,-7.792200000000000237e-01,-6.992559999999999887e-01,-1.000000000000000000e+00
1.417214553898572922e+04,-6.961239999999999650e-01,-5.304790000000000338e-01,-8.722079999999999833e-01
1.422076058119535446e+04,-6.811979999999999702e-01,-5.277110000000000412e-01,-8.654920000000000391e-01
1.422400159126520157e+04,-6.848680000000000323e-01,-5.249479999999999702e-01,-8.634230000000000516e-01
1.422724259147047997e+04,-6.848680000000000323e-01,-5.249479999999999702e-01,-8.634230000000000516e-01
1.423372460174560547e+04,-6.756020000000000358e-01,-5.075560000000000072e-01,-8.481919999999999460e-01
1.423372460174560547e+04,-6.678380000000000427e-01,-5.072400000000000242e-01,-8.493209999999999926e-01
1.425317060267925262e+04,-7.466519999999999824e-01,-6.019330000000000513e-01,-9.190239999999999521e-01
1.425641162276268005e+04,-7.487519999999999731e-01,-6.002709999999999990e-01,-9.215510000000000090e-01
1.429206263440847397e+04,-6.718800000000000328e-01,-5.160820000000000407e-01,-8.586949999999999861e-01
1.430178566479682922e+04,-6.505379999999999496e-01,-4.949310000000000098e-01,-8.231330000000000036e-01
1.433743667647242546e+04,-5.845590000000000508e-01,-4.129840000000000177e-01,-7.680329999999999657e-01
1.456106587654352188e+04,-5.888550000000000173e-01,-4.125329999999999830e-01,-7.695920000000000538e-01
1.458699388772249222e+04,-6.613480000000000469e-01,-4.847509999999999875e-01,-8.279600000000000293e-01
1.475552603530883789e+04,-6.597640000000000171e-01,-4.889990000000000170e-01,-8.325489999999999835e-01
1.482682808855175972e+04,-5.866679999999999673e-01,-4.133839999999999737e-01,-7.696560000000000068e-01
1.483006908872723579e+04,-5.710370000000000168e-01,-4.160619999999999874e-01,-7.643600000000000394e-01
1.483655111891031265e+04,-5.720769999999999467e-01,-4.160619999999999874e-01,-7.642790000000000417e-01
1.489813015174865723e+04,-6.422790000000000443e-01,-4.916209999999999747e-01,-8.174789999999999557e-01
1.491757617262005806e+04,-6.359529999999999905e-01,-4.870849999999999902e-01,-8.140969999999999596e-01
1.492081717279553413e+04,-5.614569999999999839e-01,-4.120329999999999826e-01,-7.569010000000000460e-01
1.492405818289518356e+04,-4.908859999999999890e-01,-3.264050000000000007e-01,-6.773700000000000276e-01
1.493054019317030907e+04,-5.737989999999999480e-01,-4.160869999999999846e-01,-7.633339999999999570e-01
1.493702220344543457e+04,-6.555609999999999493e-01,-4.915619999999999989e-01,-8.236289999999999445e-01
1.494998619407415390e+04,-6.635109999999999619e-01,-4.882909999999999751e-01,-8.288900000000000157e-01
1.500832425665855408e+04,-6.690380000000000216e-01,-4.916110000000000202e-01,-8.359739999999999949e-01
1.527408648860454559e+04,-6.745459999999999789e-01,-5.121149999999999869e-01,-8.541379999999999528e-01
1.532270153081417084e+04,-6.783299999999999885e-01,-5.072569999999999579e-01,-8.488160000000000149e-01
1.544910061654448509e+04,-6.753670000000000506e-01,-5.121149999999999869e-01,-8.541379999999999528e-01
1.547826962789893150e+04,-5.888550000000000173e-01,-4.134180000000000077e-01,-7.680329999999999657e-01
1.548151063799858093e+04,-5.927989999999999648e-01,-4.119019999999999904e-01,-7.696560000000000068e-01
1.559494574311375618e+04,-5.850149999999999517e-01,-4.146810000000000218e-01,-7.676230000000000553e-01
1.564031975522637367e+04,-5.664829999999999588e-01,-4.104720000000000035e-01,-7.551529999999999632e-01
1.568893481734395027e+04,-6.434450000000000447e-01,-4.868310000000000137e-01,-8.127910000000000412e-01
1.570189882788062096e+04,-7.187940000000000440e-01,-5.655670000000000419e-01,-8.797930000000000472e-01
1.571162182837724686e+04,-6.556650000000000533e-01,-4.976329999999999920e-01,-8.289159999999999862e-01
1.571162182837724686e+04,-6.556650000000000533e-01,-4.976329999999999920e-01,-8.289159999999999862e-01
1.582181591334939003e+04,-6.556650000000000533e-01,-4.976329999999999920e-01,-8.289159999999999862e-01
1.584450293436646461e+04,-6.547450000000000214e-01,-4.915619999999999989e-01,-8.221619999999999484e-01
1.593201001822948456e+04,-6.615640000000000409e-01,-4.873739999999999739e-01,-8.286080000000000112e-01
1.610378314599394798e+04,-6.642869999999999608e-01,-4.879729999999999901e-01,-8.296569999999999778e-01
1.613295217728614807e+04,-7.442560000000000286e-01,-6.011459999999999582e-01,-9.190239999999999521e-01
1.615563916841149330e+04,-7.459820000000000340e-01,-6.004760000000000097e-01,-9.189910000000000023e-01
1.619453120017051697e+04,-7.348440000000000527e-01,-6.017740000000000311e-01,-9.158349999999999547e-01
1.626907426348328590e+04,-6.519350000000000422e-01,-4.914620000000000100e-01,-8.206989999999999563e-01
1.635334033727645874e+04,-6.519350000000000422e-01,-4.914620000000000100e-01,-8.206989999999999563e-01
1.640843734985589981e+04,-6.036230000000000206e-01,-4.484890000000000265e-01,-8.070789999999999909e-01
1.640843734985589981e+04,-6.785099999999999465e-01,-5.097749999999999782e-01,-8.481419999999999515e-01
1.642464238050580025e+04,-6.011830000000000229e-01,-4.344569999999999821e-01,-7.909519999999999884e-01
1.643436541086435318e+04,-5.688640000000000363e-01,-3.818159999999999887e-01,-7.625579999999999581e-01
1.659641550827026367e+04,-5.622019999999999795e-01,-3.773710000000000120e-01,-7.576359999999999761e-01
1.659641550827026367e+04,-4.894160000000000177e-01,-3.074629999999999863e-01,-6.978349999999999831e-01
1.662234353935718536e+04,-5.804470000000000462e-01,-3.785000000000000031e-01,-7.688270000000000381e-01
1.664503054049611092e+04,-5.816729999999999956e-01,-3.991399999999999948e-01,-7.876459999999999573e-01
1.672281461390852928e+04,-4.882619999999999738e-01,-3.060499999999999887e-01,-6.970950000000000202e-01
1.674550163489580154e+04,-4.898279999999999856e-01,-3.047920000000000074e-01,-6.967619999999999925e-01
1.675522463539242744e+04,-4.859060000000000046e-01,-3.010669999999999735e-01,-6.906839999999999646e-01
1.678439366668462753e+04,-4.060190000000000188e-01,-2.269609999999999961e-01,-6.153910000000000213e-01
1.681356268799304962e+04,-4.046009999999999884e-01,-2.269609999999999961e-01,-6.147660000000000347e-01
1.683949069917201996e+04,-4.044039999999999857e-01,-2.271170000000000133e-01,-6.153910000000000213e-01
1.687838273093104362e+04,-3.376370000000000204e-01,-1.375699999999999978e-01,-5.286750000000000060e-01
1.714738593304157257e+04,-4.027009999999999756e-01,-1.980109999999999926e-01,-5.841060000000000141e-01
1.715386791339516640e+04,-3.280910000000000215e-01,-1.413119999999999932e-01,-5.284200000000000008e-01
1.723813397717475891e+04,-3.312280000000000224e-01,-1.404819999999999958e-01,-5.284609999999999586e-01
1.756871622207760811e+04,-3.312280000000000224e-01,-1.404819999999999958e-01,-5.284609999999999586e-01
1.758816225290298462e+04,-3.343479999999999785e-01,-1.403459999999999985e-01,-5.294689999999999674e-01
1.768215131711959839e+04,-2.659560000000000257e-01,-6.568300000000000527e-02,-4.620739999999999847e-01
1.774373034000396729e+04,-3.334960000000000147e-01,-1.392400000000000027e-01,-5.284670000000000201e-01
1.775669435054063797e+04,-3.332370000000000054e-01,-1.384970000000000090e-01,-5.284200000000000008e-01
1.779882739239931107e+04,-2.609580000000000233e-01,-6.719100000000000072e-02,-4.623169999999999780e-01
1.791550347766280174e+04,-2.621410000000000129e-01,-6.719100000000000072e-02,-4.621020000000000127e-01
1.794143148887157440e+04,-2.621410000000000129e-01,-6.719100000000000072e-02,-4.621020000000000127e-01
1.794143148887157440e+04,-1.866649999999999976e-01,1.503600000000000075e-02,-3.798039999999999750e-01
1.796087751972675323e+04,-1.945679999999999910e-01,1.911200000000000052e-02,-3.803309999999999746e-01
1.796411850988864899e+04,-1.215610000000000024e-01,8.159199999999999786e-02,-3.180910000000000126e-01
1.803217957293987274e+04,-1.937300000000000133e-01,1.750600000000000073e-02,-3.790970000000000173e-01
1.803217957293987274e+04,-2.696209999999999996e-01,-6.542599999999999805e-02,-4.624539999999999762e-01
1.806783060452342033e+04,-2.724449999999999927e-01,-6.491399999999999948e-02,-4.623169999999999780e-01
1.809375861570239067e+04,-3.304679999999999840e-01,-1.392190000000000094e-01,-5.286159999999999748e-01
1.809699963581562042e+04,-3.422350000000000114e-01,-1.437289999999999957e-01,-5.395240000000000036e-01
1.817802468949556351e+04,-4.129970000000000030e-01,-2.272379999999999955e-01,-6.224730000000000540e-01
1.834007479688525200e+04,-3.821720000000000117e-01,-1.947820000000000107e-01,-5.728440000000000198e-01
1.835627983754873276e+04,-3.894710000000000116e-01,-1.975429999999999964e-01,-5.755209999999999493e-01
1.841785887038707733e+04,-4.622899999999999787e-01,-2.741100000000000203e-01,-6.495549999999999935e-01
1.843082291087508202e+04,-4.500310000000000143e-01,-2.865570000000000062e-01,-6.560949999999999838e-01
1.843082291087508202e+04,-5.243440000000000323e-01,-3.497959999999999958e-01,-7.100220000000000420e-01
1.851508896473050117e+04,-5.961459999999999537e-01,-4.350129999999999830e-01,-7.887849999999999584e-01
1.854101699587702751e+04,-5.172679999999999501e-01,-3.532620000000000204e-01,-7.141279999999999850e-01
1.860907806891202927e+04,-5.155149999999999455e-01,-3.341430000000000233e-01,-6.935510000000000286e-01
1.861880106934905052e+04,-5.196309999999999540e-01,-3.502319999999999878e-01,-7.100220000000000420e-01
1.869658513286709785e+04,-5.357420000000000515e-01,-3.740669999999999829e-01,-7.407789999999999653e-01
1.872251315408945084e+04,-5.357420000000000515e-01,-3.740669999999999829e-01,-7.407789999999999653e-01
1.881650222831964493e+04,-6.036230000000000206e-01,-4.484890000000000265e-01,-8.070789999999999909e-01
1.893317833358049393e+04,-6.046510000000000495e-01,-4.482369999999999965e-01,-8.079589999999999828e-01
1.906605944961309433e+04,-6.848680000000000323e-01,-5.249479999999999702e-01,-8.634230000000000516e-01
1.918273557478189468e+04,-6.929920000000000524e-01,-5.223569999999999602e-01,-8.658190000000000053e-01
1.919894058549404144e+04,-6.182450000000000445e-01,-4.410859999999999781e-01,-8.033310000000000173e-01
1.926376063847541809e+04,-6.276760000000000117e-01,-4.535790000000000100e-01,-8.156339999999999701e-01
1.933506269168853760e+04,-6.859809999999999519e-01,-5.249479999999999702e-01,-8.633199999999999763e-01
1.934802671226859093e+04,-6.229249999999999510e-01,-4.419589999999999907e-01,-8.038999999999999480e-01
1.937071373325586319e+04,-6.277209999999999734e-01,-4.638209999999999833e-01,-8.223110000000000142e-01
1.937395475336909294e+04,-7.099490000000000522e-01,-5.352879999999999860e-01,-8.831219999999999626e-01
1.939340075430274010e+04,-7.086609999999999854e-01,-5.420739999999999448e-01,-8.822740000000000027e-01
1.939664175447821617e+04,-6.277209999999999734e-01,-4.638209999999999833e-01,-8.223110000000000142e-01
1.943553378623723984e+04,-7.117719999999999603e-01,-5.705000000000000071e-01,-9.170110000000000205e-01
1.963323497509956360e+04,-6.946799999999999642e-01,-5.304410000000000514e-01,-8.716859999999999609e-01
1.964943998581171036e+04,-7.629029999999999978e-01,-6.353870000000000351e-01,-9.467940000000000245e-01
1.971426002880930901e+04,-7.739650000000000141e-01,-6.934219999999999828e-01,-1.000000000000000000e+00
1.976935707131028175e+04,-7.739650000000000141e-01,-6.934219999999999828e-01,-1.000000000000000000e+00
1.989899721699953079e+04,-7.798129999999999784e-01,-7.002150000000000318e-01,-1.000000000000000000e+00
1.998326327091455460e+04,-7.593560000000000310e-01,-6.016690000000000094e-01,-9.153769999999999962e-01
2.003187830311059952e+04,-7.567490000000000050e-01,-6.102750000000000119e-01,-9.312369999999999814e-01
2.011614437690377235e+04,-7.598840000000000039e-01,-6.288700000000000401e-01,-9.468010000000000037e-01
2.014855439838767052e+04,-8.424650000000000194e-01,-7.698800000000000088e-01,-1.000000000000000000e+00
2.019716946050524712e+04,-8.357759999999999634e-01,-7.594060000000000255e-01,-1.000000000000000000e+00
2.028467652446031570e+04,-8.357240000000000224e-01,-7.608770000000000255e-01,-1.000000000000000000e+00
2.034301458707451820e+04,-8.402819999999999734e-01,-7.678909999999999902e-01,-1.000000000000000000e+00
2.044996767187118530e+04,-8.424650000000000194e-01,-7.698800000000000088e-01,-1.000000000000000000e+00
2.049534171390533447e+04,-8.535709999999999686e-01,-7.797330000000000094e-01,-1.000000000000000000e+00
2.057960778769850731e+04,-9.064830000000000387e-01,-8.456780000000000408e-01,-1.000000000000000000e+00
2.059581277853250504e+04,-9.068450000000000122e-01,-8.480199999999999960e-01,-1.000000000000000000e+00
2.060553579890727997e+04,-9.474820000000000464e-01,-9.017760000000000220e-01,-1.000000000000000000e+00
2.067359684205055237e+04,-8.984450000000000491e-01,-8.342410000000000103e-01,-1.000000000000000000e+00
2.068980185276269913e+04,-8.984450000000000491e-01,-8.342410000000000103e-01,-1.000000000000000000e+00
2.078703193712234497e+04,-8.431809999999999583e-01,-7.703259999999999552e-01,-1.000000000000000000e+00
2.079999595767259598e+04,-8.408400000000000318e-01,-7.680270000000000152e-01,-1.000000000000000000e+00
2.081620093852281570e+04,-8.259469999999999867e-01,-7.525309999999999500e-01,-1.000000000000000000e+00
2.091991304314136505e+04,-8.384049999999999558e-01,-7.617180000000000062e-01,-1.000000000000000000e+00
2.097176908543705940e+04,-8.899860000000000548e-01,-8.269250000000000211e-01,-1.000000000000000000e+00
2.098149208590388298e+04,-8.899860000000000548e-01,-8.269250000000000211e-01,-1.000000000000000000e+00
2.102038414755463600e+04,-8.887199999999999545e-01,-8.257630000000000248e-01,-1.000000000000000000e+00
2.103334813821315765e+04,-9.363970000000000349e-01,-8.858549999999999480e-01,-1.000000000000000000e+00
2.105603515923023224e+04,-9.363970000000000349e-01,-8.858549999999999480e-01,-1.000000000000000000e+00
2.124077230754494667e+04,-8.824239999999999862e-01,-8.151190000000000380e-01,-1.000000000000000000e+00
2.128938733977079391e+04,-8.976830000000000087e-01,-8.348219999999999530e-01,-1.000000000000000000e+00
2.132179736122488976e+04,-8.941360000000000419e-01,-8.325289999999999635e-01,-1.000000000000000000e+00
2.138985841429233551e+04,-9.094280000000000141e-01,-8.513749999999999929e-01,-1.000000000000000000e+00
2.139309943437576294e+04,-9.097530000000000339e-01,-8.513749999999999929e-01,-1.000000000000000000e+00
2.139634042456746101e+04,-9.097530000000000339e-01,-8.513749999999999929e-01,-1.000000000000000000e+00
2.143199145612120628e+04,-9.088899999999999757e-01,-8.507660000000000222e-01,-1.000000000000000000e+00
2.143523245629668236e+04,-9.049239999999999506e-01,-8.450199999999999934e-01,-1.000000000000000000e+00
2.145143745705485344e+04,-9.001000000000000112e-01,-8.366660000000000208e-01,-1.000000000000000000e+00
2.152598053038120270e+04,-8.988990000000000036e-01,-8.348219999999999530e-01,-1.000000000000000000e+00
2.157783655276894569e+04,-9.039559999999999818e-01,-8.437759999999999705e-01,-1.000000000000000000e+00
2.161024659416079521e+04,-8.986239999999999783e-01,-8.346529999999999783e-01,-1.000000000000000000e+00
2.161672857454419136e+04,-8.984450000000000491e-01,-8.342410000000000103e-01,-1.000000000000000000e+00
2.162321058481931686e+04,-9.064830000000000387e-01,-8.456780000000000408e-01,-1.000000000000000000e+00
2.167506660720705986e+04,-9.007039999999999491e-01,-8.376869999999999594e-01,-1.000000000000000000e+00
2.168803062775731087e+04,-9.070000000000000284e-01,-8.472969999999999668e-01,-1.000000000000000000e+00
2.179498371255397797e+04,-9.091019999999999657e-01,-8.517299999999999871e-01,-1.000000000000000000e+00
2.185656275531649590e+04,-9.070589999999999486e-01,-8.466559999999999642e-01,-1.000000000000000000e+00
2.205750490438938141e+04,-8.464180000000000037e-01,-7.713090000000000224e-01,-1.000000000000000000e+00
2.209963795623183250e+04,-8.402720000000000189e-01,-7.678650000000000198e-01,-1.000000000000000000e+00
2.210287896633148193e+04,-8.413690000000000335e-01,-7.673459999999999726e-01,-1.000000000000000000e+00
2.213852997797727585e+04,-9.002569999999999739e-01,-8.379429999999999934e-01,-1.000000000000000000e+00
2.214501198825240135e+04,-6.703040000000000109e-01,-5.613019999999999676e-01,-8.093989999999999796e-01
2.225520606327056885e+04,-7.259600000000000497e-01,-6.181039999999999868e-01,-8.492589999999999861e-01
2.226168807354569435e+04,-7.165859999999999452e-01,-6.061870000000000314e-01,-8.454070000000000196e-01
2.235243613761663437e+04,-7.058919999999999639e-01,-5.972819999999999796e-01,-8.449830000000000396e-01
2.238484615907073021e+04,-6.954860000000000486e-01,-5.823909999999999920e-01,-8.383979999999999766e-01
2.242049717074632645e+04,-6.839560000000000084e-01,-5.731509999999999661e-01,-8.383850000000000469e-01
2.252420923545956612e+04,-6.710150000000000281e-01,-5.510049999999999670e-01,-8.260849999999999582e-01
2.254365526628494263e+04,-6.570880000000000054e-01,-5.359760000000000080e-01,-8.214580000000000215e-01
2.263116232025623322e+04,-6.423229999999999773e-01,-5.191339999999999844e-01,-8.152740000000000542e-01
2.267329536211490631e+04,-6.267580000000000373e-01,-4.978099999999999747e-01,-8.053940000000000543e-01
2.267653635230660439e+04,-7.028400000000000203e-01,-5.877489999999999659e-01,-8.723170000000000091e-01
2.275107941561937332e+04,-6.880039999999999489e-01,-5.618769999999999598e-01,-8.596019999999999772e-01
2.276080241608619690e+04,-7.754510000000000014e-01,-6.734320000000000306e-01,-9.303960000000000008e-01
2.281589944857358932e+04,-7.632370000000000543e-01,-6.528119999999999479e-01,-9.232609999999999983e-01
2.285479147031903267e+04,-7.500809999999999977e-01,-6.337139999999999995e-01,-9.189929999999999488e-01
2.299739558672904968e+04,-7.339459999999999873e-01,-6.101659999999999862e-01,-9.123090000000000366e-01
