# Time,Median,Upper Error,Lower Error
0.000000000000000000e+00,-3.642710000000000115e-01,-1.692710000000000048e-01,-6.188329999999999664e-01
9.423050582408905029e+00,-4.015130000000000088e-01,-2.104850000000000054e-01,-6.391029999999999767e-01
1.005126253962516785e+02,-4.334390000000000187e-01,-2.495529999999999970e-01,-6.589570000000000149e-01
3.800633104443550110e+02,-4.669800000000000062e-01,-2.970900000000000207e-01,-6.969800000000000439e-01
8.512159857153892517e+02,-4.945080000000000031e-01,-3.245649999999999924e-01,-7.076989999999999670e-01
8.543570058345794678e+02,-5.180979999999999475e-01,-3.548009999999999775e-01,-7.216949999999999754e-01
8.920492177605628967e+02,-5.402550000000000407e-01,-3.895560000000000134e-01,-7.416209999999999747e-01
9.768566623926162720e+02,-4.727080000000000171e-01,-3.110359999999999792e-01,-6.754369999999999541e-01
1.105638329327106476e+03,-4.120730000000000226e-01,-2.525499999999999967e-01,-6.222969999999999891e-01
1.193586774110794067e+03,-4.355459999999999887e-01,-2.774229999999999752e-01,-6.346249999999999947e-01
1.683585110306739807e+03,-3.858900000000000108e-01,-2.189969999999999972e-01,-5.771640000000000104e-01
1.749546403825283051e+03,-4.090099999999999847e-01,-2.453460000000000085e-01,-5.927120000000000166e-01
1.828071748018264771e+03,-4.351800000000000113e-01,-2.705139999999999767e-01,-6.066880000000000051e-01
1.843776808917522430e+03,-4.551149999999999918e-01,-2.956520000000000259e-01,-6.225190000000000445e-01
2.010250507831573486e+03,-4.735779999999999990e-01,-3.157260000000000066e-01,-6.348869999999999791e-01
2.506530374348163605e+03,-4.902699999999999836e-01,-3.435460000000000180e-01,-6.547460000000000502e-01
2.525376445353031158e+03,-4.902699999999999836e-01,-3.435460000000000180e-01,-6.547460000000000502e-01
2.581914628446102142e+03,-4.905120000000000036e-01,-3.478609999999999758e-01,-6.556680000000000286e-01
2.738965136945247650e+03,-4.872549999999999937e-01,-3.266209999999999947e-01,-6.372079999999999966e-01
2.839477452278137207e+03,-4.872549999999999937e-01,-3.266209999999999947e-01,-6.372079999999999966e-01
3.043643053174018860e+03,-4.225630000000000219e-01,-2.580069999999999864e-01,-5.807609999999999717e-01
3.093899185895919800e+03,-4.872549999999999937e-01,-3.266209999999999947e-01,-6.372079999999999966e-01
3.106463226556777954e+03,-4.872549999999999937e-01,-3.266209999999999947e-01,-6.372079999999999966e-01
3.203834491729736328e+03,-4.225630000000000219e-01,-2.580069999999999864e-01,-5.807609999999999717e-01
3.593319422602653503e+03,-4.225630000000000219e-01,-2.580069999999999864e-01,-5.807609999999999717e-01
3.681267607331275940e+03,-4.872549999999999937e-01,-3.266209999999999947e-01,-6.372079999999999966e-01
3.712677679002285004e+03,-4.872549999999999937e-01,-3.266209999999999947e-01,-6.372079999999999966e-01
3.992227184057235718e+03,-4.872549999999999937e-01,-3.266209999999999947e-01,-6.372079999999999966e-01
4.045624276936054230e+03,-5.517149999999999554e-01,-4.059619999999999895e-01,-6.995719999999999716e-01
4.092739359378814697e+03,-5.517149999999999554e-01,-4.059619999999999895e-01,-6.995719999999999716e-01
4.237225597083568573e+03,-6.169829999999999481e-01,-4.805599999999999872e-01,-7.561870000000000536e-01
4.293763660192489624e+03,-5.517149999999999554e-01,-4.059619999999999895e-01,-6.995719999999999716e-01
4.306327680826187134e+03,-5.552899999999999503e-01,-4.210760000000000058e-01,-7.151939999999999964e-01
4.409980816423892975e+03,-5.535980000000000345e-01,-4.188160000000000216e-01,-7.155319999999999458e-01
4.582736035704612732e+03,-5.535980000000000345e-01,-4.188160000000000216e-01,-7.155319999999999458e-01
4.642415098905563354e+03,-5.488290000000000113e-01,-4.174809999999999910e-01,-7.106909999999999616e-01
4.730363193631172180e+03,-4.817420000000000035e-01,-3.478870000000000018e-01,-6.566870000000000207e-01
4.752350214838981628e+03,-4.158709999999999907e-01,-2.550129999999999897e-01,-5.768849999999999811e-01
4.786901276588439941e+03,-4.158709999999999907e-01,-2.550129999999999897e-01,-5.768849999999999811e-01
4.887413381934165955e+03,-4.817420000000000035e-01,-3.478870000000000018e-01,-6.566870000000000207e-01
4.972220466554164886e+03,-4.817420000000000035e-01,-3.478870000000000018e-01,-6.566870000000000207e-01
5.019335519075393677e+03,-4.817420000000000035e-01,-3.478870000000000018e-01,-6.566870000000000207e-01
5.160680666685104370e+03,-5.436389999999999834e-01,-4.190619999999999901e-01,-7.098959999999999715e-01
5.176385697424411774e+03,-5.436389999999999834e-01,-4.190619999999999901e-01,-7.098959999999999715e-01
5.236064730703830719e+03,-5.437389999999999723e-01,-4.173379999999999868e-01,-7.098959999999999715e-01
5.415101910293102264e+03,-4.779419999999999780e-01,-3.305969999999999742e-01,-6.372259999999999591e-01
5.512473005473613739e+03,-4.779419999999999780e-01,-3.305969999999999742e-01,-6.372259999999999591e-01
5.719779126644134521e+03,-4.779419999999999780e-01,-3.305969999999999742e-01,-6.372259999999999591e-01
5.835996222794055939e+03,-4.134979999999999767e-01,-2.633389999999999898e-01,-5.812460000000000404e-01
5.842278223156929016e+03,-4.134979999999999767e-01,-2.635279999999999845e-01,-5.800410000000000288e-01
6.278877506554126740e+03,-3.487040000000000139e-01,-1.892909999999999870e-01,-5.153210000000000290e-01
6.395094552814960480e+03,-2.819989999999999997e-01,-1.236840000000000023e-01,-4.596799999999999775e-01
6.401376563131809235e+03,-3.487040000000000139e-01,-1.892909999999999870e-01,-5.153210000000000290e-01
6.863103777885437012e+03,-3.487040000000000139e-01,-1.892909999999999870e-01,-5.153210000000000290e-01
7.042140837550163269e+03,-2.819989999999999997e-01,-1.236840000000000023e-01,-4.596799999999999775e-01
7.221177897095680237e+03,-3.518009999999999748e-01,-1.964349999999999985e-01,-5.287100000000000133e-01
7.381368935644626617e+03,-4.176110000000000100e-01,-2.614119999999999777e-01,-5.839550000000000018e-01
7.865083041608333588e+03,-4.176110000000000100e-01,-2.614119999999999777e-01,-5.839550000000000018e-01
7.874506032168865204e+03,-4.176110000000000100e-01,-2.614119999999999777e-01,-5.839550000000000018e-01
7.981300047874450684e+03,-4.176110000000000100e-01,-2.614119999999999777e-01,-5.839550000000000018e-01
8.128927065730094910e+03,-4.176110000000000100e-01,-2.614119999999999777e-01,-5.839550000000000018e-01
8.157196097195148468e+03,-3.518009999999999748e-01,-1.964349999999999985e-01,-5.287100000000000133e-01
8.169760077953338623e+03,-3.518009999999999748e-01,-1.964349999999999985e-01,-5.287100000000000133e-01
8.348797117531299591e+03,-4.176110000000000100e-01,-2.614119999999999777e-01,-5.839550000000000018e-01
8.703730156540870667e+03,-4.158100000000000129e-01,-2.531050000000000244e-01,-5.778900000000000148e-01
8.970715130925178528e+03,-4.176110000000000100e-01,-2.614119999999999777e-01,-5.839550000000000018e-01
9.096355137646198273e+03,-4.176110000000000100e-01,-2.614119999999999777e-01,-5.839550000000000018e-01
9.137188139855861664e+03,-4.134979999999999767e-01,-2.635279999999999845e-01,-5.800410000000000288e-01
9.328789160072803497e+03,-4.774689999999999768e-01,-3.332530000000000214e-01,-6.372259999999999591e-01
9.488980158627033234e+03,-5.436389999999999834e-01,-4.190619999999999901e-01,-7.098959999999999715e-01
9.978976154923439026e+03,-4.774689999999999768e-01,-3.332530000000000214e-01,-6.372259999999999591e-01
1.001666812700033188e+04,-4.158709999999999907e-01,-2.550129999999999897e-01,-5.768849999999999811e-01
1.017685912555456161e+04,-4.176110000000000100e-01,-2.614119999999999777e-01,-5.839550000000000018e-01
1.048467713207006454e+04,-4.176110000000000100e-01,-2.614119999999999777e-01,-5.839550000000000018e-01
1.069512409335374832e+04,-3.518009999999999748e-01,-1.964349999999999985e-01,-5.287100000000000133e-01
1.079563607871532440e+04,-3.518009999999999748e-01,-1.964349999999999985e-01,-5.287100000000000133e-01
1.079877708882093430e+04,-2.843209999999999904e-01,-1.238589999999999969e-01,-4.641319999999999890e-01
1.085531507188081741e+04,-3.508060000000000067e-01,-1.928529999999999966e-01,-5.234060000000000379e-01
1.092441705566644669e+04,-3.518009999999999748e-01,-1.964349999999999985e-01,-5.287100000000000133e-01
1.131076002633571625e+04,-3.512919999999999932e-01,-1.960020000000000095e-01,-5.298850000000000504e-01
1.148979700589179993e+04,-3.512919999999999932e-01,-1.960020000000000095e-01,-5.298850000000000504e-01
1.182902496409416199e+04,-2.858640000000000070e-01,-1.279740000000000044e-01,-4.707069999999999865e-01
1.191069094854593277e+04,-3.518009999999999748e-01,-1.964349999999999985e-01,-5.287100000000000133e-01
1.223107291567325592e+04,-4.176110000000000100e-01,-2.614119999999999777e-01,-5.839550000000000018e-01
1.230331591945886612e+04,-3.512919999999999932e-01,-1.960020000000000095e-01,-5.298850000000000504e-01
1.242895590621232986e+04,-2.849619999999999931e-01,-1.233960000000000057e-01,-4.682720000000000216e-01
1.251690389090776443e+04,-2.849619999999999931e-01,-1.233960000000000057e-01,-4.682720000000000216e-01
1.261741586631536484e+04,-2.814769999999999772e-01,-1.229179999999999995e-01,-4.594110000000000138e-01
1.274933781343698502e+04,-2.814769999999999772e-01,-1.229179999999999995e-01,-4.594110000000000138e-01
1.285613179916143417e+04,-2.814769999999999772e-01,-1.229179999999999995e-01,-4.594110000000000138e-01
1.288754180079698563e+04,-2.788530000000000175e-01,-1.095750000000000057e-01,-4.463750000000000218e-01
1.289382380115985870e+04,-2.788530000000000175e-01,-1.095750000000000057e-01,-4.463750000000000218e-01
1.290010580146312714e+04,-2.839249999999999829e-01,-1.356710000000000138e-01,-4.802589999999999915e-01
1.311055276280641556e+04,-2.828180000000000138e-01,-1.105700000000000016e-01,-4.501550000000000273e-01
1.330215373301506042e+04,-2.828180000000000138e-01,-1.105700000000000016e-01,-4.501550000000000273e-01
1.331157671356201172e+04,-2.828180000000000138e-01,-1.105700000000000016e-01,-4.501550000000000273e-01
1.334926872557401657e+04,-2.899089999999999723e-01,-1.250310000000000032e-01,-4.683800000000000185e-01
1.339638371801376343e+04,-2.899089999999999723e-01,-1.250310000000000032e-01,-4.683800000000000185e-01
1.342465269958972931e+04,-2.899089999999999723e-01,-1.250310000000000032e-01,-4.683800000000000185e-01
1.369791966420412064e+04,-2.238989999999999869e-01,-6.877999999999999392e-02,-4.167690000000000006e-01
1.370734265476465225e+04,-2.238989999999999869e-01,-6.877999999999999392e-02,-4.167690000000000006e-01
1.426329956454038620e+04,-2.238989999999999869e-01,-6.877999999999999392e-02,-4.167690000000000006e-01
1.448002850621938705e+04,-2.899089999999999723e-01,-1.250310000000000032e-01,-4.683800000000000185e-01
1.452400249844789505e+04,-3.573450000000000237e-01,-1.964909999999999990e-01,-5.291749999999999510e-01
1.453028449881076813e+04,-4.214589999999999725e-01,-2.625790000000000068e-01,-5.852579999999999449e-01
1.479098742288351059e+04,-4.214589999999999725e-01,-2.625790000000000068e-01,-5.852579999999999449e-01
1.483810241538286209e+04,-4.881989999999999941e-01,-3.389820000000000055e-01,-6.500270000000000215e-01
1.502656236553192139e+04,-4.881989999999999941e-01,-3.389820000000000055e-01,-6.500270000000000215e-01
1.517418933343887329e+04,-5.522660000000000347e-01,-4.132890000000000175e-01,-7.086430000000000229e-01
1.518047133374214172e+04,-4.881989999999999941e-01,-3.389820000000000055e-01,-6.500270000000000215e-01
1.524329133707284927e+04,-4.885229999999999850e-01,-3.306780000000000275e-01,-6.448779999999999513e-01
1.562021125727891922e+04,-4.930599999999999983e-01,-3.419530000000000070e-01,-6.551259999999999861e-01
1.564848024886846542e+04,-5.562859999999999472e-01,-4.219769999999999910e-01,-7.204009999999999581e-01
1.574899222421646118e+04,-6.203610000000000513e-01,-5.082020000000000426e-01,-7.901460000000000150e-01
1.586206821018457413e+04,-6.203610000000000513e-01,-5.082020000000000426e-01,-7.901460000000000150e-01
1.591232421290874481e+04,-6.203610000000000513e-01,-5.082020000000000426e-01,-7.901460000000000150e-01
1.601597717851400375e+04,-6.839880000000000404e-01,-5.783840000000000092e-01,-8.381819999999999826e-01
1.623270612013339996e+04,-7.527270000000000350e-01,-6.558439999999999825e-01,-8.939930000000000376e-01
1.633007710528373718e+04,-8.175970000000000182e-01,-7.262440000000000007e-01,-9.364980000000000526e-01
1.638975608849525452e+04,-8.175970000000000182e-01,-7.262440000000000007e-01,-9.364980000000000526e-01
1.656251102787256241e+04,-8.201070000000000304e-01,-7.266319999999999446e-01,-9.381709999999999772e-01
1.661904903078079224e+04,-8.201070000000000304e-01,-7.266319999999999446e-01,-9.381709999999999772e-01
1.665360002267360687e+04,-8.175970000000000182e-01,-7.262440000000000007e-01,-9.364980000000000526e-01
1.669443300485610962e+04,-8.175970000000000182e-01,-7.262440000000000007e-01,-9.364980000000000526e-01
1.671956100612878799e+04,-8.175970000000000182e-01,-7.262440000000000007e-01,-9.364980000000000526e-01
1.693314892768859863e+04,-8.142580000000000373e-01,-7.262440000000000007e-01,-9.344109999999999916e-01
1.695199492871761322e+04,-8.142580000000000373e-01,-7.262440000000000007e-01,-9.344109999999999916e-01
1.709648090642690659e+04,-8.142580000000000373e-01,-7.262440000000000007e-01,-9.344109999999999916e-01
1.793512773132324219e+04,-8.053599999999999648e-01,-7.223190000000000444e-01,-9.286649999999999627e-01
1.804820370733737946e+04,-8.053599999999999648e-01,-7.223190000000000444e-01,-9.286649999999999627e-01
1.805134469759464264e+04,-8.053599999999999648e-01,-7.223190000000000444e-01,-9.286649999999999627e-01
1.811730568110942841e+04,-8.739900000000000446e-01,-8.092549999999999466e-01,-9.741469999999999851e-01
1.823980462771654129e+04,-8.739900000000000446e-01,-8.092549999999999466e-01,-9.741469999999999851e-01
1.828377862995862961e+04,-8.053599999999999648e-01,-7.223190000000000444e-01,-9.286649999999999627e-01
1.833717561286687851e+04,-8.053599999999999648e-01,-7.223190000000000444e-01,-9.286649999999999627e-01
1.843454657810926437e+04,-8.053599999999999648e-01,-7.223190000000000444e-01,-9.286649999999999627e-01
1.868896752178668976e+04,-8.053599999999999648e-01,-7.223190000000000444e-01,-9.286649999999999627e-01
1.872351850366592407e+04,-8.106299999999999617e-01,-7.284399999999999764e-01,-9.345980000000000398e-01
1.873922351437807083e+04,-8.106299999999999617e-01,-7.284399999999999764e-01,-9.345980000000000398e-01
1.948992231470346451e+04,-7.470630000000000326e-01,-6.558969999999999523e-01,-8.902539999999999898e-01
1.959043430012464523e+04,-6.798830000000000151e-01,-5.782540000000000457e-01,-8.352089999999999792e-01
1.976633024954795837e+04,-7.493570000000000508e-01,-6.472980000000000400e-01,-8.827700000000000546e-01
2.002075117319822311e+04,-6.863439999999999541e-01,-5.792990000000000084e-01,-8.397959999999999869e-01
2.002703317350149155e+04,-6.191330000000000444e-01,-5.108489999999999975e-01,-7.933160000000000212e-01
2.031286410880088806e+04,-6.228270000000000195e-01,-5.108489999999999975e-01,-7.933160000000000212e-01
2.035369709098339081e+04,-6.175019999999999953e-01,-5.107429999999999470e-01,-7.934330000000000549e-01
2.052959304046630859e+04,-6.175019999999999953e-01,-5.107429999999999470e-01,-7.934330000000000549e-01
2.059869501417875290e+04,-5.523599999999999621e-01,-3.949079999999999813e-01,-6.933169999999999611e-01
2.061754101514816284e+04,-5.523599999999999621e-01,-3.949079999999999813e-01,-6.933169999999999611e-01
2.068350199866294861e+04,-4.860900000000000221e-01,-3.295230000000000103e-01,-6.420839999999999881e-01
2.086882096856832504e+04,-4.860900000000000221e-01,-3.295230000000000103e-01,-6.420839999999999881e-01
2.103215291732549667e+04,-4.212989999999999791e-01,-2.554830000000000156e-01,-5.782310000000000505e-01
2.135881684488058090e+04,-4.248109999999999942e-01,-2.684219999999999939e-01,-5.902290000000000036e-01
2.139336783671379089e+04,-4.248109999999999942e-01,-2.684219999999999939e-01,-5.902290000000000036e-01
2.143105980879068375e+04,-4.236770000000000258e-01,-2.681520000000000015e-01,-5.920450000000000434e-01
2.144048282921314240e+04,-4.236770000000000258e-01,-2.681520000000000015e-01,-5.920450000000000434e-01
2.164778878027200699e+04,-4.212500000000000133e-01,-2.672910000000000008e-01,-5.915859999999999452e-01
2.206554164278507233e+04,-4.865979999999999750e-01,-3.478740000000000165e-01,-6.594189999999999774e-01
2.227284759384393692e+04,-4.212500000000000133e-01,-2.672910000000000008e-01,-5.915859999999999452e-01
2.246130753397941589e+04,-4.177049999999999930e-01,-2.627140000000000031e-01,-5.844260000000000010e-01
2.247701251482963562e+04,-4.177049999999999930e-01,-2.627140000000000031e-01,-5.844260000000000010e-01
2.268431846594810486e+04,-4.177049999999999930e-01,-2.627140000000000031e-01,-5.844260000000000010e-01
2.270316446691751480e+04,-4.177049999999999930e-01,-2.627140000000000031e-01,-5.844260000000000010e-01
2.278797143155336380e+04,-4.177049999999999930e-01,-2.627140000000000031e-01,-5.844260000000000010e-01
2.310835334867238998e+04,-4.177049999999999930e-01,-2.627140000000000031e-01,-5.844260000000000010e-01
2.311777636909484863e+04,-4.832960000000000034e-01,-3.297289999999999943e-01,-6.390249999999999542e-01
2.312405836945772171e+04,-4.832960000000000034e-01,-3.297289999999999943e-01,-6.390249999999999542e-01
2.317117335200309753e+04,-4.177049999999999930e-01,-2.627140000000000031e-01,-5.844260000000000010e-01
2.348527328878641129e+04,-4.177049999999999930e-01,-2.627140000000000031e-01,-5.844260000000000010e-01
2.371456621110439301e+04,-3.557460000000000067e-01,-1.991209999999999924e-01,-5.322230000000000016e-01
2.391559014183282852e+04,-3.557460000000000067e-01,-1.991209999999999924e-01,-5.322230000000000016e-01
2.392187212228775024e+04,-3.557460000000000067e-01,-1.991209999999999924e-01,-5.322230000000000016e-01
2.400982011693716049e+04,-4.212500000000000133e-01,-2.672910000000000008e-01,-5.915859999999999452e-01
2.409462708151340485e+04,-4.082180000000000253e-01,-2.743849999999999900e-01,-5.940999999999999615e-01
2.529762976604700089e+04,-4.765400000000000191e-01,-3.423329999999999984e-01,-6.516170000000000018e-01
2.540128275156021118e+04,-5.459589999999999721e-01,-4.152959999999999985e-01,-7.152009999999999756e-01
2.542326973271369934e+04,-4.818350000000000133e-01,-3.313920000000000199e-01,-6.359580000000000233e-01
2.550807671719789505e+04,-4.818350000000000133e-01,-3.313920000000000199e-01,-6.359580000000000233e-01
2.584730458545684814e+04,-4.182310000000000194e-01,-2.697499999999999898e-01,-5.881250000000000089e-01
2.587871458715200424e+04,-4.185840000000000116e-01,-2.789019999999999833e-01,-5.993150000000000421e-01
2.613627650099992752e+04,-3.547629999999999950e-01,-2.009100000000000052e-01,-5.293940000000000312e-01
2.656659338402748108e+04,-4.185840000000000116e-01,-2.789019999999999833e-01,-5.993150000000000421e-01
2.667966936004161835e+04,-4.230129999999999724e-01,-2.847529999999999784e-01,-6.086380000000000123e-01
2.668281034034490585e+04,-4.879830000000000001e-01,-3.553290000000000060e-01,-6.651510000000000478e-01
2.674877132380008698e+04,-4.879830000000000001e-01,-3.553290000000000060e-01,-6.651510000000000478e-01
2.700633328759670258e+04,-4.879830000000000001e-01,-3.553290000000000060e-01,-6.651510000000000478e-01
2.714139624482393265e+04,-4.879830000000000001e-01,-3.553290000000000060e-01,-6.651510000000000478e-01
2.740838113915920258e+04,-4.230129999999999724e-01,-2.847529999999999784e-01,-6.086380000000000123e-01
2.743665015065670013e+04,-3.585090000000000221e-01,-1.991209999999999924e-01,-5.319599999999999884e-01
2.749947011405229568e+04,-3.585090000000000221e-01,-1.991209999999999924e-01,-5.319599999999999884e-01
2.771934005582332611e+04,-3.585090000000000221e-01,-1.991209999999999924e-01,-5.319599999999999884e-01
2.773504504668712616e+04,-3.502819999999999823e-01,-2.021920000000000106e-01,-5.408589999999999787e-01
2.781357003086805344e+04,-3.511179999999999857e-01,-1.970250000000000057e-01,-5.294619999999999882e-01
2.787010800391435623e+04,-3.511179999999999857e-01,-1.970250000000000057e-01,-5.294619999999999882e-01
2.800831197124719620e+04,-3.511179999999999857e-01,-1.970250000000000057e-01,-5.294619999999999882e-01
2.811824692720174789e+04,-3.557460000000000067e-01,-1.991209999999999924e-01,-5.322230000000000016e-01
2.820305391174554825e+04,-3.557460000000000067e-01,-1.991209999999999924e-01,-5.322230000000000016e-01
2.837580888098478317e+04,-3.557460000000000067e-01,-1.991209999999999924e-01,-5.322230000000000016e-01
2.856740981131792068e+04,-3.575079999999999925e-01,-1.991209999999999924e-01,-5.325250000000000261e-01
2.863337079483270645e+04,-4.236770000000000258e-01,-2.681520000000000015e-01,-5.920450000000000434e-01
2.874644677084684372e+04,-3.575079999999999925e-01,-1.991209999999999924e-01,-5.325250000000000261e-01
2.875272877120971680e+04,-4.197620000000000240e-01,-2.557539999999999814e-01,-5.777290000000000481e-01
2.879984375369548798e+04,-4.197620000000000240e-01,-2.557539999999999814e-01,-5.777290000000000481e-01
2.880298474395275116e+04,-4.858750000000000013e-01,-3.306780000000000275e-01,-6.405049999999999910e-01
2.884381773614883423e+04,-4.858750000000000013e-01,-3.306780000000000275e-01,-6.405049999999999910e-01
2.895061171180009842e+04,-4.858750000000000013e-01,-3.306780000000000275e-01,-6.405049999999999910e-01
2.902599570584297180e+04,-4.858750000000000013e-01,-3.306780000000000275e-01,-6.405049999999999910e-01
2.913278967154026031e+04,-4.832960000000000034e-01,-3.297289999999999943e-01,-6.390249999999999542e-01
2.914849466240406036e+04,-5.472420000000000062e-01,-4.198169999999999957e-01,-7.149410000000000487e-01
2.928983960998058319e+04,-5.472420000000000062e-01,-4.198169999999999957e-01,-7.149410000000000487e-01
2.949400453096628189e+04,-6.108860000000000401e-01,-4.878199999999999759e-01,-7.669280000000000541e-01
2.951285053199529648e+04,-6.761679999999999913e-01,-5.679750000000000076e-01,-8.272040000000000504e-01
2.958823450607061386e+04,-7.409130000000000438e-01,-6.419529999999999959e-01,-8.781830000000000469e-01
2.974214345425367355e+04,-7.438639999999999697e-01,-6.514419999999999655e-01,-8.874170000000000114e-01
2.977041244578361511e+04,-6.824940000000000451e-01,-5.701509999999999634e-01,-8.297280000000000211e-01
2.982066843843460083e+04,-6.824940000000000451e-01,-5.701509999999999634e-01,-8.297280000000000211e-01
2.988977041214704514e+04,-6.824940000000000451e-01,-5.701509999999999634e-01,-8.297280000000000211e-01
2.989605240249633789e+04,-6.191079999999999917e-01,-4.927469999999999906e-01,-7.708469999999999489e-01
2.993060339438915253e+04,-6.191079999999999917e-01,-4.927469999999999906e-01,-7.708469999999999489e-01
2.998714139729738235e+04,-6.824940000000000451e-01,-5.701509999999999634e-01,-8.297280000000000211e-01
3.003425637984275818e+04,-7.470630000000000326e-01,-6.473119999999999985e-01,-8.818190000000000195e-01
3.026040830206871033e+04,-7.470630000000000326e-01,-6.473119999999999985e-01,-8.818190000000000195e-01
3.026983132249116898e+04,-8.087550000000000017e-01,-7.285239999999999494e-01,-9.348950000000000315e-01
3.040803525996208191e+04,-8.087550000000000017e-01,-7.285239999999999494e-01,-9.348950000000000315e-01
3.091373614698648453e+04,-7.440529999999999644e-01,-6.433149999999999702e-01,-8.774239999999999817e-01
3.106764508527517319e+04,-7.440529999999999644e-01,-6.433149999999999702e-01,-8.774239999999999817e-01
3.135975798100233078e+04,-6.796440000000000259e-01,-5.726499999999999924e-01,-8.284859999999999447e-01
3.136603998130559921e+04,-6.736320000000000086e-01,-5.607250000000000290e-01,-8.219039999999999679e-01
3.147597493720054626e+04,-6.094819999999999682e-01,-4.856790000000000274e-01,-7.679859999999999465e-01
3.167699889791011810e+04,-6.094819999999999682e-01,-4.856790000000000274e-01,-7.679859999999999465e-01
3.171783188009262085e+04,-6.164479999999999960e-01,-4.911800000000000055e-01,-7.695260000000000433e-01
3.193456082171201706e+04,-6.191079999999999917e-01,-4.927469999999999906e-01,-7.708469999999999489e-01
3.197225279378890991e+04,-6.824940000000000451e-01,-5.701509999999999634e-01,-8.297280000000000211e-01
3.198795780462026596e+04,-6.164479999999999960e-01,-4.911800000000000055e-01,-7.695260000000000433e-01
3.204763679778575897e+04,-6.164479999999999960e-01,-4.911800000000000055e-01,-7.695260000000000433e-01
3.243083867835998535e+04,-6.164479999999999960e-01,-4.911800000000000055e-01,-7.695260000000000433e-01
3.245910766988992691e+04,-6.164479999999999960e-01,-4.911800000000000055e-01,-7.695260000000000433e-01
3.248423567116260529e+04,-5.535980000000000345e-01,-4.188160000000000216e-01,-7.155319999999999458e-01
3.256904263579845428e+04,-5.531500000000000306e-01,-4.184910000000000019e-01,-7.139750000000000263e-01
3.295224452638626099e+04,-5.531500000000000306e-01,-4.184910000000000019e-01,-7.139750000000000263e-01
3.302448751020431519e+04,-5.531500000000000306e-01,-4.184910000000000019e-01,-7.139750000000000263e-01
3.311243548494577408e+04,-5.531500000000000306e-01,-4.184910000000000019e-01,-7.139750000000000263e-01
3.325063946229219437e+04,-4.860900000000000221e-01,-3.295230000000000103e-01,-6.420839999999999881e-01
3.330717743533849716e+04,-4.860900000000000221e-01,-3.295230000000000103e-01,-6.420839999999999881e-01
3.348935536509752274e+04,-4.860900000000000221e-01,-3.295230000000000103e-01,-6.420839999999999881e-01
3.369666131621599197e+04,-4.289270000000000027e-01,-2.832169999999999965e-01,-6.086380000000000123e-01
3.413326018959283829e+04,-4.930599999999999983e-01,-3.419530000000000070e-01,-6.551259999999999861e-01
3.414268320006132126e+04,-4.930599999999999983e-01,-3.419530000000000070e-01,-6.551259999999999861e-01
3.431857915949821472e+04,-4.930599999999999983e-01,-3.419530000000000070e-01,-6.551259999999999861e-01
3.476774204355478287e+04,-5.562859999999999472e-01,-4.219769999999999910e-01,-7.204009999999999581e-01
3.496562498426437378e+04,-5.585520000000000485e-01,-4.394089999999999940e-01,-7.397099999999999786e-01
3.497818898493051529e+04,-5.585520000000000485e-01,-4.394089999999999940e-01,-7.397099999999999786e-01
3.520119990688562393e+04,-5.585520000000000485e-01,-4.394089999999999940e-01,-7.397099999999999786e-01
3.591734769523143768e+04,-5.620519999999999960e-01,-4.403599999999999737e-01,-7.390560000000000462e-01
3.644817655372619629e+04,-5.569030000000000369e-01,-4.474330000000000251e-01,-7.457679999999999865e-01
3.649529154622554779e+04,-5.569030000000000369e-01,-4.474330000000000251e-01,-7.457679999999999865e-01
3.652670154786109924e+04,-6.220160000000000133e-01,-5.105140000000000233e-01,-7.917110000000000536e-01
3.663977749401330948e+04,-5.613099999999999756e-01,-4.329700000000000215e-01,-7.334370000000000056e-01
3.675913548040390015e+04,-6.236540000000000417e-01,-5.096779999999999644e-01,-7.934330000000000549e-01
3.693189042961597443e+04,-6.236540000000000417e-01,-5.096779999999999644e-01,-7.934330000000000549e-01
3.719573433381319046e+04,-6.892789999999999750e-01,-5.784810000000000230e-01,-8.398949999999999472e-01
3.720829833447933197e+04,-6.892789999999999750e-01,-5.784810000000000230e-01,-8.398949999999999472e-01
3.742188627588748932e+04,-6.852920000000000122e-01,-5.784310000000000285e-01,-8.387879999999999781e-01
3.762919221699237823e+04,-6.839880000000000404e-01,-5.783840000000000092e-01,-8.381819999999999826e-01
3.786790813982486725e+04,-6.839880000000000404e-01,-5.783840000000000092e-01,-8.381819999999999826e-01
4.097435625630617142e+04,-6.839880000000000404e-01,-5.783840000000000092e-01,-8.381819999999999826e-01
4.165281206268072128e+04,-6.839880000000000404e-01,-5.783840000000000092e-01,-8.381819999999999826e-01
4.174704203778505325e+04,-6.839880000000000404e-01,-5.783840000000000092e-01,-8.381819999999999826e-01
4.195748896908760071e+04,-6.839880000000000404e-01,-5.783840000000000092e-01,-8.381819999999999826e-01
4.268934174829721451e+04,-7.443410000000000304e-01,-6.487519999999999953e-01,-8.833239999999999981e-01
4.272703375023603439e+04,-7.443410000000000304e-01,-6.487519999999999953e-01,-8.833239999999999981e-01
4.285267371702194214e+04,-7.443410000000000304e-01,-6.487519999999999953e-01,-8.833239999999999981e-01
4.311651763117313385e+04,-7.443410000000000304e-01,-6.487519999999999953e-01,-8.833239999999999981e-01
4.321074759620428085e+04,-7.443410000000000304e-01,-6.487519999999999953e-01,-8.833239999999999981e-01
4.350286054182052612e+04,-8.040960000000000329e-01,-7.254950000000000010e-01,-9.277079999999999771e-01
4.359080851650238037e+04,-8.040960000000000329e-01,-7.254950000000000010e-01,-9.277079999999999771e-01
4.364420549941062927e+04,-8.040960000000000329e-01,-7.254950000000000010e-01,-9.277079999999999771e-01
4.371330746316909790e+04,-8.010410000000000030e-01,-7.225869999999999793e-01,-9.242019999999999680e-01
4.409336838346719742e+04,-7.368519999999999515e-01,-6.368819999999999482e-01,-8.683870000000000200e-01
4.421586734008789062e+04,-6.723649999999999904e-01,-5.733089999999999575e-01,-8.268640000000000434e-01
4.429753330445289612e+04,-6.723649999999999904e-01,-5.733089999999999575e-01,-8.268640000000000434e-01
4.471528615689277649e+04,-6.723649999999999904e-01,-5.733089999999999575e-01,-8.268640000000000434e-01
4.485349013423919678e+04,-6.755949999999999456e-01,-5.732770000000000366e-01,-8.298910000000000453e-01
4.523041001445055008e+04,-6.755949999999999456e-01,-5.732770000000000366e-01,-8.298910000000000453e-01
4.542201095479726791e+04,-6.755949999999999456e-01,-5.732770000000000366e-01,-8.298910000000000453e-01
4.563873990631103516e+04,-6.742129999999999512e-01,-5.714900000000000535e-01,-8.287339999999999707e-01
4.583348185676336288e+04,-6.761679999999999913e-01,-5.679750000000000076e-01,-8.272040000000000504e-01
4.584290483731031418e+04,-6.761679999999999913e-01,-5.679750000000000076e-01,-8.272040000000000504e-01
4.597482681435346603e+04,-6.742129999999999512e-01,-5.714900000000000535e-01,-8.287339999999999707e-01
4.611617177188396454e+04,-7.409130000000000438e-01,-6.419529999999999959e-01,-8.781830000000000469e-01
4.612245377224683762e+04,-7.409130000000000438e-01,-6.419529999999999959e-01,-8.781830000000000469e-01
4.627008072018623352e+04,-7.409130000000000438e-01,-6.419529999999999959e-01,-8.781830000000000469e-01
4.646168163049221039e+04,-7.409130000000000438e-01,-6.419529999999999959e-01,-8.781830000000000469e-01
4.646796363085508347e+04,-7.409130000000000438e-01,-6.419529999999999959e-01,-8.781830000000000469e-01
4.653392462438344955e+04,-7.409130000000000438e-01,-6.419529999999999959e-01,-8.781830000000000469e-01
4.661244960850477219e+04,-7.409130000000000438e-01,-6.419529999999999959e-01,-8.781830000000000469e-01
4.690142151403427124e+04,-7.409130000000000438e-01,-6.419529999999999959e-01,-8.781830000000000469e-01
4.727205941390991211e+04,-8.033759999999999790e-01,-7.285239999999999494e-01,-9.343479999999999563e-01
4.740712236118316650e+04,-8.033759999999999790e-01,-7.285239999999999494e-01,-9.343479999999999563e-01
4.741340436148643494e+04,-8.033759999999999790e-01,-7.285239999999999494e-01,-9.343479999999999563e-01
4.751391633683443069e+04,-8.033759999999999790e-01,-7.285239999999999494e-01,-9.343479999999999563e-01
4.761128729212284088e+04,-7.440529999999999644e-01,-6.433149999999999702e-01,-8.774239999999999817e-01
4.761756929248571396e+04,-6.736320000000000086e-01,-5.607250000000000290e-01,-8.219039999999999679e-01
4.775263228964805603e+04,-6.094819999999999682e-01,-4.856790000000000274e-01,-7.679859999999999465e-01
4.779974727219343185e+04,-6.094819999999999682e-01,-4.856790000000000274e-01,-7.679859999999999465e-01
4.833371707081794739e+04,-6.094819999999999682e-01,-4.856790000000000274e-01,-7.679859999999999465e-01
4.836826806271076202e+04,-5.459589999999999721e-01,-4.152959999999999985e-01,-7.152009999999999756e-01
4.848448504889011383e+04,-5.459589999999999721e-01,-4.152959999999999985e-01,-7.152009999999999756e-01
4.856301000314950943e+04,-4.811810000000000254e-01,-3.396299999999999875e-01,-6.547460000000000502e-01
4.862897098660469055e+04,-5.459589999999999721e-01,-4.152959999999999985e-01,-7.152009999999999756e-01
4.863525298696756363e+04,-5.459589999999999721e-01,-4.152959999999999985e-01,-7.152009999999999756e-01
4.869179095005989075e+04,-6.094819999999999682e-01,-4.856790000000000274e-01,-7.679859999999999465e-01
4.876403393393754959e+04,-5.457889999999999686e-01,-4.190729999999999733e-01,-7.152009999999999756e-01
4.882999491745233536e+04,-5.436389999999999834e-01,-4.190619999999999901e-01,-7.098959999999999715e-01
4.883941793787479401e+04,-5.404170000000000362e-01,-4.097919999999999896e-01,-7.015109999999999957e-01
4.902159588760137558e+04,-5.404170000000000362e-01,-4.097919999999999896e-01,-7.015109999999999957e-01
4.908755687117576599e+04,-5.404170000000000362e-01,-4.097919999999999896e-01,-7.015109999999999957e-01
4.921947880834341049e+04,-4.745400000000000174e-01,-3.399809999999999777e-01,-6.500209999999999599e-01
4.923518379920721054e+04,-4.735099999999999865e-01,-3.286760000000000237e-01,-6.398019999999999818e-01
4.930114478272199631e+04,-4.735099999999999865e-01,-3.286760000000000237e-01,-6.398019999999999818e-01
4.956812971699237823e+04,-4.091659999999999742e-01,-2.681990000000000207e-01,-5.909029999999999561e-01
4.965293671149015427e+04,-4.091659999999999742e-01,-2.681990000000000207e-01,-5.909029999999999561e-01
4.975973067718744278e+04,-4.091659999999999742e-01,-2.681990000000000207e-01,-5.909029999999999561e-01
4.976287166738510132e+04,-4.091659999999999742e-01,-2.681990000000000207e-01,-5.909029999999999561e-01
4.982255065059661865e+04,-3.477580000000000116e-01,-1.855499999999999927e-01,-5.122679999999999456e-01
5.004556155258417130e+04,-3.466099999999999737e-01,-1.856849999999999890e-01,-5.125859999999999861e-01
5.005184355288743973e+04,-3.466099999999999737e-01,-1.856849999999999890e-01,-5.125859999999999861e-01
5.057953139120340347e+04,-3.466099999999999737e-01,-1.856849999999999890e-01,-5.125859999999999861e-01
5.073972234976291656e+04,-3.466099999999999737e-01,-1.856849999999999890e-01,-5.125859999999999861e-01
5.087164429688453674e+04,-3.466099999999999737e-01,-1.856849999999999890e-01,-5.125859999999999861e-01
5.111664223992824554e+04,-3.466099999999999737e-01,-1.856849999999999890e-01,-5.125859999999999861e-01
5.112920624059438705e+04,-2.788530000000000175e-01,-1.095750000000000057e-01,-4.463750000000000218e-01
5.115433421200513840e+04,-2.788530000000000175e-01,-1.095750000000000057e-01,-4.463750000000000218e-01
5.143074213683605194e+04,-3.450250000000000261e-01,-1.855650000000000077e-01,-5.122679999999999456e-01
5.143702413719892502e+04,-4.091270000000000184e-01,-2.684219999999999939e-01,-5.833350000000000479e-01
5.145901114833354950e+04,-4.743269999999999986e-01,-3.353610000000000202e-01,-6.387629999999999697e-01
5.162862508744001389e+04,-4.091270000000000184e-01,-2.684219999999999939e-01,-5.833350000000000479e-01
5.178567501592636108e+04,-4.143020000000000036e-01,-2.601350000000000051e-01,-5.828999999999999737e-01
5.200240395742654800e+04,-4.790039999999999853e-01,-3.472540000000000071e-01,-6.566870000000000207e-01
5.225682488107681274e+04,-4.790039999999999853e-01,-3.472540000000000071e-01,-6.566870000000000207e-01
5.242957980042695999e+04,-5.466379999999999573e-01,-4.174809999999999910e-01,-7.106909999999999616e-01
5.252380977541208267e+04,-5.466379999999999573e-01,-4.174809999999999910e-01,-7.106909999999999616e-01
5.253951475638151169e+04,-6.096890000000000365e-01,-4.903970000000000273e-01,-7.698099999999999943e-01
5.257406576812267303e+04,-6.096890000000000365e-01,-4.903970000000000273e-01,-7.698099999999999943e-01
5.264944975215196609e+04,-6.746990000000000487e-01,-5.717680000000000540e-01,-8.304740000000000455e-01
5.272483371627330780e+04,-6.757459999999999578e-01,-5.744850000000000234e-01,-8.345059999999999700e-01
5.337816152125597000e+04,-6.757459999999999578e-01,-5.744850000000000234e-01,-8.345059999999999700e-01
5.359489046281576157e+04,-6.757459999999999578e-01,-5.744850000000000234e-01,-8.345059999999999700e-01
5.365142842584848404e+04,-6.106740000000000501e-01,-4.879439999999999888e-01,-7.693769999999999776e-01
5.371110740906000137e+04,-6.757459999999999578e-01,-5.744850000000000234e-01,-8.345059999999999700e-01
5.373937639063596725e+04,-6.075009999999999577e-01,-4.918000000000000149e-01,-7.671099999999999586e-01
5.397495132327079773e+04,-6.075009999999999577e-01,-4.918000000000000149e-01,-7.671099999999999586e-01
5.419482124501466751e+04,-6.721829999999999750e-01,-5.606750000000000345e-01,-8.158499999999999641e-01
5.421680823624134064e+04,-6.756320000000000103e-01,-5.751020000000000021e-01,-8.331460000000000532e-01
5.422623124670982361e+04,-6.112600000000000255e-01,-4.885039999999999938e-01,-7.669540000000000246e-01
5.427020521908998489e+04,-5.471420000000000172e-01,-4.184590000000000254e-01,-7.148820000000000174e-01
5.429533321040868759e+04,-6.112600000000000255e-01,-4.885039999999999938e-01,-7.669540000000000246e-01
5.444296017831563950e+04,-6.116030000000000078e-01,-4.900950000000000029e-01,-7.669540000000000246e-01
5.454661313390731812e+04,-6.116030000000000078e-01,-4.900950000000000029e-01,-7.669540000000000246e-01
5.474135509425401688e+04,-6.116030000000000078e-01,-4.900950000000000029e-01,-7.669540000000000246e-01
5.476334208542108536e+04,-6.116030000000000078e-01,-4.900950000000000029e-01,-7.669540000000000246e-01
5.481045706796646118e+04,-5.488290000000000113e-01,-4.174809999999999910e-01,-7.106909999999999616e-01
5.488584104204177856e+04,-4.817420000000000035e-01,-3.478870000000000018e-01,-6.566870000000000207e-01
5.506487800163030624e+04,-4.858750000000000013e-01,-3.306780000000000275e-01,-6.405049999999999910e-01
5.521250495952367783e+04,-4.197620000000000240e-01,-2.557539999999999814e-01,-5.777290000000000481e-01
5.521878695982694626e+04,-4.197620000000000240e-01,-2.557539999999999814e-01,-5.777290000000000481e-01
5.525333794170618057e+04,-4.177049999999999930e-01,-2.627140000000000031e-01,-5.844260000000000010e-01
5.527532492291927338e+04,-4.158709999999999907e-01,-2.550129999999999897e-01,-5.768849999999999811e-01
5.544807987213134766e+04,-4.817420000000000035e-01,-3.478870000000000018e-01,-6.566870000000000207e-01
5.550461784523725510e+04,-4.832960000000000034e-01,-3.297289999999999943e-01,-6.390249999999999542e-01
5.563339880216121674e+04,-4.832960000000000034e-01,-3.297289999999999943e-01,-6.390249999999999542e-01
5.563653982228040695e+04,-4.177049999999999930e-01,-2.627140000000000031e-01,-5.844260000000000010e-01
5.572448778700828552e+04,-4.176110000000000100e-01,-2.614119999999999777e-01,-5.839550000000000018e-01
5.575589778864383698e+04,-4.176110000000000100e-01,-2.614119999999999777e-01,-5.839550000000000018e-01
5.575903877884149551e+04,-4.167489999999999806e-01,-2.637010000000000187e-01,-5.812140000000000084e-01
5.601345969247817993e+04,-3.512270000000000114e-01,-2.020849999999999869e-01,-5.312409999999999632e-01
5.603230568349361420e+04,-3.512270000000000114e-01,-2.020849999999999869e-01,-5.312409999999999632e-01
5.604486968415975571e+04,-3.512270000000000114e-01,-2.020849999999999869e-01,-5.312409999999999632e-01
5.617993265140056610e+04,-3.512270000000000114e-01,-2.020849999999999869e-01,-5.312409999999999632e-01
5.627730360668897629e+04,-3.512270000000000114e-01,-2.020849999999999869e-01,-5.312409999999999632e-01
5.631185461843013763e+04,-3.512270000000000114e-01,-2.020849999999999869e-01,-5.312409999999999632e-01
5.640294357335567474e+04,-2.858640000000000070e-01,-1.279740000000000044e-01,-4.707069999999999865e-01
5.658512151318788528e+04,-3.518009999999999748e-01,-1.964349999999999985e-01,-5.287100000000000133e-01
5.665108249664306641e+04,-3.518009999999999748e-01,-1.964349999999999985e-01,-5.287100000000000133e-01
5.687723444873094559e+04,-2.858640000000000070e-01,-1.279740000000000044e-01,-4.707069999999999865e-01
5.691806744098663330e+04,-2.196410000000000029e-01,-5.327099999999999891e-02,-4.015210000000000168e-01
5.706883537912368774e+04,-2.843209999999999904e-01,-1.238589999999999969e-01,-4.641319999999999890e-01
5.747716527098417282e+04,-3.487040000000000139e-01,-1.892909999999999870e-01,-5.153210000000000290e-01
5.749287026184797287e+04,-2.819989999999999997e-01,-1.236840000000000023e-01,-4.596799999999999775e-01
5.781011116874217987e+04,-2.819989999999999997e-01,-1.236840000000000023e-01,-4.596799999999999775e-01
5.782895713984966278e+04,-2.803379999999999761e-01,-1.060829999999999967e-01,-4.441640000000000033e-01
5.794517409610748291e+04,-2.770239999999999925e-01,-1.105700000000000016e-01,-4.466169999999999862e-01
5.806767308259010315e+04,-2.116979999999999973e-01,-4.188299999999999662e-02,-3.856580000000000008e-01
5.809908308428525925e+04,-2.116979999999999973e-01,-4.188299999999999662e-02,-3.856580000000000008e-01
5.825927403283119202e+04,-2.770239999999999925e-01,-1.105700000000000016e-01,-4.466169999999999862e-01
5.846657994407415390e+04,-3.450250000000000261e-01,-1.855650000000000077e-01,-5.122679999999999456e-01
5.853254092752933502e+04,-4.108439999999999870e-01,-2.637189999999999812e-01,-5.803359999999999630e-01
5.855138692855834961e+04,-4.108439999999999870e-01,-2.637189999999999812e-01,-5.803359999999999630e-01
5.858907893055677414e+04,-4.091270000000000184e-01,-2.684219999999999939e-01,-5.833350000000000479e-01
5.888747382652759552e+04,-4.108439999999999870e-01,-2.637189999999999812e-01,-5.803359999999999630e-01
5.890317881745100021e+04,-4.108439999999999870e-01,-2.637189999999999812e-01,-5.803359999999999630e-01
5.899740879249572754e+04,-3.450250000000000261e-01,-1.855650000000000077e-01,-5.122679999999999456e-01
5.902253678381443024e+04,-3.450250000000000261e-01,-1.855650000000000077e-01,-5.122679999999999456e-01
5.907593377667665482e+04,-4.108439999999999870e-01,-2.637189999999999812e-01,-5.803359999999999630e-01
5.909163876754045486e+04,-4.126090000000000035e-01,-2.684219999999999939e-01,-5.838060000000000471e-01
5.947169966787099838e+04,-4.126090000000000035e-01,-2.684219999999999939e-01,-5.838060000000000471e-01
5.977951755440235138e+04,-4.103870000000000018e-01,-2.686149999999999927e-01,-5.903519999999999879e-01
5.983919654756784439e+04,-4.745400000000000174e-01,-3.399809999999999777e-01,-6.500209999999999599e-01
5.995855451393127441e+04,-4.745400000000000174e-01,-3.399809999999999777e-01,-6.500209999999999599e-01
6.023182140868902206e+04,-4.745400000000000174e-01,-3.399809999999999777e-01,-6.500209999999999599e-01
6.047367834162712097e+04,-4.745400000000000174e-01,-3.399809999999999777e-01,-6.500209999999999599e-01
6.050822932350635529e+04,-4.745400000000000174e-01,-3.399809999999999777e-01,-6.500209999999999599e-01
6.051451132386922836e+04,-4.745400000000000174e-01,-3.399809999999999777e-01,-6.500209999999999599e-01
6.054278033524751663e+04,-5.400319999999999565e-01,-4.096679999999999766e-01,-7.054150000000000142e-01
6.065899729150533676e+04,-5.400319999999999565e-01,-4.096679999999999766e-01,-7.054150000000000142e-01
6.083175225073099136e+04,-5.400319999999999565e-01,-4.096679999999999766e-01,-7.054150000000000142e-01
6.089457222414016724e+04,-5.400319999999999565e-01,-4.096679999999999766e-01,-7.054150000000000142e-01
6.094482822680473328e+04,-6.046160000000000423e-01,-4.752970000000000250e-01,-7.547970000000000512e-01
6.100136619985103607e+04,-6.046160000000000423e-01,-4.752970000000000250e-01,-7.547970000000000512e-01
6.105162217259407043e+04,-6.046160000000000423e-01,-4.752970000000000250e-01,-7.547970000000000512e-01
6.118668512988090515e+04,-6.698499999999999455e-01,-5.635580000000000034e-01,-8.213190000000000213e-01
6.128719709521532059e+04,-6.046160000000000423e-01,-4.752970000000000250e-01,-7.547970000000000512e-01
6.141283706200122833e+04,-5.404170000000000362e-01,-4.097919999999999896e-01,-7.015109999999999957e-01
6.144110604351758957e+04,-5.402740000000000320e-01,-4.107739999999999725e-01,-7.063369999999999926e-01
6.173635994929075241e+04,-6.044749999999999845e-01,-4.785969999999999946e-01,-7.584729999999999528e-01
6.175834696042537689e+04,-6.697049999999999947e-01,-5.739330000000000265e-01,-8.313530000000000086e-01
6.189026889759302139e+04,-6.697049999999999947e-01,-5.739330000000000265e-01,-8.313530000000000086e-01
6.191853790897130966e+04,-6.697049999999999947e-01,-5.739330000000000265e-01,-8.313530000000000086e-01
6.192481988942623138e+04,-6.697049999999999947e-01,-5.739330000000000265e-01,-8.313530000000000086e-01
6.200334486359357834e+04,-6.697049999999999947e-01,-5.739330000000000265e-01,-8.313530000000000086e-01
6.203789584547281265e+04,-6.703040000000000109e-01,-5.613019999999999676e-01,-8.093989999999999796e-01
6.220436880439519882e+04,-6.697049999999999947e-01,-5.739330000000000265e-01,-8.313530000000000086e-01
6.224520179659128189e+04,-6.697049999999999947e-01,-5.739330000000000265e-01,-8.313530000000000086e-01
6.244308475714921951e+04,-7.351659999999999862e-01,-6.458920000000000217e-01,-8.754929999999999657e-01
6.245564872789382935e+04,-7.351659999999999862e-01,-6.458920000000000217e-01,-8.754929999999999657e-01
6.253103272181749344e+04,-7.343169999999999975e-01,-6.308690000000000131e-01,-8.622809999999999642e-01
6.261583967643976212e+04,-6.690869999999999873e-01,-5.613080000000000291e-01,-8.188670000000000115e-01
6.277603063505887985e+04,-6.690869999999999873e-01,-5.613080000000000291e-01,-8.188670000000000115e-01
6.279801762628555298e+04,-6.690869999999999873e-01,-5.613080000000000291e-01,-8.188670000000000115e-01
6.296763160526752472e+04,-6.690869999999999873e-01,-5.613080000000000291e-01,-8.188670000000000115e-01
6.301160557770729065e+04,-6.690869999999999873e-01,-5.613080000000000291e-01,-8.188670000000000115e-01
6.304929756963253021e+04,-6.033500000000000529e-01,-4.762660000000000227e-01,-7.544800000000000395e-01
6.320320651793479919e+04,-6.033500000000000529e-01,-4.762660000000000227e-01,-7.544800000000000395e-01
6.323775749975442886e+04,-5.404170000000000362e-01,-4.097919999999999896e-01,-7.015109999999999957e-01
6.362724137067794800e+04,-6.042070000000000496e-01,-4.775989999999999958e-01,-7.533400000000000096e-01
6.369948435443639755e+04,-6.042070000000000496e-01,-4.775989999999999958e-01,-7.533400000000000096e-01
6.381256032055616379e+04,-5.404170000000000362e-01,-4.097919999999999896e-01,-7.015109999999999957e-01
6.392249527651071548e+04,-5.404170000000000362e-01,-4.097919999999999896e-01,-7.015109999999999957e-01
6.409210922557115555e+04,-5.404170000000000362e-01,-4.097919999999999896e-01,-7.015109999999999957e-01
6.419890320128202438e+04,-5.388389999999999569e-01,-4.158899999999999819e-01,-7.095050000000000523e-01
6.434024814891815186e+04,-5.388389999999999569e-01,-4.158899999999999819e-01,-7.095050000000000523e-01
6.435909414988756180e+04,-5.388389999999999569e-01,-4.158899999999999819e-01,-7.095050000000000523e-01
6.444390113437175751e+04,-5.388389999999999569e-01,-4.158899999999999819e-01,-7.095050000000000523e-01
6.448159310644865036e+04,-5.388389999999999569e-01,-4.158899999999999819e-01,-7.095050000000000523e-01
6.461665606373548508e+04,-5.404170000000000362e-01,-4.097919999999999896e-01,-7.015109999999999957e-01
6.479255201315879822e+04,-5.404170000000000362e-01,-4.097919999999999896e-01,-7.015109999999999957e-01
6.490248699897527695e+04,-5.404170000000000362e-01,-4.097919999999999896e-01,-7.015109999999999957e-01
6.505953692746162415e+04,-4.753569999999999740e-01,-3.376759999999999762e-01,-6.434670000000000112e-01
6.514434390193223953e+04,-4.112509999999999777e-01,-2.731390000000000207e-01,-5.913829999999999920e-01
6.524171485722064972e+04,-4.112509999999999777e-01,-2.731390000000000207e-01,-5.913829999999999920e-01
6.535479082328081131e+04,-4.112509999999999777e-01,-2.731390000000000207e-01,-5.913829999999999920e-01
6.549613578087091446e+04,-4.112509999999999777e-01,-2.731390000000000207e-01,-5.913829999999999920e-01
6.561549374723434448e+04,-4.103870000000000018e-01,-2.686149999999999927e-01,-5.903519999999999879e-01
6.571914670282602310e+04,-4.112509999999999777e-01,-2.731390000000000207e-01,-5.913829999999999920e-01
6.588561966174840927e+04,-4.112509999999999777e-01,-2.731390000000000207e-01,-5.913829999999999920e-01
6.597670864659547806e+04,-4.112509999999999777e-01,-2.731390000000000207e-01,-5.913829999999999920e-01
6.603952862000465393e+04,-4.112509999999999777e-01,-2.731390000000000207e-01,-5.913829999999999920e-01
6.605523361086845398e+04,-3.449599999999999889e-01,-2.030409999999999993e-01,-5.330740000000000478e-01
6.620600156891345978e+04,-4.082180000000000253e-01,-2.743849999999999900e-01,-5.940999999999999615e-01
6.677452241933345795e+04,-4.082180000000000253e-01,-2.743849999999999900e-01,-5.940999999999999615e-01
6.683420140254497528e+04,-3.449599999999999889e-01,-2.030409999999999993e-01,-5.330740000000000478e-01
6.697240532994270325e+04,-3.449599999999999889e-01,-2.030409999999999993e-01,-5.330740000000000478e-01
6.701323831218481064e+04,-2.840559999999999752e-01,-1.426810000000000023e-01,-4.810260000000000091e-01
6.704150732362270355e+04,-3.475440000000000196e-01,-2.044640000000000069e-01,-5.335309999999999775e-01
6.726451821565628052e+04,-3.475440000000000196e-01,-2.044640000000000069e-01,-5.335309999999999775e-01
6.737759419173002243e+04,-4.082180000000000253e-01,-2.743849999999999900e-01,-5.940999999999999615e-01
6.751579814910888672e+04,-4.082180000000000253e-01,-2.743849999999999900e-01,-5.940999999999999615e-01
6.784246206659078598e+04,-3.449599999999999889e-01,-2.030409999999999993e-01,-5.330740000000000478e-01
6.788957701921463013e+04,-4.082180000000000253e-01,-2.743849999999999900e-01,-5.940999999999999615e-01
6.790842305010557175e+04,-4.082180000000000253e-01,-2.743849999999999900e-01,-5.940999999999999615e-01
6.795239702248573303e+04,-4.726029999999999953e-01,-3.401460000000000039e-01,-6.486469999999999736e-01
6.809688298022747040e+04,-4.753569999999999740e-01,-3.376759999999999762e-01,-6.434670000000000112e-01
6.845181585931777954e+04,-4.779419999999999780e-01,-3.305969999999999742e-01,-6.372259999999999591e-01
6.846123887979984283e+04,-4.177049999999999930e-01,-2.627140000000000031e-01,-5.844260000000000010e-01
6.877847974681854248e+04,-4.177049999999999930e-01,-2.627140000000000031e-01,-5.844260000000000010e-01
6.880360774809122086e+04,-4.832960000000000034e-01,-3.297289999999999943e-01,-6.390249999999999542e-01
6.885700473099946976e+04,-5.505409999999999471e-01,-4.190619999999999901e-01,-7.158259999999999623e-01
6.897008069700002670e+04,-4.865979999999999750e-01,-3.478740000000000165e-01,-6.594189999999999774e-01
6.903290067040920258e+04,-4.865979999999999750e-01,-3.478740000000000165e-01,-6.594189999999999774e-01
6.936270555812120438e+04,-4.865979999999999750e-01,-3.478740000000000165e-01,-6.594189999999999774e-01
6.954488349789381027e+04,-4.817420000000000035e-01,-3.478870000000000018e-01,-6.566870000000000207e-01
6.973334343802928925e+04,-4.817420000000000035e-01,-3.478870000000000018e-01,-6.566870000000000207e-01
7.005058433502912521e+04,-4.817420000000000035e-01,-3.478870000000000018e-01,-6.566870000000000207e-01
7.007885334652662277e+04,-4.817420000000000035e-01,-3.478870000000000018e-01,-6.566870000000000207e-01
7.035212028110027313e+04,-4.832960000000000034e-01,-3.297289999999999943e-01,-6.390249999999999542e-01
7.044006824582815170e+04,-4.832960000000000034e-01,-3.297289999999999943e-01,-6.390249999999999542e-01
7.076045010304450989e+04,-4.832960000000000034e-01,-3.297289999999999943e-01,-6.390249999999999542e-01
7.131640692287683487e+04,-4.832960000000000034e-01,-3.297289999999999943e-01,-6.390249999999999542e-01
7.193832473617792130e+04,-4.832960000000000034e-01,-3.297289999999999943e-01,-6.390249999999999542e-01
7.204197770172357559e+04,-5.493299999999999850e-01,-4.184510000000000174e-01,-7.132549999999999724e-01
7.213306668663024902e+04,-5.482010000000000494e-01,-4.171480000000000188e-01,-7.106909999999999616e-01
7.251312752705812454e+04,-5.482010000000000494e-01,-4.171480000000000188e-01,-7.106909999999999616e-01
7.272671545851230621e+04,-5.482010000000000494e-01,-4.171480000000000188e-01,-7.106909999999999616e-01
7.281780444329977036e+04,-5.513479999999999492e-01,-4.130770000000000275e-01,-7.087379999999999791e-01
7.283665044432878494e+04,-5.525830000000000464e-01,-4.132890000000000175e-01,-7.085930000000000284e-01
7.316645532196760178e+04,-4.882059999999999733e-01,-3.376930000000000209e-01,-6.481170000000000542e-01
7.316959630221128464e+04,-4.882059999999999733e-01,-3.376930000000000209e-01,-6.481170000000000542e-01
7.344286323684453964e+04,-4.899319999999999786e-01,-3.396330000000000182e-01,-6.505549999999999944e-01
7.366587414878606796e+04,-4.892159999999999842e-01,-3.404159999999999964e-01,-6.519279999999999520e-01
7.379151412552595139e+04,-5.574879999999999836e-01,-4.329700000000000215e-01,-7.348940000000000472e-01
7.382606511741876602e+04,-5.574879999999999836e-01,-4.329700000000000215e-01,-7.348940000000000472e-01
7.400510206693410873e+04,-4.914600000000000080e-01,-3.403579999999999939e-01,-6.551259999999999861e-01
7.436945791649818420e+04,-4.914600000000000080e-01,-3.403579999999999939e-01,-6.551259999999999861e-01
7.446682887178659439e+04,-4.892159999999999842e-01,-3.404159999999999964e-01,-6.519279999999999520e-01
7.487829972386360168e+04,-4.892159999999999842e-01,-3.404159999999999964e-01,-6.519279999999999520e-01
7.530547559672594070e+04,-5.550840000000000218e-01,-4.130770000000000275e-01,-7.094799999999999995e-01
7.537457759034633636e+04,-5.573489999999999833e-01,-4.121650000000000036e-01,-7.123230000000000395e-01
7.542169255298376083e+04,-5.573489999999999833e-01,-4.121650000000000036e-01,-7.123230000000000395e-01
7.583316344499588013e+04,-4.923500000000000099e-01,-3.385850000000000248e-01,-6.518730000000000357e-01
7.593053440028429031e+04,-5.573489999999999833e-01,-4.121650000000000036e-01,-7.123230000000000395e-01
7.665296417891979218e+04,-5.573489999999999833e-01,-4.121650000000000036e-01,-7.123230000000000395e-01
7.699219206714630127e+04,-6.212079999999999824e-01,-5.107429999999999470e-01,-7.932989999999999764e-01
7.726859999191761017e+04,-6.882479999999999709e-01,-5.784869999999999735e-01,-8.395860000000000545e-01
7.741308593970537186e+04,-6.878020000000000245e-01,-5.738069999999999560e-01,-8.371579999999999577e-01
7.781827480149269104e+04,-6.877060000000000395e-01,-5.751429999999999598e-01,-8.393950000000000022e-01
7.797218376970291138e+04,-6.203440000000000065e-01,-5.059679999999999733e-01,-7.933449999999999669e-01
7.802872176265716553e+04,-6.203440000000000065e-01,-5.059679999999999733e-01,-7.933449999999999669e-01
7.811666973739862442e+04,-6.203440000000000065e-01,-5.059679999999999733e-01,-7.933449999999999669e-01
7.817634872061014175e+04,-6.241879999999999651e-01,-5.109350000000000280e-01,-7.963449999999999696e-01
7.839621861243247986e+04,-6.241879999999999651e-01,-5.109350000000000280e-01,-7.963449999999999696e-01
7.859724255317449570e+04,-5.584170000000000522e-01,-4.334509999999999752e-01,-7.347270000000000190e-01
7.885794546717405319e+04,-5.579960000000000475e-01,-4.130770000000000275e-01,-7.161859999999999893e-01
7.906211040806770325e+04,-4.933489999999999820e-01,-3.396330000000000182e-01,-6.548349999999999449e-01
7.910608438044786453e+04,-4.933489999999999820e-01,-3.396330000000000182e-01,-6.548349999999999449e-01
7.930082632088661194e+04,-5.617609999999999548e-01,-4.390109999999999846e-01,-7.416749999999999732e-01
7.930710832124948502e+04,-5.574879999999999836e-01,-4.329700000000000215e-01,-7.348940000000000472e-01
7.940762028664350510e+04,-5.574879999999999836e-01,-4.329700000000000215e-01,-7.348940000000000472e-01
7.945787627929449081e+04,-6.206690000000000262e-01,-5.107429999999999470e-01,-7.963289999999999536e-01
7.973428419411182404e+04,-6.206690000000000262e-01,-5.107429999999999470e-01,-7.963289999999999536e-01
7.991018013352155685e+04,-6.212079999999999824e-01,-5.107429999999999470e-01,-7.932989999999999764e-01
8.002325609964132309e+04,-6.206690000000000262e-01,-5.107429999999999470e-01,-7.963289999999999536e-01
8.007665308248996735e+04,-6.192360000000000086e-01,-4.836059999999999803e-01,-7.672160000000000091e-01
8.010178106391429901e+04,-6.192360000000000086e-01,-4.836059999999999803e-01,-7.672160000000000091e-01
8.069228887552022934e+04,-6.853500000000000147e-01,-5.751429999999999598e-01,-8.382190000000000474e-01
8.086504381471872330e+04,-6.853500000000000147e-01,-5.751429999999999598e-01,-8.382190000000000474e-01
8.087446683520078659e+04,-6.853500000000000147e-01,-5.751429999999999598e-01,-8.382190000000000474e-01
8.096555579018592834e+04,-6.154150000000000453e-01,-4.873190000000000022e-01,-7.672160000000000091e-01
8.107234976583719254e+04,-5.513479999999999492e-01,-4.130770000000000275e-01,-7.087379999999999791e-01
8.108491375648975372e+04,-5.525830000000000464e-01,-4.132890000000000175e-01,-7.085930000000000284e-01
8.154035862094163895e+04,-5.550810000000000466e-01,-4.121170000000000111e-01,-7.103559999999999874e-01
8.163144760578870773e+04,-6.192360000000000086e-01,-4.836059999999999803e-01,-7.672160000000000091e-01
8.165343456709384918e+04,-6.178240000000000398e-01,-4.833799999999999764e-01,-7.669540000000000246e-01
8.197067548400163651e+04,-5.556780000000000053e-01,-4.130770000000000275e-01,-7.161859999999999893e-01
8.200522646588087082e+04,-5.556780000000000053e-01,-4.130770000000000275e-01,-7.161859999999999893e-01
8.247323533093929291e+04,-5.579960000000000475e-01,-4.130770000000000275e-01,-7.161859999999999893e-01
8.279989918851852417e+04,-5.555870000000000530e-01,-4.130770000000000275e-01,-7.137989999999999613e-01
8.298835915851593018e+04,-5.573489999999999833e-01,-4.121650000000000036e-01,-7.123230000000000395e-01
8.349720097589492798e+04,-6.200870000000000548e-01,-5.102780000000000094e-01,-7.922259999999999858e-01
8.350662396639585495e+04,-6.200870000000000548e-01,-5.102780000000000094e-01,-7.922259999999999858e-01
8.360085395133495331e+04,-6.200870000000000548e-01,-5.102780000000000094e-01,-7.922259999999999858e-01
8.413796480017900467e+04,-6.161900000000000155e-01,-4.874229999999999952e-01,-7.672160000000000091e-01
8.419450276327133179e+04,-5.525830000000000464e-01,-4.132890000000000175e-01,-7.085930000000000284e-01
8.424161774581670761e+04,-6.139959999999999862e-01,-4.875349999999999961e-01,-7.671829999999999483e-01
8.434527072125673294e+04,-6.139959999999999862e-01,-4.875349999999999961e-01,-7.671829999999999483e-01
8.449289765918254852e+04,-6.838999999999999524e-01,-5.750680000000000236e-01,-8.380990000000000384e-01
8.503629047828912735e+04,-6.838999999999999524e-01,-5.750680000000000236e-01,-8.380990000000000384e-01
8.551058131378889084e+04,-6.841319999999999624e-01,-5.751429999999999598e-01,-8.379510000000000014e-01
8.606025615328550339e+04,-6.841319999999999624e-01,-5.751429999999999598e-01,-8.379510000000000014e-01
8.650941898733377457e+04,-7.482830000000000314e-01,-6.471580000000000110e-01,-8.832539999999999836e-01
8.652198298799991608e+04,-6.841319999999999624e-01,-5.751429999999999598e-01,-8.379510000000000014e-01
8.663819994425773621e+04,-6.841319999999999624e-01,-5.751429999999999598e-01,-8.379510000000000014e-01
8.667275092607736588e+04,-6.869309999999999583e-01,-5.751429999999999598e-01,-8.386879999999999891e-01
8.681095488351583481e+04,-6.841319999999999624e-01,-5.751429999999999598e-01,-8.379510000000000014e-01
8.688947986763715744e+04,-6.841319999999999624e-01,-5.751429999999999598e-01,-8.379510000000000014e-01
8.704967079633474350e+04,-6.838999999999999524e-01,-5.750680000000000236e-01,-8.380990000000000384e-01
8.717531077301502228e+04,-6.838999999999999524e-01,-5.750680000000000236e-01,-8.380990000000000384e-01
8.739203968465328217e+04,-6.838999999999999524e-01,-5.750680000000000236e-01,-8.380990000000000384e-01
8.794799651449918747e+04,-6.178240000000000398e-01,-4.959279999999999800e-01,-7.824529999999999541e-01
8.800453450745344162e+04,-6.863390000000000324e-01,-5.750680000000000236e-01,-8.384920000000000151e-01
8.822440440934896469e+04,-6.863390000000000324e-01,-5.750680000000000236e-01,-8.384920000000000151e-01
8.840658233910799026e+04,-6.178240000000000398e-01,-4.959279999999999800e-01,-7.824529999999999541e-01
8.842856936025619507e+04,-6.195659999999999501e-01,-5.108489999999999975e-01,-7.966330000000000355e-01
8.871754124569892883e+04,-5.555870000000000530e-01,-4.130770000000000275e-01,-7.137989999999999613e-01
8.873010524636507034e+04,-5.550810000000000466e-01,-4.121170000000000111e-01,-7.103559999999999874e-01
8.879606621003150940e+04,-6.158339999999999925e-01,-4.873190000000000022e-01,-7.672160000000000091e-01
8.890286017572879791e+04,-6.158339999999999925e-01,-4.873190000000000022e-01,-7.672160000000000091e-01
8.897824417966604233e+04,-6.158339999999999925e-01,-4.873190000000000022e-01,-7.672160000000000091e-01
8.949022700715065002e+04,-6.228270000000000195e-01,-5.108489999999999975e-01,-7.933160000000000212e-01
8.954048297989368439e+04,-5.613099999999999756e-01,-4.329700000000000215e-01,-7.334370000000000056e-01
9.010900378036499023e+04,-5.613099999999999756e-01,-4.329700000000000215e-01,-7.334370000000000056e-01
9.020323374539613724e+04,-5.591129999999999711e-01,-4.359979999999999967e-01,-7.382180000000000408e-01
9.045137264865636826e+04,-5.591129999999999711e-01,-4.359979999999999967e-01,-7.382180000000000408e-01
9.081258754801750183e+04,-5.592559999999999754e-01,-4.356019999999999892e-01,-7.389569999999999750e-01
9.087226653122901917e+04,-6.223589999999999955e-01,-5.095340000000000424e-01,-7.971620000000000372e-01
9.110784144383668900e+04,-6.228270000000000195e-01,-5.108489999999999975e-01,-7.933160000000000212e-01
9.149418431460857391e+04,-6.228270000000000195e-01,-5.108489999999999975e-01,-7.933160000000000212e-01
9.157899128913879395e+04,-6.203610000000000513e-01,-5.082020000000000426e-01,-7.901460000000000150e-01
9.161354227095842361e+04,-6.203610000000000513e-01,-5.082020000000000426e-01,-7.901460000000000150e-01
9.166379825365543365e+04,-5.560580000000000522e-01,-4.132890000000000175e-01,-7.096930000000000183e-01
9.178001519989967346e+04,-4.911070000000000157e-01,-3.404889999999999861e-01,-6.513200000000000101e-01
9.180200219106674194e+04,-4.911070000000000157e-01,-3.404889999999999861e-01,-6.513200000000000101e-01
9.184597618341445923e+04,-5.560580000000000522e-01,-4.132890000000000175e-01,-7.096930000000000183e-01
9.216321707046031952e+04,-5.560580000000000522e-01,-4.132890000000000175e-01,-7.096930000000000183e-01
9.254327792090177536e+04,-4.881989999999999941e-01,-3.389820000000000055e-01,-6.500270000000000215e-01
9.255898294168710709e+04,-4.860900000000000221e-01,-3.295230000000000103e-01,-6.420839999999999881e-01
9.259353392350673676e+04,-4.860900000000000221e-01,-3.295230000000000103e-01,-6.420839999999999881e-01
9.265949490708112717e+04,-4.902699999999999836e-01,-3.435460000000000180e-01,-6.547460000000000502e-01
9.348557762134075165e+04,-4.882059999999999733e-01,-3.376930000000000209e-01,-6.481170000000000542e-01
9.357038460588455200e+04,-4.882059999999999733e-01,-3.376930000000000209e-01,-6.481170000000000542e-01
9.362064056861400604e+04,-5.474090000000000344e-01,-4.161190000000000166e-01,-7.109860000000000069e-01
9.383422851002216339e+04,-5.474090000000000344e-01,-4.161190000000000166e-01,-7.109860000000000069e-01
9.404467541134357452e+04,-6.112600000000000255e-01,-4.885039999999999938e-01,-7.669540000000000246e-01
9.417031537801027298e+04,-6.787009999999999987e-01,-5.807060000000000555e-01,-8.376069999999999904e-01
9.417659737837314606e+04,-6.120240000000000125e-01,-4.906179999999999986e-01,-7.678120000000000500e-01
9.428025034397840500e+04,-6.787009999999999987e-01,-5.807060000000000555e-01,-8.376069999999999904e-01
9.429595535475015640e+04,-6.787009999999999987e-01,-5.807060000000000555e-01,-8.376069999999999904e-01
9.465717020416259766e+04,-6.787009999999999987e-01,-5.807060000000000555e-01,-8.376069999999999904e-01
9.480793818217515945e+04,-6.784139999999999615e-01,-5.783230000000000315e-01,-8.367240000000000233e-01
9.482050218284130096e+04,-6.784139999999999615e-01,-5.783230000000000315e-01,-8.367240000000000233e-01
9.492729614859819412e+04,-6.757459999999999578e-01,-5.744850000000000234e-01,-8.345059999999999700e-01
9.547068894785642624e+04,-6.756320000000000103e-01,-5.751020000000000021e-01,-8.331460000000000532e-01
9.549581694918870926e+04,-6.757459999999999578e-01,-5.744850000000000234e-01,-8.345059999999999700e-01
9.575337886285781860e+04,-6.112600000000000255e-01,-4.885039999999999938e-01,-7.669540000000000246e-01
9.575966086322069168e+04,-5.474090000000000344e-01,-4.161190000000000166e-01,-7.109860000000000069e-01
9.594183878302574158e+04,-5.488290000000000113e-01,-4.174809999999999910e-01,-7.106909999999999616e-01
9.595126177358627319e+04,-5.474090000000000344e-01,-4.161190000000000166e-01,-7.109860000000000069e-01
9.709144438469409943e+04,-5.525830000000000464e-01,-4.132890000000000175e-01,-7.085930000000000284e-01
9.751233822727203369e+04,-4.882059999999999733e-01,-3.376930000000000209e-01,-6.481170000000000542e-01
9.761599120283126831e+04,-4.892159999999999842e-01,-3.404159999999999964e-01,-6.519279999999999520e-01
9.775105417007207870e+04,-4.239919999999999800e-01,-2.862520000000000064e-01,-6.097709999999999519e-01
9.792066810917854309e+04,-4.892159999999999842e-01,-3.404159999999999964e-01,-6.519279999999999520e-01
9.806515406692028046e+04,-4.892159999999999842e-01,-3.404159999999999964e-01,-6.519279999999999520e-01
9.825989598733186722e+04,-4.883580000000000143e-01,-3.389820000000000055e-01,-6.480550000000000477e-01
9.852373989146947861e+04,-4.883580000000000143e-01,-3.389820000000000055e-01,-6.480550000000000477e-01
9.874989182358980179e+04,-4.883580000000000143e-01,-3.389820000000000055e-01,-6.480550000000000477e-01
9.878758381551504135e+04,-5.555870000000000530e-01,-4.130770000000000275e-01,-7.137989999999999613e-01
9.893835176366567612e+04,-4.912670000000000092e-01,-3.415119999999999822e-01,-6.548349999999999449e-01
9.917706769645214081e+04,-4.912670000000000092e-01,-3.415119999999999822e-01,-6.548349999999999449e-01
9.936552762657403946e+04,-4.912670000000000092e-01,-3.415119999999999822e-01,-6.548349999999999449e-01
9.957597455787658691e+04,-4.910809999999999897e-01,-3.396330000000000182e-01,-6.518119999999999470e-01
1.000188553916215897e+05,-4.910809999999999897e-01,-3.396330000000000182e-01,-6.518119999999999470e-01
1.012218579761385918e+05,-4.910809999999999897e-01,-3.396330000000000182e-01,-6.518119999999999470e-01
1.017621098050475121e+05,-4.911349999999999882e-01,-3.347010000000000263e-01,-6.482240000000000224e-01
1.025913334994912148e+05,-4.911349999999999882e-01,-3.347010000000000263e-01,-6.482240000000000224e-01
1.026101795005202293e+05,-4.254589999999999761e-01,-2.862520000000000064e-01,-6.100119999999999987e-01
1.026353075018525124e+05,-4.275360000000000271e-01,-2.863620000000000054e-01,-6.110409999999999453e-01
1.027672294390201569e+05,-4.273779999999999801e-01,-2.873899999999999788e-01,-6.109620000000000051e-01
1.036121581542491913e+05,-3.608649999999999913e-01,-2.200570000000000026e-01,-5.515999999999999792e-01
1.039702320135235786e+05,-3.608649999999999913e-01,-2.200570000000000026e-01,-5.515999999999999792e-01
1.045984318171739578e+05,-3.608649999999999913e-01,-2.200570000000000026e-01,-5.515999999999999792e-01
1.049784926776289940e+05,-3.608649999999999913e-01,-2.200570000000000026e-01,-5.515999999999999792e-01
1.054213735412359238e+05,-3.612440000000000095e-01,-2.204689999999999983e-01,-5.512390000000000345e-01
1.057606014094352722e+05,-4.275889999999999969e-01,-2.878220000000000223e-01,-6.110409999999999453e-01
1.057951523913145065e+05,-4.275889999999999969e-01,-2.878220000000000223e-01,-6.110409999999999453e-01
1.060370092943310738e+05,-4.938830000000000164e-01,-3.608450000000000268e-01,-6.723299999999999832e-01
1.061657902512550354e+05,-5.608899999999999997e-01,-4.342790000000000261e-01,-7.348949999999999649e-01
1.061846362522244453e+05,-4.918589999999999907e-01,-3.609390000000000098e-01,-6.746659999999999879e-01
1.066809140887856483e+05,-4.902150000000000118e-01,-3.585760000000000058e-01,-6.746339999999999559e-01
1.067720030736923218e+05,-4.231240000000000001e-01,-2.832689999999999930e-01,-6.092410000000000325e-01
1.069636040039658546e+05,-4.906900000000000150e-01,-3.573270000000000057e-01,-6.723299999999999832e-01
1.070389879979491234e+05,-4.889709999999999890e-01,-3.346549999999999803e-01,-6.482240000000000224e-01
1.072714218804836273e+05,-5.540669999999999762e-01,-4.291229999999999767e-01,-7.314180000000000126e-01
1.073373828539848328e+05,-5.540669999999999762e-01,-4.291229999999999767e-01,-7.314180000000000126e-01
1.075572527857422829e+05,-5.540669999999999762e-01,-4.291229999999999767e-01,-7.314180000000000126e-01
1.076043677682876587e+05,-5.521040000000000392e-01,-4.113910000000000067e-01,-7.137989999999999613e-01
1.079121856547594070e+05,-5.521040000000000392e-01,-4.113910000000000067e-01,-7.137989999999999613e-01
1.079969926093816757e+05,-4.861300000000000066e-01,-3.328929999999999945e-01,-6.482240000000000224e-01
1.081037865850925446e+05,-4.146199999999999886e-01,-2.549750000000000072e-01,-5.801699999999999635e-01
1.084116044815778732e+05,-4.825650000000000217e-01,-3.396850000000000147e-01,-6.517039999999999500e-01
1.084430144731998444e+05,-4.825650000000000217e-01,-3.396850000000000147e-01,-6.517039999999999500e-01
1.089298693094253540e+05,-4.825650000000000217e-01,-3.396850000000000147e-01,-6.517039999999999500e-01
1.094826850790977478e+05,-4.826690000000000147e-01,-3.386759999999999771e-01,-6.494879999999999542e-01
1.095046720901727676e+05,-4.826690000000000147e-01,-3.386759999999999771e-01,-6.494879999999999542e-01
1.096020430454611778e+05,-4.826690000000000147e-01,-3.386759999999999771e-01,-6.494879999999999542e-01
1.097528109934926033e+05,-4.833560000000000079e-01,-3.393829999999999902e-01,-6.496560000000000112e-01
1.099726809052824974e+05,-4.833560000000000079e-01,-3.393829999999999902e-01,-6.496560000000000112e-01
1.100229369079470634e+05,-5.513479999999999492e-01,-4.124900000000000233e-01,-7.112119999999999553e-01
1.100386418888568878e+05,-6.139959999999999862e-01,-4.875349999999999961e-01,-7.671829999999999483e-01
1.100731928707361221e+05,-6.104610000000000314e-01,-4.892580000000000262e-01,-7.691660000000000164e-01
1.103181907938122749e+05,-6.744480000000000475e-01,-5.713439999999999630e-01,-8.309309999999999752e-01
1.105977396988868713e+05,-6.744480000000000475e-01,-5.713439999999999630e-01,-8.309309999999999752e-01
1.108992755750417709e+05,-6.757459999999999578e-01,-5.744850000000000234e-01,-8.345059999999999700e-01
1.111065814961194992e+05,-6.744480000000000475e-01,-5.713439999999999630e-01,-8.309309999999999752e-01
1.111536964886188507e+05,-6.758690000000000531e-01,-5.696269999999999945e-01,-8.287069999999999714e-01
1.123409940722584724e+05,-6.758690000000000531e-01,-5.696269999999999945e-01,-8.287069999999999714e-01
1.129974628574252129e+05,-6.111039999999999806e-01,-4.904080000000000106e-01,-7.686469999999999692e-01
1.132141917591094971e+05,-5.466020000000000323e-01,-4.167850000000000166e-01,-7.112119999999999553e-01
1.135157276452183723e+05,-5.482010000000000494e-01,-4.171480000000000188e-01,-7.106909999999999616e-01
1.137858535297513008e+05,-6.108860000000000401e-01,-4.878199999999999759e-01,-7.669280000000000541e-01
1.139586084789633751e+05,-6.108860000000000401e-01,-4.878199999999999759e-01,-7.669280000000000541e-01
1.139994414612054825e+05,-6.761679999999999913e-01,-5.679750000000000076e-01,-8.272040000000000504e-01
1.144109123033285141e+05,-6.761679999999999913e-01,-5.679750000000000076e-01,-8.272040000000000504e-01
1.145428342702984810e+05,-6.742129999999999512e-01,-5.714900000000000535e-01,-8.287339999999999707e-01
1.145648212515115738e+05,-6.742129999999999512e-01,-5.714900000000000535e-01,-8.287339999999999707e-01
1.146904612281918526e+05,-6.742129999999999512e-01,-5.714900000000000535e-01,-8.287339999999999707e-01
1.148852031486630440e+05,-7.398850000000000149e-01,-6.425610000000000488e-01,-8.777239999999999487e-01
1.152809690299034119e+05,-6.742129999999999512e-01,-5.714900000000000535e-01,-8.287339999999999707e-01
1.156390428791046143e+05,-6.108860000000000401e-01,-4.878199999999999759e-01,-7.669280000000000541e-01
1.158369258196353912e+05,-6.717459999999999543e-01,-5.734839999999999938e-01,-8.266879999999999784e-01
1.158557718206644058e+05,-7.360280000000000156e-01,-6.423090000000000188e-01,-8.740930000000000089e-01
1.159123097937107086e+05,-7.368519999999999515e-01,-6.368819999999999482e-01,-8.683870000000000200e-01
1.159719887769222260e+05,-6.723649999999999904e-01,-5.733089999999999575e-01,-8.268640000000000434e-01
1.161604486970305443e+05,-6.084319999999999729e-01,-4.926760000000000028e-01,-7.669580000000000286e-01
1.162358326711058617e+05,-6.084319999999999729e-01,-4.926760000000000028e-01,-7.669580000000000286e-01
1.163960236196517944e+05,-6.084319999999999729e-01,-4.926760000000000028e-01,-7.669580000000000286e-01
1.166567265336513519e+05,-6.084319999999999729e-01,-4.926760000000000028e-01,-7.669580000000000286e-01
1.166692905343174934e+05,-6.084319999999999729e-01,-4.926760000000000028e-01,-7.669580000000000286e-01
1.170179414229989052e+05,-6.084319999999999729e-01,-4.926760000000000028e-01,-7.669580000000000286e-01
1.171781323715448380e+05,-6.099250000000000504e-01,-4.861929999999999863e-01,-7.678620000000000445e-01
1.171844143419861794e+05,-6.099250000000000504e-01,-4.861929999999999863e-01,-7.678620000000000445e-01
1.173131953088045120e+05,-5.457889999999999686e-01,-4.190729999999999733e-01,-7.152009999999999756e-01
1.173351823000311852e+05,-5.472420000000000062e-01,-4.198169999999999957e-01,-7.149410000000000487e-01
1.177937681246399879e+05,-5.503749999999999476e-01,-4.193410000000000193e-01,-7.151359999999999939e-01
1.178534471078515053e+05,-5.503749999999999476e-01,-4.193410000000000193e-01,-7.151359999999999939e-01
1.179979330655336380e+05,-5.503749999999999476e-01,-4.193410000000000193e-01,-7.151359999999999939e-01
1.180827400201559067e+05,-5.531500000000000306e-01,-4.184910000000000019e-01,-7.139750000000000263e-01
1.180984450309276581e+05,-4.902699999999999836e-01,-3.435460000000000180e-01,-6.547460000000000502e-01
1.181801110053062439e+05,-5.562859999999999472e-01,-4.219769999999999910e-01,-7.204009999999999581e-01
1.182209439874887466e+05,-5.562859999999999472e-01,-4.219769999999999910e-01,-7.204009999999999581e-01
1.182806229707002640e+05,-4.930599999999999983e-01,-3.419530000000000070e-01,-6.551259999999999861e-01
1.185915818474292755e+05,-4.930599999999999983e-01,-3.419530000000000070e-01,-6.551259999999999861e-01
1.187769007973074913e+05,-4.315459999999999852e-01,-2.954689999999999817e-01,-6.215309999999999446e-01
1.188774127626419067e+05,-3.654120000000000146e-01,-2.085079999999999989e-01,-5.417739999999999778e-01
1.188868357532620430e+05,-3.654120000000000146e-01,-2.085079999999999989e-01,-5.417739999999999778e-01
1.189622197172641754e+05,-3.671789999999999776e-01,-2.146240000000000092e-01,-5.471470000000000500e-01
1.191977946399450302e+05,-3.688879999999999937e-01,-2.146240000000000092e-01,-5.470810000000000395e-01
1.195495865387320518e+05,-3.031900000000000150e-01,-1.396699999999999886e-01,-4.819269999999999943e-01
1.199327883892655373e+05,-2.383490000000000053e-01,-8.834599999999999398e-02,-4.391010000000000191e-01
1.202845802481770515e+05,-3.031900000000000150e-01,-1.396699999999999886e-01,-4.819269999999999943e-01
1.209033570313453674e+05,-3.688879999999999937e-01,-2.146240000000000092e-01,-5.470810000000000395e-01
1.209159210320115089e+05,-3.688879999999999937e-01,-2.146240000000000092e-01,-5.470810000000000395e-01
1.212771359214186668e+05,-3.688879999999999937e-01,-2.146240000000000092e-01,-5.470810000000000395e-01
1.213745068666338921e+05,-3.020590000000000219e-01,-1.513289999999999913e-01,-4.952110000000000123e-01
1.213902118774056435e+05,-3.710339999999999749e-01,-2.146240000000000092e-01,-5.484970000000000123e-01
1.214624548513293266e+05,-4.370069999999999788e-01,-2.974280000000000257e-01,-6.217390000000000416e-01
1.220372576221823692e+05,-4.370069999999999788e-01,-2.974280000000000257e-01,-6.217390000000000416e-01
1.224361644735932350e+05,-4.370069999999999788e-01,-2.974280000000000257e-01,-6.217390000000000416e-01
1.224927024666070938e+05,-4.370069999999999788e-01,-2.974280000000000257e-01,-6.217390000000000416e-01
1.226466114148497581e+05,-4.370069999999999788e-01,-2.974280000000000257e-01,-6.217390000000000416e-01
1.227125723882913589e+05,-4.370069999999999788e-01,-2.974280000000000257e-01,-6.217390000000000416e-01
1.229167373193502426e+05,-4.370069999999999788e-01,-2.974280000000000257e-01,-6.217390000000000416e-01
1.235763470547199249e+05,-4.370069999999999788e-01,-2.974280000000000257e-01,-6.217390000000000416e-01
1.239752539260387421e+05,-5.041069999999999718e-01,-3.609390000000000098e-01,-6.733460000000000001e-01
1.248201826413273811e+05,-4.998719999999999830e-01,-3.606070000000000109e-01,-6.721740000000000492e-01
1.248987075956463814e+05,-4.947469999999999923e-01,-3.478609999999999758e-01,-6.564609999999999612e-01
1.250746035449504852e+05,-4.947469999999999923e-01,-3.478609999999999758e-01,-6.564609999999999612e-01
1.250808855153918266e+05,-4.902699999999999836e-01,-3.435460000000000180e-01,-6.547460000000000502e-01
1.256745342971682549e+05,-4.952739999999999920e-01,-3.404159999999999964e-01,-6.551259999999999861e-01
1.262022220954895020e+05,-5.544440000000000479e-01,-4.213399999999999923e-01,-7.212319999999999842e-01
1.262053631056547165e+05,-5.523599999999999621e-01,-3.949079999999999813e-01,-6.933169999999999611e-01
1.262116451059579849e+05,-5.523599999999999621e-01,-3.949079999999999813e-01,-6.933169999999999611e-01
1.262399140874743462e+05,-6.203610000000000513e-01,-5.082020000000000426e-01,-7.901460000000000150e-01
1.265226039927005768e+05,-6.203610000000000513e-01,-5.082020000000000426e-01,-7.901460000000000150e-01
1.270817017626762390e+05,-6.158339999999999925e-01,-4.873190000000000022e-01,-7.672160000000000091e-01
1.271633677569627762e+05,-6.161900000000000155e-01,-4.874229999999999952e-01,-7.672160000000000091e-01
1.271916367385387421e+05,-6.200870000000000548e-01,-5.102780000000000094e-01,-7.922259999999999858e-01
1.272952896941304207e+05,-6.200870000000000548e-01,-5.102780000000000094e-01,-7.922259999999999858e-01
1.277852855004072189e+05,-6.200870000000000548e-01,-5.102780000000000094e-01,-7.922259999999999858e-01
1.277978495010137558e+05,-6.854839999999999822e-01,-5.786769999999999969e-01,-8.395169999999999577e-01
1.278261184925436974e+05,-7.492870000000000363e-01,-6.468300000000000161e-01,-8.828850000000000309e-01
1.278795154753923416e+05,-7.492870000000000363e-01,-6.468300000000000161e-01,-8.828850000000000309e-01
1.280679754254221916e+05,-6.854839999999999822e-01,-5.786769999999999969e-01,-8.395169999999999577e-01
1.282124613631963730e+05,-6.853500000000000147e-01,-5.751429999999999598e-01,-8.382190000000000474e-01
1.284040622835755348e+05,-6.838999999999999524e-01,-5.750680000000000236e-01,-8.380990000000000384e-01
1.285799582329392433e+05,-7.482830000000000314e-01,-6.471580000000000110e-01,-8.832539999999999836e-01
1.286459192163944244e+05,-7.451269999999999838e-01,-6.470559999999999645e-01,-8.828850000000000309e-01
1.287872641640305519e+05,-7.451269999999999838e-01,-6.470559999999999645e-01,-8.828850000000000309e-01
1.289097631105780602e+05,-7.451269999999999838e-01,-6.470559999999999645e-01,-8.828850000000000309e-01
1.289505961027741432e+05,-7.451269999999999838e-01,-6.470559999999999645e-01,-8.828850000000000309e-01
1.294437328993082047e+05,-6.793080000000000229e-01,-5.744850000000000234e-01,-8.352089999999999792e-01
1.294814249012470245e+05,-6.793080000000000229e-01,-5.744850000000000234e-01,-8.352089999999999792e-01
1.297295638045668602e+05,-6.791970000000000507e-01,-5.751300000000000301e-01,-8.367240000000000233e-01
1.298175117692947388e+05,-6.139959999999999862e-01,-4.875349999999999961e-01,-7.671829999999999483e-01
1.299557157366871834e+05,-6.139959999999999862e-01,-4.875349999999999961e-01,-7.671829999999999483e-01
1.301221886656880379e+05,-5.491049999999999542e-01,-4.132390000000000230e-01,-7.086430000000000229e-01
1.302384056418538094e+05,-5.491049999999999542e-01,-4.132390000000000230e-01,-7.086430000000000229e-01
1.305085315363407135e+05,-5.491049999999999542e-01,-4.132390000000000230e-01,-7.086430000000000229e-01
1.307817984609603882e+05,-5.491049999999999542e-01,-4.132390000000000230e-01,-7.086430000000000229e-01
1.313848702034354210e+05,-4.781050000000000022e-01,-3.404889999999999861e-01,-6.448610000000000175e-01
1.316015991349220276e+05,-4.143020000000000036e-01,-2.601350000000000051e-01,-5.828999999999999737e-01
1.319848010054826736e+05,-4.122999999999999998e-01,-2.543050000000000033e-01,-5.782310000000000505e-01
1.320664669698476791e+05,-4.090590000000000059e-01,-2.627140000000000031e-01,-5.832600000000000007e-01
1.321167229326367378e+05,-4.748839999999999728e-01,-3.353039999999999909e-01,-6.424609999999999488e-01
1.323711438562273979e+05,-4.756400000000000072e-01,-3.353039999999999909e-01,-6.413440000000000252e-01
1.324528098206520081e+05,-4.756400000000000072e-01,-3.353039999999999909e-01,-6.413440000000000252e-01
1.328328706909418106e+05,-4.756400000000000072e-01,-3.353039999999999909e-01,-6.413440000000000252e-01
1.332129315813183784e+05,-5.449150000000000382e-01,-4.153229999999999977e-01,-7.106179999999999719e-01
1.332977385259866714e+05,-4.731029999999999958e-01,-3.353610000000000202e-01,-6.381620000000000070e-01
1.333197255370616913e+05,-4.731029999999999958e-01,-3.353610000000000202e-01,-6.381620000000000070e-01
1.334704934651851654e+05,-4.731029999999999958e-01,-3.353610000000000202e-01,-6.381620000000000070e-01
1.334767754655480385e+05,-4.731029999999999958e-01,-3.353610000000000202e-01,-6.381620000000000070e-01
1.335867104114294052e+05,-4.072660000000000169e-01,-2.646060000000000079e-01,-5.802220000000000155e-01
1.336526713949441910e+05,-4.072660000000000169e-01,-2.646060000000000079e-01,-5.802220000000000155e-01
1.336620943855047226e+05,-4.072660000000000169e-01,-2.646060000000000079e-01,-5.802220000000000155e-01
1.338882463076114655e+05,-3.413660000000000028e-01,-1.856849999999999890e-01,-5.119259999999999922e-01
1.344284981364607811e+05,-2.770239999999999925e-01,-1.105700000000000016e-01,-4.466169999999999862e-01
1.348650969899296761e+05,-2.770239999999999925e-01,-1.105700000000000016e-01,-4.466169999999999862e-01
1.349341989536881447e+05,-2.797189999999999954e-01,-1.102100000000000024e-01,-4.483289999999999775e-01
1.349373399737477303e+05,-2.839550000000000129e-01,-1.246400000000000008e-01,-4.683800000000000185e-01
1.350755439012646675e+05,-2.839550000000000129e-01,-1.246400000000000008e-01,-4.683800000000000185e-01
1.353582337763905525e+05,-2.839550000000000129e-01,-1.246400000000000008e-01,-4.683800000000000185e-01
1.355247067252993584e+05,-2.809579999999999855e-01,-1.279399999999999982e-01,-4.717049999999999854e-01
1.356440646816492081e+05,-2.800540000000000251e-01,-1.275260000000000005e-01,-4.717049999999999854e-01
1.357477176272869110e+05,-2.809579999999999855e-01,-1.279399999999999982e-01,-4.717049999999999854e-01
1.358984855852723122e+05,-3.472199999999999731e-01,-1.960419999999999940e-01,-5.298850000000000504e-01
1.361026505063176155e+05,-3.472199999999999731e-01,-1.960419999999999940e-01,-5.298850000000000504e-01
1.362628414548635483e+05,-3.498999999999999888e-01,-1.961970000000000103e-01,-5.298850000000000504e-01
1.366460433254241943e+05,-3.498999999999999888e-01,-1.961970000000000103e-01,-5.298850000000000504e-01
1.370952061395049095e+05,-2.839550000000000129e-01,-1.246400000000000008e-01,-4.683800000000000185e-01
1.371831541042327881e+05,-2.839550000000000129e-01,-1.246400000000000008e-01,-4.683800000000000185e-01
1.372459740676283836e+05,-2.839550000000000129e-01,-1.246400000000000008e-01,-4.683800000000000185e-01
1.372553970881104469e+05,-2.862689999999999957e-01,-1.246400000000000008e-01,-4.682720000000000216e-01
1.377453928943872452e+05,-2.846549999999999914e-01,-1.075460000000000027e-01,-4.483289999999999775e-01
1.379401348348259926e+05,-2.869369999999999976e-01,-1.238589999999999969e-01,-4.640549999999999953e-01
1.380846207626461983e+05,-2.869369999999999976e-01,-1.238589999999999969e-01,-4.640549999999999953e-01
1.382322477105259895e+05,-2.869369999999999976e-01,-1.238589999999999969e-01,-4.640549999999999953e-01
1.383892976788878441e+05,-2.913569999999999771e-01,-1.286400000000000043e-01,-4.718589999999999729e-01
1.388761524749994278e+05,-3.567379999999999995e-01,-1.967689999999999995e-01,-5.298850000000000504e-01
1.390928813866376877e+05,-3.567379999999999995e-01,-1.857620000000000104e-01,-5.197770000000000445e-01
1.392624953356981277e+05,-3.567379999999999995e-01,-1.857620000000000104e-01,-5.197770000000000445e-01
1.393630073010921478e+05,-3.567379999999999995e-01,-1.857620000000000104e-01,-5.197770000000000445e-01
1.393975582829713821e+05,-3.587529999999999886e-01,-2.145120000000000082e-01,-5.500720000000000054e-01
1.397933241441249847e+05,-2.913569999999999771e-01,-1.220210000000000045e-01,-4.673559999999999937e-01
1.397964651343822479e+05,-3.587529999999999886e-01,-2.145120000000000082e-01,-5.500720000000000054e-01
1.398404391266703606e+05,-2.921670000000000100e-01,-1.377510000000000123e-01,-4.816579999999999750e-01
1.399001180998682976e+05,-3.587529999999999886e-01,-2.145120000000000082e-01,-5.500720000000000054e-01
1.399535150827169418e+05,-3.587529999999999886e-01,-2.145120000000000082e-01,-5.500720000000000054e-01
1.399849250544905663e+05,-4.239729999999999888e-01,-2.554159999999999764e-01,-5.810370000000000257e-01
1.399880660645961761e+05,-4.257989999999999831e-01,-2.758479999999999821e-01,-5.994140000000000024e-01
1.400288990467786789e+05,-4.178189999999999960e-01,-2.625790000000000068e-01,-5.813169999999999726e-01
1.404749208807945251e+05,-3.537330000000000196e-01,-1.957810000000000106e-01,-5.269399999999999640e-01
1.406916497824192047e+05,-3.567379999999999995e-01,-1.857620000000000104e-01,-5.197770000000000445e-01
1.408832507126331329e+05,-3.627819999999999934e-01,-2.267409999999999981e-01,-5.605599999999999472e-01
1.409366476955413818e+05,-3.609800000000000231e-01,-2.145120000000000082e-01,-5.507379999999999498e-01
1.409900446783304214e+05,-3.587529999999999886e-01,-2.145120000000000082e-01,-5.500720000000000054e-01
1.410057496691942215e+05,-3.587529999999999886e-01,-2.145120000000000082e-01,-5.500720000000000054e-01
1.413386955370306969e+05,-3.587529999999999886e-01,-2.145120000000000082e-01,-5.500720000000000054e-01
1.414643355037570000e+05,-3.587529999999999886e-01,-2.145120000000000082e-01,-5.500720000000000054e-01
1.418506783545017242e+05,-3.600639999999999952e-01,-1.928169999999999884e-01,-5.267340000000000355e-01
1.418569603448510170e+05,-3.600639999999999952e-01,-1.928169999999999884e-01,-5.267340000000000355e-01
1.420925352674722672e+05,-3.600639999999999952e-01,-1.928169999999999884e-01,-5.267340000000000355e-01
1.422370212351679802e+05,-2.943979999999999930e-01,-1.576670000000000016e-01,-5.000980000000000425e-01
1.424914421188235283e+05,-3.600639999999999952e-01,-1.928169999999999884e-01,-5.267340000000000355e-01
1.433457937846183777e+05,-3.600639999999999952e-01,-1.928169999999999884e-01,-5.267340000000000355e-01
1.436127786889076233e+05,-3.627819999999999934e-01,-2.267409999999999981e-01,-5.605599999999999472e-01
1.436316246600747108e+05,-3.627819999999999934e-01,-2.267409999999999981e-01,-5.605599999999999472e-01
1.440807875041365623e+05,-3.627819999999999934e-01,-2.267409999999999981e-01,-5.605599999999999472e-01
1.448189222137331963e+05,-3.612679999999999780e-01,-2.252109999999999945e-01,-5.593920000000000003e-01
1.450105231639146805e+05,-3.587529999999999886e-01,-1.967689999999999995e-01,-5.298429999999999529e-01
1.453968660046458244e+05,-2.923970000000000180e-01,-1.261269999999999891e-01,-4.683800000000000185e-01
1.455821849545836449e+05,-2.923970000000000180e-01,-1.261269999999999891e-01,-4.683800000000000185e-01
1.455947489552497864e+05,-3.612679999999999780e-01,-2.252109999999999945e-01,-5.593920000000000003e-01
1.456481459380984306e+05,-2.951309999999999767e-01,-1.586339999999999972e-01,-5.014889999999999626e-01
1.460407707792520523e+05,-2.923970000000000180e-01,-1.261269999999999891e-01,-4.683800000000000185e-01
1.468323024916052818e+05,-3.587529999999999886e-01,-1.967689999999999995e-01,-5.298429999999999529e-01
1.469548014282584190e+05,-2.943979999999999930e-01,-1.576670000000000016e-01,-5.000980000000000425e-01
1.470458904030323029e+05,-3.600639999999999952e-01,-1.928169999999999884e-01,-5.267340000000000355e-01
1.471244153772592545e+05,-3.587529999999999886e-01,-1.967689999999999995e-01,-5.298429999999999529e-01
1.471589663591384888e+05,-4.243270000000000097e-01,-2.650620000000000198e-01,-5.883089999999999709e-01
1.473348622985482216e+05,-4.243270000000000097e-01,-2.650620000000000198e-01,-5.883089999999999709e-01
1.474762072461843491e+05,-4.257989999999999831e-01,-2.758479999999999821e-01,-5.994140000000000024e-01
1.475453092098832130e+05,-4.214589999999999725e-01,-2.625790000000000068e-01,-5.852579999999999449e-01
1.477117821488380432e+05,-4.214589999999999725e-01,-2.625790000000000068e-01,-5.852579999999999449e-01
1.477620381414294243e+05,-4.178189999999999960e-01,-2.625790000000000068e-01,-5.813169999999999726e-01
1.477651791316270828e+05,-4.212500000000000133e-01,-2.672910000000000008e-01,-5.915859999999999452e-01
1.479285110704302788e+05,-4.902699999999999836e-01,-3.435460000000000180e-01,-6.547460000000000502e-01
1.479724850627183914e+05,-4.902699999999999836e-01,-3.435460000000000180e-01,-6.547460000000000502e-01
1.480353050361275673e+05,-4.902699999999999836e-01,-3.435460000000000180e-01,-6.547460000000000502e-01
1.480855610287785530e+05,-4.930599999999999983e-01,-3.419530000000000070e-01,-6.551259999999999861e-01
1.481546629925370216e+05,-4.930599999999999983e-01,-3.419530000000000070e-01,-6.551259999999999861e-01
1.483965199155211449e+05,-5.531500000000000306e-01,-4.184910000000000019e-01,-7.139750000000000263e-01
1.486509408191442490e+05,-5.562859999999999472e-01,-4.219769999999999910e-01,-7.204009999999999581e-01
1.487137607925534248e+05,-6.201870000000000438e-01,-5.107610000000000205e-01,-7.921899999999999498e-01
1.489242077137231827e+05,-6.853970000000000340e-01,-5.812899999999999734e-01,-8.395169999999999577e-01
1.490404246600270271e+05,-6.853970000000000340e-01,-5.812899999999999734e-01,-8.395169999999999577e-01
1.491503596059679985e+05,-7.493570000000000508e-01,-6.517749999999999932e-01,-8.895039999999999614e-01
1.495618304679393768e+05,-7.529529999999999834e-01,-6.563849999999999962e-01,-8.920500000000000096e-01
1.496686244137883186e+05,-6.916550000000000198e-01,-5.828349999999999920e-01,-8.420189999999999619e-01
1.501177872478365898e+05,-6.259559999999999569e-01,-5.174499999999999655e-01,-7.972369999999999735e-01
1.503659261711239815e+05,-5.588060000000000249e-01,-4.190619999999999901e-01,-7.137419999999999876e-01
1.505481040909290314e+05,-5.623839999999999950e-01,-4.489380000000000037e-01,-7.457679999999999865e-01
1.507773970031142235e+05,-6.259559999999999569e-01,-5.174499999999999655e-01,-7.972369999999999735e-01
1.508182299853563309e+05,-6.259559999999999569e-01,-5.174499999999999655e-01,-7.972369999999999735e-01
1.511637398438453674e+05,-5.588260000000000449e-01,-4.021509999999999807e-01,-6.980880000000000418e-01
1.511731628543138504e+05,-6.224410000000000220e-01,-4.805599999999999872e-01,-7.578070000000000084e-01
1.513710457649827003e+05,-5.588260000000000449e-01,-4.021509999999999807e-01,-6.980880000000000418e-01
1.514370067484974861e+05,-5.623839999999999950e-01,-4.489380000000000037e-01,-7.457679999999999865e-01
1.515343777236342430e+05,-6.259559999999999569e-01,-5.174499999999999655e-01,-7.972369999999999735e-01
1.518139265987873077e+05,-6.259559999999999569e-01,-5.174499999999999655e-01,-7.972369999999999735e-01
1.519898225381970406e+05,-5.562859999999999472e-01,-4.219769999999999910e-01,-7.204009999999999581e-01
1.521625774874091148e+05,-5.562859999999999472e-01,-4.219769999999999910e-01,-7.204009999999999581e-01
1.527530852391123772e+05,-5.562859999999999472e-01,-4.219769999999999910e-01,-7.204009999999999581e-01
1.529101351675391197e+05,-4.952739999999999920e-01,-3.404159999999999964e-01,-6.551259999999999861e-01
1.529980831322669983e+05,-4.315459999999999852e-01,-2.954689999999999817e-01,-6.215309999999999446e-01
1.531582740708589554e+05,-4.952739999999999920e-01,-3.404159999999999964e-01,-6.551259999999999861e-01
1.534880789485573769e+05,-4.952739999999999920e-01,-3.404159999999999964e-01,-6.551259999999999861e-01
1.535760269132852554e+05,-4.952739999999999920e-01,-3.404159999999999964e-01,-6.551259999999999861e-01
1.537958968350887299e+05,-4.248109999999999942e-01,-2.684219999999999939e-01,-5.902290000000000036e-01
1.538147428359985352e+05,-3.606690000000000174e-01,-1.982790000000000108e-01,-5.298239999999999617e-01
1.540597407591342926e+05,-3.606690000000000174e-01,-1.982790000000000108e-01,-5.298239999999999617e-01
1.541257017127275467e+05,-3.575079999999999925e-01,-1.991209999999999924e-01,-5.325250000000000261e-01
1.543424306342601776e+05,-3.575079999999999925e-01,-1.991209999999999924e-01,-5.325250000000000261e-01
1.544052505977153778e+05,-2.933350000000000124e-01,-1.390369999999999939e-01,-4.816579999999999750e-01
1.547256324847936630e+05,-2.918689999999999896e-01,-1.389960000000000084e-01,-4.819100000000000050e-01
1.548795414130687714e+05,-2.918689999999999896e-01,-1.389960000000000084e-01,-4.819100000000000050e-01
1.551245393162965775e+05,-2.918689999999999896e-01,-1.389960000000000084e-01,-4.819100000000000050e-01
1.551339622967839241e+05,-2.918689999999999896e-01,-1.389960000000000084e-01,-4.819100000000000050e-01
1.553444092380404472e+05,-2.918689999999999896e-01,-1.389960000000000084e-01,-4.819100000000000050e-01
1.553632552290558815e+05,-2.273529999999999995e-01,-7.850100000000000133e-02,-4.273649999999999949e-01
1.554983181762695312e+05,-2.214889999999999914e-01,-4.979700000000000099e-02,-4.012129999999999863e-01
1.555705611601471901e+05,-2.865690000000000182e-01,-1.140970000000000040e-01,-4.593960000000000266e-01
1.557653030707240105e+05,-3.511179999999999857e-01,-1.970250000000000057e-01,-5.294619999999999882e-01
1.561108129491209984e+05,-3.502819999999999823e-01,-2.021920000000000106e-01,-5.408589999999999787e-01
1.561579279316663742e+05,-3.502819999999999823e-01,-2.021920000000000106e-01,-5.408589999999999787e-01
1.562490169064998627e+05,-2.862999999999999989e-01,-1.105929999999999969e-01,-4.595870000000000233e-01
1.562992728792428970e+05,-3.502819999999999823e-01,-2.021920000000000106e-01,-5.408589999999999787e-01
1.563495288718938828e+05,-3.502819999999999823e-01,-2.021920000000000106e-01,-5.408589999999999787e-01
1.565034378101229668e+05,-4.152739999999999765e-01,-2.691140000000000199e-01,-5.982950000000000212e-01
1.568269606875181198e+05,-3.548229999999999995e-01,-2.009100000000000052e-01,-5.295630000000000059e-01
1.572509955202341080e+05,-3.548229999999999995e-01,-2.009100000000000052e-01,-5.295630000000000059e-01
1.573546484758853912e+05,-2.904129999999999767e-01,-1.348620000000000096e-01,-4.712459999999999982e-01
1.573734944669008255e+05,-3.474160000000000026e-01,-2.000659999999999938e-01,-5.242210000000000480e-01
1.574268914597630501e+05,-2.841090000000000004e-01,-1.418770000000000031e-01,-4.741339999999999999e-01
1.574520194510221481e+05,-2.904669999999999752e-01,-1.348620000000000096e-01,-4.712459999999999982e-01
1.576404793812036514e+05,-3.548229999999999995e-01,-2.009100000000000052e-01,-5.295630000000000059e-01
1.578100933102965355e+05,-4.182310000000000194e-01,-2.697499999999999898e-01,-5.881250000000000089e-01
1.580393862226009369e+05,-4.152739999999999765e-01,-2.691140000000000199e-01,-5.982950000000000212e-01
1.580613732337355614e+05,-4.134979999999999767e-01,-2.633389999999999898e-01,-5.812460000000000404e-01
1.580707962242364883e+05,-4.134979999999999767e-01,-2.633389999999999898e-01,-5.812460000000000404e-01
1.580802192047834396e+05,-4.603400000000000269e-01,-3.097520000000000273e-01,-6.248359999999999470e-01
1.581901541805863380e+05,-5.123069999999999569e-01,-3.800149999999999917e-01,-6.901310000000000500e-01
1.582309871628284454e+05,-4.943420000000000036e-01,-3.657290000000000263e-01,-6.860469999999999624e-01
1.583723321104049683e+05,-4.749390000000000001e-01,-3.410079999999999778e-01,-6.712270000000000181e-01
1.583880371012687683e+05,-4.545250000000000123e-01,-3.173429999999999862e-01,-6.583930000000000060e-01
1.585262410586476326e+05,-5.133520000000000305e-01,-3.755780000000000229e-01,-7.085829999999999629e-01
1.585293820488452911e+05,-4.923549999999999871e-01,-3.507730000000000015e-01,-6.959429999999999783e-01
1.586707269964814186e+05,-4.704160000000000008e-01,-3.271749999999999936e-01,-6.855329999999999480e-01
1.588466229159235954e+05,-4.462420000000000275e-01,-2.891509999999999914e-01,-6.616400000000000059e-01
1.589063018891215324e+05,-4.200530000000000097e-01,-2.534009999999999874e-01,-6.413400000000000212e-01
1.589157248995304108e+05,-3.915799999999999836e-01,-2.193289999999999962e-01,-6.217770000000000241e-01
1.590916208389997482e+05,-4.627169999999999894e-01,-3.067429999999999879e-01,-6.999319999999999986e-01
1.592769397788643837e+05,-5.466159999999999908e-01,-3.866200000000000192e-01,-7.662529999999999619e-01
1.593680287238359451e+05,-5.192520000000000469e-01,-3.581610000000000071e-01,-7.566439999999999833e-01
1.594151437063217163e+05,-4.877619999999999734e-01,-3.349110000000000142e-01,-7.546760000000000135e-01
